luminosity_distance
1.126074963742433511e+03
9.419010295749544639e+02
9.154741592483107979e+02
6.452043366187299398e+02
1.286969311895493775e+03
1.275352478691539091e+03
1.212844856583524461e+03
6.104122704039855307e+02
1.315274065279473234e+03
7.728520633221148728e+02
9.949348374376829724e+02
6.703132737713823417e+02
8.779945102759323845e+02
7.701204130758579822e+02
9.699560632154785935e+02
9.097504225556496067e+02
1.217564800228347849e+03
9.572257789814119633e+02
1.176222046326678083e+03
1.001709822927489768e+03
1.036435212022438236e+03
1.380801095442402129e+03
1.143831646402231627e+03
1.202682554076616270e+03
9.239931208253844943e+02
9.289669614907356845e+02
1.110146154919841592e+03
9.815422261619420397e+02
1.265861778210676221e+03
1.336366694730860445e+03
9.817830351841723768e+02
8.540463627274351666e+02
1.123755699431084395e+03
5.493214592394597275e+02
1.036642271952827969e+03
1.244725214887699394e+03
1.072876013579067148e+03
1.066754110235562166e+03
1.093965663939698516e+03
1.074839496900882978e+03
1.001050175906734125e+03
1.003777531899148244e+03
1.128204394606633059e+03
1.280443292530356757e+03
1.456128917405671018e+03
1.164231178412814870e+03
1.315583431213010499e+03
1.301390418086066347e+03
1.323086036715069440e+03
1.019192941652911259e+03
8.314224499076045731e+02
9.139399670937758628e+02
1.075004174623578365e+03
9.337537160381666581e+02
1.087620232030282068e+03
1.068500145852236756e+03
8.707128313708973337e+02
7.620729889011503246e+02
1.136420765480883574e+03
1.191191685002466784e+03
1.296261403859184384e+03
1.140272913894781823e+03
1.229015491189484237e+03
5.579830074156797082e+02
5.858034973977639766e+02
1.374274323045445499e+03
1.174417497250007045e+03
6.695321780648890808e+02
1.196537025155833589e+03
1.380541968357362748e+03
1.205760115165976686e+03
1.155383090213951846e+03
5.363163254246109091e+02
9.646083679260704002e+02
1.205468765825100718e+03
6.238776938164248804e+02
6.187703107409736276e+02
9.475658722627471207e+02
8.366664873544638112e+02
1.050506052824497601e+03
1.153448610240463495e+03
1.177275037400060910e+03
9.026978060712903016e+02
1.049283786104923365e+03
1.106757028154180716e+03
1.133352021921639334e+03
1.070419337717283724e+03
7.954316691777290771e+02
8.326631001346356697e+02
9.386379901552749061e+02
8.256034304110139601e+02
6.445126628053652666e+02
1.187320549863413817e+03
8.460602595236662182e+02
1.019524452806251361e+03
1.008405096873204798e+03
9.762279600249962641e+02
1.194654878712155778e+03
6.002364949962021683e+02
1.094098022159496395e+03
7.001911961182969435e+02
9.336682320472294805e+02
1.339062030959507638e+03
6.510621264846855638e+02
1.013834900898426213e+03
8.170397661306172949e+02
5.672281261231858025e+02
1.211915980399535783e+03
1.176864132560805729e+03
7.080469262769330498e+02
9.952072637094311176e+02
9.206303762336392538e+02
9.991374400144330821e+02
1.247386697626395517e+03
1.316956608162323391e+03
1.181428524909466660e+03
8.672654263192496273e+02
1.004253368049885580e+03
9.748980690674874268e+02
9.886402598437923643e+02
1.297256095525096725e+03
5.844288490434456662e+02
8.796002856538202650e+02
8.038373200298807433e+02
9.647049199531826389e+02
7.941942192959621707e+02
1.395195260329584471e+03
9.623130235835777739e+02
8.234842107692893478e+02
1.000144167787169636e+03
1.277529698888775783e+03
8.926012873241069201e+02
1.136678020485137722e+03
9.522892216533600731e+02
1.154393081515193899e+03
1.047856184113884183e+03
1.132159713732943374e+03
1.095344730817820846e+03
1.064186388952606421e+03
9.631091299253897660e+02
9.117927196105791836e+02
7.023264990109794326e+02
1.010043995612352660e+03
7.949771241611753112e+02
8.142428839990137703e+02
9.303728744675556754e+02
1.242044505686542834e+03
8.403068349436535982e+02
1.015680556434150844e+03
1.111941907884048305e+03
1.069312042502327813e+03
1.059469798672383149e+03
1.060164207955940583e+03
5.789741557936099525e+02
7.661856853113672514e+02
1.186263235561649708e+03
9.163539676507754166e+02
9.839041503906337311e+02
6.139904819504362194e+02
1.209552080854432006e+03
1.218022302555562874e+03
9.858920583441368990e+02
8.966751301502058595e+02
8.761717769711345909e+02
1.002337792634975358e+03
1.046162052594568650e+03
1.154234301354635591e+03
1.139245243006148030e+03
1.231685316112520923e+03
1.196395727632079797e+03
1.042127470627451430e+03
1.037734106935230102e+03
1.215892248075061843e+03
1.009020190181233261e+03
9.278027198754408573e+02
9.934839817972620040e+02
9.029314134986116187e+02
1.039786788045730873e+03
9.000030064626473632e+02
1.322653898734547056e+03
1.052882712172804077e+03
6.595970004688432482e+02
8.991633356529118828e+02
5.445936502454312631e+02
4.492408621028549760e+02
6.162901627798780737e+02
5.203506630058814153e+02
1.144721347290330868e+03
6.190554442014577035e+02
9.994259449539454181e+02
1.067426511917763946e+03
1.005077881830560955e+03
1.108214748709355035e+03
1.107108965861924389e+03
1.146296524173908210e+03
9.346777539861531068e+02
7.995286635573980902e+02
1.065284548626556216e+03
1.032674151861367591e+03
8.066674056666187198e+02
6.421321602032136298e+02
1.053925932132941625e+03
8.383713042976274892e+02
6.924393583753670782e+02
8.656390036870782296e+02
6.381476916809466502e+02
1.377448015341173914e+03
8.597256870611479371e+02
1.160920004522358113e+03
1.283117281352862619e+03
1.013665533889118933e+03
9.110675874242012924e+02
6.002689042586792993e+02
5.439970577633509947e+02
9.425203056248296889e+02
9.921212051084612540e+02
1.162609526073931193e+03
6.468442314253766199e+02
9.647358384055532952e+02
1.142622687249222963e+03
9.487764146403320638e+02
8.708250311722667902e+02
1.158060467373385563e+03
1.348221096563451283e+03
1.218295595954317832e+03
9.387475254651404839e+02
8.528062797253851386e+02
6.642016982565780836e+02
8.725260710575405483e+02
5.075017142070853993e+02
1.322679437822204363e+03
1.257288436851783672e+03
6.970538431919079585e+02
1.149023730479412279e+03
9.642196224800637765e+02
1.311270094862747783e+03
9.601249571948326320e+02
1.550409917919132567e+03
7.971356791942379232e+02
6.798202412589995447e+02
9.706514202383955308e+02
1.081328088296729902e+03
1.443221896019695578e+03
5.885324963773202853e+02
1.204785104403542391e+03
8.469898503361054054e+02
6.017853181318172346e+02
1.357909498217189139e+03
8.927032977205192310e+02
1.189188854717043796e+03
7.644605393256472325e+02
1.366073995353059672e+03
1.331721533130400076e+03
6.789239352377146588e+02
1.129879612885558345e+03
8.131701665925929774e+02
6.265906771690501955e+02
1.074510962224110472e+03
1.276903533963218024e+03
8.437824416285402549e+02
1.387371436549655755e+03
1.110832340381002041e+03
1.074170593092173931e+03
1.065188441652419897e+03
5.707534152258208451e+02
8.073370490326778963e+02
1.069014946277555055e+03
7.953053926930631405e+02
1.390814883132188015e+03
9.008436270918602986e+02
7.407622635067810961e+02
8.698410370359092667e+02
8.028660382347237601e+02
9.765957940989510462e+02
9.369062885330502013e+02
1.208706805196435425e+03
1.163438988334012265e+03
9.800325208423113281e+02
1.201056794031634809e+03
1.287103954239458517e+03
1.086099827353605860e+03
1.034417142485885051e+03
7.463036484231201939e+02
1.197996060690283457e+03
1.000352063143116197e+03
6.587166747912621076e+02
9.384183922544096959e+02
9.458242011958752755e+02
9.118044118539012288e+02
9.363604244881903469e+02
9.030426868601825845e+02
9.538836683291814325e+02
1.078752943647839857e+03
7.629390181273021199e+02
9.680542857248721020e+02
9.803654419540667959e+02
9.201992322875412356e+02
5.774837300396920909e+02
1.196022531534258860e+03
1.125504627665038470e+03
1.156772278459420704e+03
9.782869924139972682e+02
1.047270762300306387e+03
1.127606474620506106e+03
6.836759779442714944e+02
1.099316030350826168e+03
7.409738673859993696e+02
9.727280416446819800e+02
6.239269144513352785e+02
9.197296361475051754e+02
1.043212619324723619e+03
7.549293623686240835e+02
7.284711286150798060e+02
9.640108113859047307e+02
8.254050558311706709e+02
8.918148059549087066e+02
7.694155610709150324e+02
1.114609400283279456e+03
5.360707794383347391e+02
1.220678189088891941e+03
9.247085801504124447e+02
5.558640294829378945e+02
8.538575624220910640e+02
1.086688253293694970e+03
7.324526957288123867e+02
1.233645803401141166e+03
1.304718902193408212e+03
9.871126509499785016e+02
1.011360727950967316e+03
1.250654997353951785e+03
8.009151053892312575e+02
1.277486317258943700e+03
1.101730807696782449e+03
1.080499707404703486e+03
8.305128387928210714e+02
7.576214897043710153e+02
7.055959594929573768e+02
4.498101999785112071e+02
9.104583977723419821e+02
9.098943260590360751e+02
8.944116309640062354e+02
1.354542058962455030e+03
4.952157961750075970e+02
8.503631094977666862e+02
1.304602973455848769e+03
6.769283410629119544e+02
1.067460656173474490e+03
1.443472433407080189e+03
9.490624566219844382e+02
7.986274999615677643e+02
1.244500754218706561e+03
1.185093210390409013e+03
8.421384988058244971e+02
1.126045811810792202e+03
1.306670598202503015e+03
1.285770123018932281e+03
1.236879792508935680e+03
8.318461733865988208e+02
1.327682950854800310e+03
1.003280247180039510e+03
4.553384823343324683e+02
6.918093282057434408e+02
6.249501549800688736e+02
1.254907509832433789e+03
6.379526152429973536e+02
1.089261225974316403e+03
8.471283897042748094e+02
4.930931648395469438e+02
7.578404830038795126e+02
9.524464776180427634e+02
9.236389530610769043e+02
1.113441037527466960e+03
7.275083607019387273e+02
1.134270330476501613e+03
1.088254525564232154e+03
9.588109560990211548e+02
1.168690238657458394e+03
9.820334895650405542e+02
9.788190628693720328e+02
8.804349328054775015e+02
1.102448596160698798e+03
8.188505436284647203e+02
9.558136785412552854e+02
1.037291468661391718e+03
9.300512242082805869e+02
1.011440878626225071e+03
1.149691595638233593e+03
1.022692985744761017e+03
6.443186773412932098e+02
8.527676901073399449e+02
1.165927154341797859e+03
1.372382893925174358e+03
1.035867157090293176e+03
9.312267684470356244e+02
2.698037076269829413e+02
1.253666351558374799e+03
9.510811924470232270e+02
5.223963835476100712e+02
6.973911835503373595e+02
1.143347409056612378e+03
1.100825148896349901e+03
1.091013573802695646e+03
1.139995275101747211e+03
1.063562364898722990e+03
8.058086188240508818e+02
1.211747043007353341e+03
7.298641149154631194e+02
9.096417154765141504e+02
8.934668406276020960e+02
9.049851159911546574e+02
8.572372518620555866e+02
1.258051989188695416e+03
1.114164291887969512e+03
9.956453826049568079e+02
8.215831265264621379e+02
1.301532821231233356e+03
7.091798096511647600e+02
9.245119349049327866e+02
8.335557169660078216e+02
8.098463187720205951e+02
8.291998049655385330e+02
1.339686781380540651e+03
1.176630337082843880e+03
1.030243108711618561e+03
1.369097012962401323e+03
7.696810196728920346e+02
1.023885489785521600e+03
4.997854633512570217e+02
7.000745232848270234e+02
1.308022982584453075e+03
7.632030289508287524e+02
6.820277903225627369e+02
7.824026710413855881e+02
6.977188727475161159e+02
1.335634784123115651e+03
7.475608793290582526e+02
1.043899522360237370e+03
6.834978720535810908e+02
1.084073037254754354e+03
1.250954552835793493e+03
8.661739570392921905e+02
1.089800046122024924e+03
1.107290545968331799e+03
1.185649028147887748e+03
1.175227145663303190e+03
1.193712446794484094e+03
1.135277388349448074e+03
8.800173589450537293e+02
1.016580548516832096e+03
9.912895032410497151e+02
8.550665602457202112e+02
9.458753317980886095e+02
1.098643911703161621e+03
1.385166307930348012e+03
1.042288336433098721e+03
1.163335586090691550e+03
8.980628518187303371e+02
5.684017262770711341e+02
5.513160542304935916e+02
6.036209303293029507e+02
1.033728479661653637e+03
6.104225757309021674e+02
7.957476853138540491e+02
1.127708390960486213e+03
8.404733403445233080e+02
9.910725200450341390e+02
1.560729225933287353e+03
1.060074993905425799e+03
9.649201536931253713e+02
1.091521879030972968e+03
1.092601506863205032e+03
1.071441025966948246e+03
1.062397012219483940e+03
1.237776846034399341e+03
6.910332618393836128e+02
1.015176648851843083e+03
1.234810051344956264e+03
1.084466207697974824e+03
1.353736625988560036e+03
8.463348469995861478e+02
1.199437988940967216e+03
9.989261098578380142e+02
1.065918383500705886e+03
1.073718876165826714e+03
6.090886283262919960e+02
7.214212587378702892e+02
7.913231430694441997e+02
8.124546568655329111e+02
7.863046102005388320e+02
1.588740490963150251e+03
9.152237756196240070e+02
1.143247164535844831e+03
8.120680015439157842e+02
1.519011072731230115e+03
1.219816406453809122e+03
1.146225376812026752e+03
1.238573923228573904e+03
1.048198680555399733e+03
9.147925075071439096e+02
1.036866890745960291e+03
7.959710716099723413e+02
5.609638093096821194e+02
6.350731191694528661e+02
6.974923928956426380e+02
1.155226160093422777e+03
4.952183652055203424e+02
1.064393275206645512e+03
6.523759008086440190e+02
1.210175225518051320e+03
1.161978710263859284e+03
1.246616099723813022e+03
7.825840194131543512e+02
1.016863259309006480e+03
9.935538793638620518e+02
1.189825422414143077e+03
6.926782289715574734e+02
1.265315924678709735e+03
7.988892346921060152e+02
1.364935243106515827e+03
1.037541943387832589e+03
8.975869949979272633e+02
1.010550883392785181e+03
7.934745858362340414e+02
1.157545861333142284e+03
1.070612413454469788e+03
6.685365510482843092e+02
1.064473581133123162e+03
1.085104989793869890e+03
1.271380337821130752e+03
1.090780877198180406e+03
1.384824241953642741e+03
1.054361719338613057e+03
1.024513478090362923e+03
8.173187379136785466e+02
1.195547428703296418e+03
1.120493264381223526e+03
9.373492652854214384e+02
1.049919266446692518e+03
9.529896098270676248e+02
6.947334281094385915e+02
9.684764517921607876e+02
8.005531824496210902e+02
5.807942982050540195e+02
9.921984946159439005e+02
8.160071126217402480e+02
1.012639528823921069e+03
9.359102859434040056e+02
1.172993972204259990e+03
8.003171639687974448e+02
6.465234063158576419e+02
1.183731197286825818e+03
9.479446660720566342e+02
1.061270331178677679e+03
1.149960953542157768e+03
1.174478174434780158e+03
1.142472101437801257e+03
1.212982847292252927e+03
9.233113132767318803e+02
5.525925816606668377e+02
9.197727826883782427e+02
1.504729993987233001e+03
7.681325281339168214e+02
1.084365040472837109e+03
8.057650504648026981e+02
1.094232785321579740e+03
9.183495944872590826e+02
9.765141143563473634e+02
9.155022565822839624e+02
1.075797946304059906e+03
8.312086142999044114e+02
1.176906567216232361e+03
1.082145816443489366e+03
7.375803394654762997e+02
1.090055617354080141e+03
1.038968424263231555e+03
9.329186632989841428e+02
1.359507382982135596e+03
8.969941973966077740e+02
8.788932524397498582e+02
1.134499445086446485e+03
1.167111600531634849e+03
9.814149256642208456e+02
1.212057673048891047e+03
1.022286965168136476e+03
7.128383979962469539e+02
8.479077445754983273e+02
6.204170957427572830e+02
6.993756338187093888e+02
1.053429706960638669e+03
1.035013447260425437e+03
9.540142180819862006e+02
1.066293816948278163e+03
9.875907219725858113e+02
6.856572719332112911e+02
8.431399377501627441e+02
1.042857118433890491e+03
1.090220039016609689e+03
9.570386543368413186e+02
9.674869481638777415e+02
1.106984758865165304e+03
1.006683190070661681e+03
1.157803174163216909e+03
1.195757496355389321e+03
7.609236104518006414e+02
1.254863730178808510e+03
1.109783358179375682e+03
7.173869402065090526e+02
1.080098580582631485e+03
5.600091230790613963e+02
1.139303792502586248e+03
1.256151242797802524e+03
9.250967991375987367e+02
9.761289053154506519e+02
1.187213877501823390e+03
1.177767575460377657e+03
1.310374021914642071e+03
9.758923291658028347e+02
8.955660653734991001e+02
1.100635312541664916e+03
9.167976242898238297e+02
7.822027675570283236e+02
9.371822076763509131e+02
1.223989749615221626e+03
9.539652176847449709e+02
9.112715735932564485e+02
4.717436816527696806e+02
1.136736954635915481e+03
1.133716833646562463e+03
8.793467567089501244e+02
9.384067374747803569e+02
4.753250590596904885e+02
5.856402339279243279e+02
1.110981416798527562e+03
6.769029527771647281e+02
1.316436467025759839e+03
9.755360157538157182e+02
1.238482406388773825e+03
9.197660205427989695e+02
9.033727319169089469e+02
9.478269941080184253e+02
8.760402864799400504e+02
1.427000757532902753e+03
7.351835625027238166e+02
6.022285492328402370e+02
1.165698691148729267e+03
1.122696881849677311e+03
1.108790592112883814e+03
7.797960505069211194e+02
9.465218262670267677e+02
1.120164063706266006e+03
7.592422410091388656e+02
9.227330076713703875e+02
1.103298956667244966e+03
1.089742768252326414e+03
9.599418083207048085e+02
1.027065915190156375e+03
9.219566421664625295e+02
7.238511738730128400e+02
6.651779631978143925e+02
1.240830206259451415e+03
9.696984681182702843e+02
6.331334521167093499e+02
1.145433070715254644e+03
1.041697459851770873e+03
1.160780915051042939e+03
1.148226995909233437e+03
1.026551071303114441e+03
1.179752423875320346e+03
1.410398243157505931e+03
5.154904364706842443e+02
1.104376274779949654e+03
1.271000483587574536e+03
1.048842148330093323e+03
8.476628224720865319e+02
1.051567979824068516e+03
1.025657826647958700e+03
1.282205277438411258e+03
1.190708313689199485e+03
1.194927849006292945e+03
5.602602260695349514e+02
7.519663861824568585e+02
1.022736788305826963e+03
1.028658524022518122e+03
9.242863585851625885e+02
8.205323568193404071e+02
8.844944984719439844e+02
1.181250975929606966e+03
1.051378077826563185e+03
9.301838421631127858e+02
1.030939835086873700e+03
1.008067724104278227e+03
5.124460492778633807e+02
7.772256903096122187e+02
8.852970570213893780e+02
5.533656606607005415e+02
1.139593066417622140e+03
8.131933724352145418e+02
8.902854978312714138e+02
4.980942600931905986e+02
7.721214387935797276e+02
9.861513552722423128e+02
1.178193800608371248e+03
1.029537184181897146e+03
1.172097982124518694e+03
9.888151908508098131e+02
1.014570008144020676e+03
1.079097264643506605e+03
1.020799491281306132e+03
5.501916520742586272e+02
1.002557440112884478e+03
1.225411514380356948e+03
8.934403340958921262e+02
1.077766568064178045e+03
1.041572329383455326e+03
9.580751612535096911e+02
1.083024689847024092e+03
8.025603015488934489e+02
7.206507595747051482e+02
5.095245048000925294e+02
1.323564604579455363e+03
9.080887452958984341e+02
1.016786137521738510e+03
8.711206845864003299e+02
8.831989934238506521e+02
1.215613429347713009e+03
1.107857931370455844e+03
9.719200708289807835e+02
7.833682575566245987e+02
7.181179629263878041e+02
1.110485025881990623e+03
7.890001079572282379e+02
1.096672940473640892e+03
8.913808934432004207e+02
1.049842337032470823e+03
9.365911091934012802e+02
1.331206394422664744e+03
7.973814193965913546e+02
5.368712739527776421e+02
1.315911391855731381e+03
7.455052293103108241e+02
4.958833835284891052e+02
1.255235917017160318e+03
8.821532535118108171e+02
7.364291520314466197e+02
8.665726578010994672e+02
1.004973942256121518e+03
1.097068628038472070e+03
1.010660640174730361e+03
7.177692377024981170e+02
9.346929879012780020e+02
9.273224987976253715e+02
8.000830743567174750e+02
1.000944105532021695e+03
9.999438644336441939e+02
9.039608326372948568e+02
8.194106710229102646e+02
1.218845650644265788e+03
6.198845524940229552e+02
9.632871223301403916e+02
5.065311309604188068e+02
7.232079173743636602e+02
1.309456020453799283e+03
1.084586208106495633e+03
4.889373716134613801e+02
6.281510342083767000e+02
5.148235880998424818e+02
1.234685839246187925e+03
1.416149547911278432e+03
8.425747876538893024e+02
1.001495329614711636e+03
4.132587485124217892e+02
1.076568439000903481e+03
1.256585308231010913e+03
1.112418889148020298e+03
8.395089993731006643e+02
1.239773995556172622e+03
1.100687359354699083e+03
8.302265629532581670e+02
7.469832271232519361e+02
6.167134591497934935e+02
7.323601724228441299e+02
5.451438869523963149e+02
1.126667575346036529e+03
8.336716385399633964e+02
1.115809611500691744e+03
8.840873124638372929e+02
1.223475023415304577e+03
1.118678580835474577e+03
4.773103071697611881e+02
9.653786477952533005e+02
1.093277728632780509e+03
6.813865220702006127e+02
1.154345193960142979e+03
1.325708327660103350e+03
1.270725607271809849e+03
1.144016355707208731e+03
4.364348448691495150e+02
1.164300058688062791e+03
5.777782200255910539e+02
1.200444653875880476e+03
1.009938680800417501e+03
9.873435939368849859e+02
1.038690129115054333e+03
9.930356359428444648e+02
9.522460644872760440e+02
1.167621636148875496e+03
7.928288189753526467e+02
8.401398753865711342e+02
1.184778428621478042e+03
1.064710335868902575e+03
9.559409165649756233e+02
1.204310317199236579e+03
8.997026615764644930e+02
6.136662320943297573e+02
1.095382951746768867e+03
1.250045658118504889e+03
1.057668657338317871e+03
1.345964378248276262e+03
1.043684681751183462e+03
9.482952002258128914e+02
6.535726269431927449e+02
6.808950687887609092e+02
9.597764540015948569e+02
9.873259862173491683e+02
1.009845762551566168e+03
7.766945248561578410e+02
9.752996534027693087e+02
1.100750616652065446e+03
1.014069558789522716e+03
8.146436796531063464e+02
7.923641385749270967e+02
8.845675865924374648e+02
1.222153895851277639e+03
1.175994951241852732e+03
1.073723372389886890e+03
1.036484440111075628e+03
1.011994159377921392e+03
9.594874756935618052e+02
1.210937284534312084e+03
9.329063587135859734e+02
1.191139752094064534e+03
6.298841464834351882e+02
1.037287074172019857e+03
1.005558593992382839e+03
9.560072419121623852e+02
8.243057647941398045e+02
9.562257898372605496e+02
7.790201530877874347e+02
4.967483939341956898e+02
1.180301613473702673e+03
1.200960315864903123e+03
8.367811360230276705e+02
1.061858574313239387e+03
9.639853304793690540e+02
1.057005508440743142e+03
7.840835908581626654e+02
9.077680498077241964e+02
1.163198984337145475e+03
1.176906193412156881e+03
5.311480287956464963e+02
6.012373500386987644e+02
1.068688209587666279e+03
7.454150738364884319e+02
1.319531619536099015e+03
8.939948409706120174e+02
1.057483766009931969e+03
8.326795682790107094e+02
1.040048477558773129e+03
1.002925944950682720e+03
1.208174645563391323e+03
1.238008550198421517e+03
1.096944941109113870e+03
1.111827660719312917e+03
1.153625112308876851e+03
1.099094419335422117e+03
1.218757287615941323e+03
1.088504464295402840e+03
6.654101790567492571e+02
9.714409754510812718e+02
1.167828480761406354e+03
1.041115464768050288e+03
7.201172518850794404e+02
8.869277292621646893e+02
1.157244670169737674e+03
1.086488359137890029e+03
1.222599494828494471e+03
8.482431312660102094e+02
9.751228440081533790e+02
9.603997255160962823e+02
7.351099996023270933e+02
9.942582634153834533e+02
1.144102186553434422e+03
8.393884585020743998e+02
1.051545555314620970e+03
8.923517243592056047e+02
1.026581908935303773e+03
1.346338724764096924e+03
9.573334666955371404e+02
9.170847200932369105e+02
9.036230039890010630e+02
1.094663063822722961e+03
1.061525053083958255e+03
1.318866618365461136e+03
9.180718394994895561e+02
6.463464550035528191e+02
1.123483799094821507e+03
7.878580887325621234e+02
1.214107285046103016e+03
1.156940636940322975e+03
1.158232499511489777e+03
1.048868981408254058e+03
8.850499512337811439e+02
1.056588383897299309e+03
1.077389731327673189e+03
1.215372155890742533e+03
1.115475560213869585e+03
5.134058335182645578e+02
1.046293688866330967e+03
9.658613032398521909e+02
7.623598166357459149e+02
1.224277021367600128e+03
1.265336546159909176e+03
1.182493319923259605e+03
9.590914204273050245e+02
9.619903209619861855e+02
1.076078357529270079e+03
1.111576249051462810e+03
9.701184216833174787e+02
1.261177564675130725e+03
1.470387597373138533e+03
1.023569868359183715e+03
1.263965071454905683e+03
1.164366140921737269e+03
1.031380375178350278e+03
9.202224160559388793e+02
1.041881042877904065e+03
1.097717947900900981e+03
1.303767539593590982e+03
9.538703799577632481e+02
1.317293999502189990e+03
1.113638494835176516e+03
1.179246491094292423e+03
7.676637144424681765e+02
1.089708896865636461e+03
1.192912215977770074e+03
9.548996875981391668e+02
9.793172499406186944e+02
8.421113598752850748e+02
5.092169631294561896e+02
9.947378896824793628e+02
8.695582468001093730e+02
8.944217724085546024e+02
1.162428756914177029e+03
1.227318533652243786e+03
7.045099760712786292e+02
8.066294660073739351e+02
7.633900208392585682e+02
6.291361417200904498e+02
1.209079562860557871e+03
1.038226257873763188e+03
1.089601658123386642e+03
1.114370605061237711e+03
6.876961865318014588e+02
1.100060119065025674e+03
1.183948226617888395e+03
6.306782272587931857e+02
7.159687787206739813e+02
5.335285241524705953e+02
1.443241779686439259e+03
9.866444824232124802e+02
1.246136018838059272e+03
1.191900991502536726e+03
7.332163795290463213e+02
1.048375528741856215e+03
1.162075108878265382e+03
1.039502563422564208e+03
7.715114749353655270e+02
6.316185495814843307e+02
8.944575964337250298e+02
9.446826065357320203e+02
1.253535560520133913e+03
1.218782455969466127e+03
1.037488141877049202e+03
8.481569979672797217e+02
9.856890908480941107e+02
1.232733900793176190e+03
1.307447192850586134e+03
1.470457693590937197e+03
8.258030752806580495e+02
8.561262480774433925e+02
6.790635763258934503e+02
8.548739786163334884e+02
1.130375715332730579e+03
5.701639172587916846e+02
1.191295122506313419e+03
9.184237532439190090e+02
1.160062374034518825e+03
9.379300247115858156e+02
7.914126599289475053e+02
8.176795011457893452e+02
1.363353470070278036e+03
7.361528498650468464e+02
6.972971441642522450e+02
1.116478688916478632e+03
5.832094851494384784e+02
1.357372755517488940e+03
8.313440005659059580e+02
1.055612071668158706e+03
7.607615760816482862e+02
7.959446337810389878e+02
1.107925273419049972e+03
6.880608020813403982e+02
1.123576246373439290e+03
6.415569979225359702e+02
8.037174215944443176e+02
1.058644251350079912e+03
1.276662476859617300e+03
1.064831987618478706e+03
1.260947646687144925e+03
1.032357452145538446e+03
7.025610913510453202e+02
1.245038410017164324e+03
7.094143327854349081e+02
1.210236868551080534e+03
7.868156799441375142e+02
6.738898379329087902e+02
1.226227415736134617e+03
8.209706732554122937e+02
9.474729613158774555e+02
7.595013114217335897e+02
9.776022320554988028e+02
1.257907075648726504e+03
6.395095974305226036e+02
1.007516983795573879e+03
6.257862330891753118e+02
1.052892905831206235e+03
1.087537215764106577e+03
1.012736942488741079e+03
5.886979030069045393e+02
7.777658780590567176e+02
8.572317312742414970e+02
6.328920558934229348e+02
1.252154088400698583e+03
1.206462537119290118e+03
1.389951208824138803e+03
1.127110105128497935e+03
8.122824949634537006e+02
1.028123525580150499e+03
1.026648727902361998e+03
1.075048659625538448e+03
4.080962698592021525e+02
9.445584011851668720e+02
8.913928834822627323e+02
8.978127799133731060e+02
8.273772650498824532e+02
1.259737614824543698e+03
9.638047711903876689e+02
7.879019397883822649e+02
9.169685805055779610e+02
7.602147081861273819e+02
9.339098956593801404e+02
8.432018920679460052e+02
1.055828829700724555e+03
8.993954043928764577e+02
9.039114458572781814e+02
1.151958506324988321e+03
1.059773865653595749e+03
1.200528264062886819e+03
9.786501617247289460e+02
9.561362735678635545e+02
6.800393954097545475e+02
1.068561949408224564e+03
4.896596986028822585e+02
1.007308759279865740e+03
9.790254791044036438e+02
1.364499149447369973e+03
1.048765987265219110e+03
1.072317186567979206e+03
1.179346488582819120e+03
9.485223847092192955e+02
7.689428458521455241e+02
1.442216803070992000e+03
7.022975539941608076e+02
1.268119055841984618e+03
1.035359780334236348e+03
1.059944470218823881e+03
1.124941439987107060e+03
6.998071713676041554e+02
1.155929834917677908e+03
9.917285909635313601e+02
7.997505171377968054e+02
6.373272436530374989e+02
6.110118907836186963e+02
8.615761316984121549e+02
5.199718178010673455e+02
1.076619175158749613e+03
7.404503055784953176e+02
8.756641628766723215e+02
9.531020441011955882e+02
1.115408487683204612e+03
9.825650534060589507e+02
6.689785528809491097e+02
6.182265000678603428e+02
1.079374527726408587e+03
8.126778893729451738e+02
1.209914598454769248e+03
1.443678836349151197e+03
8.017253471287010598e+02
8.654377940595444443e+02
1.049567492842608317e+03
8.414468427887303505e+02
1.207593385123306234e+03
1.259779943281600708e+03
5.907732278138274751e+02
8.192029774038403502e+02
1.328168951635689155e+03
8.384310430754088657e+02
1.046398674019174678e+03
8.738061040752058943e+02
1.069206446228163713e+03
1.105597839690116189e+03
1.526290557314914395e+03
6.835410974223424319e+02
9.703966934797633712e+02
1.135868081659017207e+03
1.060127764179854012e+03
9.930350060183325240e+02
7.892637426888258005e+02
9.990255064444202162e+02
9.644947685357990395e+02
1.243711561722170472e+03
1.311307510292599318e+03
8.039411910082342274e+02
1.014008323251786010e+03
1.067105751561347006e+03
8.449223044516319305e+02
8.997706600089647964e+02
1.026130983284851027e+03
1.002185737750931253e+03
1.011722944373739779e+03
7.225692296749001571e+02
7.696245357706728782e+02
6.748760844423015897e+02
4.338703793790793384e+02
1.317300440293832025e+03
1.041530193225604080e+03
9.141824654592423940e+02
1.156917485508229220e+03
1.178456772871232261e+03
1.019002049157592410e+03
1.083278032730723453e+03
1.050926217297789890e+03
1.109038387586495446e+03
1.422000213794678757e+03
1.411022762478092091e+03
1.359776005345302565e+03
1.153096126736219503e+03
8.586977336833670051e+02
8.881558729365686986e+02
1.158602510793443116e+03
1.031073649395959137e+03
7.402673242161934013e+02
6.748485560239297456e+02
1.448034857604558056e+03
9.407043078275038397e+02
9.635048212216618140e+02
1.239877786024897205e+03
1.397229433927796208e+03
1.319671086539913631e+03
9.532064948558891047e+02
5.655605769216105045e+02
8.157366093893191419e+02
1.000224252294531425e+03
5.768194144998531101e+02
1.038762051591522322e+03
5.762972864837526004e+02
9.884574646919284078e+02
1.049012430201325060e+03
9.973461271364712957e+02
5.924739114021283513e+02
8.330586108055786099e+02
1.258050205664573696e+03
1.266982263034950847e+03
1.081836743122603593e+03
1.426111052316151017e+03
7.773528256819348599e+02
9.572314215960980164e+02
1.126972998614252901e+03
7.387617563986465257e+02
1.028774385709189119e+03
6.731168489813813949e+02
1.280739592552625254e+03
9.114066868455221311e+02
7.745262546662092973e+02
8.286583078627771783e+02
1.095107240510826614e+03
1.285177431956085684e+03
1.060867563548030148e+03
9.831716817277718974e+02
1.053690336823194684e+03
9.920879713844217349e+02
1.117722622337096482e+03
8.249981752945407152e+02
1.306922158987918237e+03
7.476649541140878910e+02
6.475467586816280345e+02
1.039618850517227429e+03
1.037518921722800997e+03
1.300511059144720093e+03
1.147100957331110976e+03
7.894800744400590702e+02
7.310416530677504170e+02
1.197564872426691636e+03
1.163815924737793466e+03
6.430167194725515856e+02
9.292963557546172524e+02
1.158661820477346282e+03
1.297257531737731370e+03
6.167015306968140749e+02
1.541232989806293972e+03
1.103808861203984179e+03
5.738420724367148296e+02
1.075663391817150341e+03
1.025746060021237327e+03
5.405015982761773330e+02
1.072101749290620319e+03
1.012402337753304892e+03
1.108297838596560041e+03
1.188357220053993387e+03
1.114434803616369891e+03
1.005040008803487012e+03
6.625863377254319175e+02
1.170337859370027445e+03
7.577043006529100921e+02
1.311292692369061797e+03
9.033404775234491808e+02
1.226428157864761033e+03
1.261344019375398830e+03
1.188048899016441055e+03
9.051360971945206302e+02
9.442229263962802861e+02
9.431796901454559929e+02
1.040858743989273762e+03
1.337218893053429383e+03
1.002491262198573168e+03
7.912448233498015497e+02
9.060326730890783438e+02
9.826986612322174324e+02
9.462197771082231839e+02
7.429927449959170644e+02
7.717301387421731533e+02
8.858223769046935558e+02
1.052607528457146600e+03
1.122389750193947293e+03
7.854351664010090417e+02
1.289741814032274306e+03
9.733863149972844440e+02
1.248130576202733437e+03
1.082049097452193791e+03
1.236551409641873988e+03
1.068966245211537398e+03
7.616512720957648526e+02
1.070989894007342173e+03
1.001922996948577861e+03
1.172231924197050148e+03
1.299661939807527460e+03
8.075406740847745368e+02
4.815331452920514153e+02
1.101027395508172276e+03
7.646034394026805785e+02
1.261353280518010934e+03
9.667575835700289417e+02
1.144922771661449588e+03
1.048289141080969330e+03
8.810170648012872334e+02
8.719883260347259011e+02
1.134970381815033079e+03
8.218915264160316383e+02
1.187485463706624614e+03
1.071370667056703496e+03
1.101020003673173733e+03
1.240457967906144177e+03
5.924169098066856805e+02
7.962458407405742946e+02
8.434801068616875455e+02
1.058598639944652177e+03
1.108441223926303564e+03
1.314484706975914605e+03
7.292209141396887162e+02
8.996947174079923570e+02
1.199378799281307465e+03
1.224148436654992793e+03
1.117186133593113027e+03
1.080249083535235059e+03
8.682427205202278628e+02
1.172806482170031586e+03
8.900760435322215471e+02
8.972237969029612259e+02
3.080459286447855334e+02
1.381900269826905969e+03
1.155133130733833923e+03
1.324528946671260883e+03
8.759784946827861631e+02
1.172688832270707735e+03
5.246444521930073961e+02
6.175494111112109294e+02
1.081922984596694732e+03
8.810201728669507020e+02
9.441721979051624203e+02
8.858579089341028521e+02
9.395290621453885933e+02
9.518991399895472796e+02
1.206980931683805466e+03
8.598117711330576185e+02
7.316111161866211887e+02
1.119293859660623184e+03
8.249815379466811009e+02
8.143346234096578655e+02
1.483828870589007010e+03
9.791076138773988760e+02
1.223578831771668547e+03
8.191578155195435329e+02
1.309464783391443461e+03
1.225247739254466978e+03
1.078242592226386023e+03
1.179636916775613372e+03
9.529651039269957664e+02
6.615601082730985354e+02
1.054105397301384755e+03
1.506818905133552107e+03
1.018055081597742060e+03
8.669401332194107681e+02
8.363896341820573070e+02
1.176033788093823659e+03
1.041842846534314504e+03
1.105405744359760092e+03
9.863780417137987797e+02
1.371833382713792844e+03
8.113505116993035244e+02
1.106184450149177792e+03
9.038051145810209164e+02
1.199242803845246726e+03
8.134089595564951196e+02
6.271985792098896582e+02
8.520652606760368144e+02
1.134946624809402692e+03
1.119225570285162121e+03
6.053330513433159012e+02
8.978421655631365184e+02
1.059643673792999834e+03
9.453251795329661036e+02
8.063415579753324209e+02
9.494043211144639827e+02
9.080668275778947418e+02
9.800517714573112471e+02
9.793205393095311138e+02
1.220865012884933321e+03
9.971068706197178244e+02
6.437172435326323239e+02
1.225262049093043743e+03
9.180519472970854622e+02
1.127371771027189197e+03
9.404139131063816421e+02
4.362863529920552992e+02
9.934440726189120596e+02
8.693427030023535735e+02
9.337766196565502241e+02
1.049220987662158905e+03
1.318273292983326655e+03
9.556913345035316070e+02
9.244674940655417004e+02
6.463565012057400736e+02
1.102297412556742756e+03
9.333675796964826077e+02
3.594319292103694465e+02
9.690297778320923499e+02
8.487691014194338095e+02
1.059835744265571066e+03
8.992587577212726728e+02
8.102084623110985149e+02
1.035111202604413847e+03
1.135313980217538983e+03
8.167741541612830360e+02
1.463757781642145801e+03
1.337776663249278499e+03
7.446314276808723207e+02
9.757136035876487767e+02
1.067539982791873399e+03
1.144282570461658452e+03
7.569648034166316393e+02
7.682966952312854119e+02
1.075284461591635136e+03
7.162526495041440739e+02
8.264092645110323474e+02
1.243932329197738227e+03
9.194634983649373225e+02
1.210920022068910839e+03
6.453610246052143111e+02
9.602924691133281385e+02
1.189239535840291865e+03
1.073003931820661137e+03
1.146195422972659344e+03
1.182108547761865566e+03
1.289200411689265820e+03
1.474653981291701257e+03
9.940435649139684529e+02
1.121134674462293106e+03
1.057930795046956291e+03
1.052379211071009195e+03
8.945208021620119325e+02
1.369825025849439953e+03
1.086155529992751781e+03
1.254665541172346593e+03
9.675355519836463145e+02
1.143201965208105094e+03
5.800965689101886937e+02
1.027005877149169919e+03
5.536056658117272491e+02
1.398426165448733173e+03
1.099773109850639003e+03
1.080522480152555545e+03
1.267119595965553572e+03
9.290638853391368457e+02
1.009087307149576532e+03
1.226114730645109375e+03
1.427531525452230653e+03
8.959117651884756697e+02
1.064268236961658431e+03
9.863976046031923488e+02
1.112354750506547134e+03
9.868467298722919168e+02
9.905423449752173610e+02
1.170101550832284374e+03
1.104515125216456681e+03
1.049614794781202590e+03
9.025804057316480566e+02
8.612986944263493569e+02
1.135637609715955932e+03
1.143450549461678520e+03
1.086884459036559520e+03
1.081887618522178855e+03
8.432103539754584745e+02
9.492703938845467064e+02
1.158960124950811178e+03
8.414857675708719853e+02
1.197697596005763899e+03
7.043166094299762108e+02
8.051755027686091353e+02
1.022102901254669746e+03
9.117459870866765641e+02
1.205418935104281672e+03
8.994565203724641833e+02
8.420787945222348299e+02
1.150578394073119853e+03
9.485720719012173276e+02
1.317221888822963365e+03
8.320816537952559884e+02
1.304665271549759154e+03
1.008860861403756417e+03
1.128598932930782212e+03
9.650232162270265235e+02
7.870390043626468923e+02
1.081127964321753552e+03
1.021022269476014344e+03
6.372854636197916989e+02
9.349743423451973285e+02
8.765322569847573959e+02
1.137512796956223383e+03
9.977988111812902616e+02
1.117353411035830504e+03
9.487340707090257865e+02
1.201834403527029735e+03
1.028377144862178284e+03
1.102521574960481303e+03
7.045159341152506158e+02
1.274508575405987358e+03
7.359745841626191805e+02
1.036101917224450062e+03
1.170284497662452623e+03
9.352446487580994017e+02
1.351368555999823229e+03
1.066260008780620410e+03
8.844610228649772807e+02
1.294923430150603281e+03
4.714361639762939831e+02
8.970036123876465126e+02
1.219309948194499611e+03
8.296130390543345356e+02
1.113402559925436663e+03
5.687900918351946302e+02
9.706601337733243327e+02
1.086417858771199690e+03
5.954621018896274336e+02
9.958354096716610684e+02
1.027770907375341949e+03
1.057228902543994764e+03
1.130553531396433755e+03
9.791951229689620959e+02
1.092975508604304196e+03
1.063854815985841242e+03
1.469179499910757386e+03
1.390922288873499156e+03
8.620626015836541001e+02
9.758337096120141041e+02
1.262233592214595546e+03
1.345827946547726469e+03
1.137635747749458460e+03
9.659628228083554404e+02
8.934829653042198743e+02
8.001328885808686664e+02
9.700407511601661099e+02
1.146163813021486931e+03
5.321075759349904502e+02
9.290456906160067092e+02
9.217679505208043338e+02
8.406651137528831441e+02
9.052338341983104328e+02
7.211798836278093177e+02
7.676604011503536640e+02
1.094527766049571937e+03
9.156863879997572440e+02
1.249609073893736422e+03
1.151222135900642115e+03
1.314871684885366676e+03
8.934656189001428856e+02
5.928211200512024561e+02
1.154125251999984584e+03
1.114219181790283983e+03
1.037380696856787381e+03
1.130339048400091087e+03
1.364507747234376438e+03
1.166102012115499292e+03
1.012845068837738609e+03
1.236466988066395743e+03
6.737050280358650980e+02
7.111860680163111965e+02
9.202436924306466608e+02
9.165444733301904989e+02
1.072943161996237450e+03
7.714079176736556747e+02
7.555376585117693367e+02
8.778510868801183733e+02
1.149635146876426916e+03
7.714217441343935207e+02
1.078711374820346919e+03
6.346484159135085292e+02
1.008459463846157632e+03
8.770074309157342896e+02
1.152642917747455385e+03
9.974906402656816908e+02
6.500460386696225896e+02
1.057140331289393089e+03
1.288461406505175773e+03
6.878104091497680201e+02
1.480519221564542704e+03
6.922154108215232782e+02
1.241414214416137838e+03
1.236417431739703261e+03
1.310003726045723624e+03
1.056989521510975010e+03
7.531578636766364525e+02
4.846094595013435082e+02
1.208741177267662579e+03
1.064433026844605592e+03
1.086087272898762194e+03
1.054156567372037898e+03
8.738897216435108248e+02
9.547290023653579283e+02
1.032919359482653363e+03
7.976807365959062963e+02
7.860325921460348582e+02
9.528885184152193233e+02
6.534893062414301994e+02
1.064596491664745827e+03
1.156411997740477545e+03
9.206394879711143631e+02
9.849251127641720132e+02
1.139884596387188594e+03
9.672533479124663245e+02
1.129421704675470664e+03
9.708777942164275601e+02
9.022065424990486235e+02
8.412500751832553760e+02
9.699159277438242270e+02
9.611862301109517830e+02
1.068741117091735532e+03
1.082245017846902329e+03
7.386927135379878564e+02
1.165351187476229370e+03
1.205847639699403999e+03
8.888927649074149713e+02
1.333416422293691312e+03
1.370139687957674141e+03
1.142042452060779397e+03
1.466532970785585348e+03
1.222114947719261636e+03
1.191630006960555875e+03
1.146822068128248247e+03
1.084920098088817440e+03
7.982548169426952427e+02
1.041881453880475419e+03
1.020942527870092817e+03
5.738874979703500685e+02
1.201129498280971347e+03
4.583703879598432991e+02
1.419735170922823954e+03
7.836092465316743301e+02
7.644868381990715989e+02
1.204159467175004238e+03
8.684098450339912461e+02
8.848632925378728942e+02
9.844577972267518362e+02
1.237845054747372160e+03
1.186270437647400286e+03
8.815963262390632735e+02
9.542046679353986747e+02
1.266025779884161011e+03
1.300788205911227351e+03
9.315191113253671347e+02
9.873286716427095371e+02
6.779145840790296234e+02
1.080914451885472317e+03
6.813008475715776058e+02
9.811497790192953516e+02
1.067913188041135527e+03
9.536481308180206042e+02
9.216995382711481852e+02
9.981651867006378325e+02
5.365576658420513922e+02
1.035901675951229663e+03
7.938413183473985555e+02
1.193518169933695162e+03
6.834394066236369554e+02
9.960675812829084634e+02
7.178103472275981858e+02
6.054322352530465423e+02
1.047440187456834337e+03
8.469832738361627662e+02
1.065981270031309577e+03
1.087521240428369538e+03
7.902097771955728831e+02
9.619417203951196598e+02
9.966729013399007044e+02
9.935976840085336335e+02
1.108458865757826288e+03
9.481632683986420034e+02
1.028873030590547387e+03
1.142225120569682758e+03
1.343423385071402663e+03
6.639849577649227967e+02
1.083125859694350765e+03
8.907473936383829596e+02
9.872531722716026934e+02
6.844430046963497034e+02
8.177948091879768526e+02
8.151717496374533312e+02
5.906751046348933869e+02
7.851881291081148220e+02
8.938299703554537246e+02
9.371396674013087704e+02
5.635348626137047177e+02
5.545901608331618036e+02
1.233526972872225770e+03
1.336124780312669827e+03
1.332819235223247688e+03
1.069722761466449128e+03
1.138143059004759607e+03
7.511922013751842542e+02
8.694110776388633894e+02
9.702308672341042666e+02
5.481383791483024197e+02
1.135448658186579223e+03
7.388721691554417248e+02
1.088540404475799050e+03
7.381548018371415765e+02
5.411124772562529870e+02
1.041383047801570456e+03
7.112759719020613147e+02
7.505232134879704518e+02
9.150795511307284187e+02
1.464527067649626133e+03
9.894390056139819762e+02
6.986895151704264890e+02
1.178377784656759559e+03
6.390210107980170733e+02
1.188978172989147652e+03
1.016361135708768074e+03
1.141683551120382162e+03
1.394034188374899941e+03
9.808434345872776703e+02
1.235577215589213665e+03
9.724078480248931555e+02
8.390446363142949622e+02
7.506542482633697091e+02
1.286288890287290542e+03
1.107437098525686906e+03
6.228868677387647494e+02
8.331480854859017882e+02
1.312082529912795508e+03
8.966047097405527211e+02
1.135896605324306393e+03
9.013021237553131186e+02
1.146536401608102324e+03
9.469564717852548483e+02
8.890851268652558019e+02
9.538853326009386819e+02
1.104576306165901087e+03
8.479400341967640315e+02
8.633241269958881503e+02
1.095394044882954404e+03
1.059520653891162056e+03
1.094353571552863059e+03
1.145286459477241578e+03
6.454049518525298481e+02
1.408342227649277220e+03
6.521178239156939753e+02
9.186527721933011890e+02
9.785657528813017052e+02
1.109939956038982245e+03
8.838885939183683149e+02
8.885635095900348688e+02
5.708350454163496579e+02
7.069550004207146685e+02
7.945376230222387903e+02
8.154479045476401780e+02
1.004460740266483526e+03
1.279405366781890052e+03
1.028488598424160045e+03
7.016597372934583063e+02
9.314349005671186887e+02
8.445315726909078649e+02
6.815069308458564592e+02
9.295946666121337785e+02
1.114838002406929490e+03
1.276063863141287356e+03
9.314850127406637057e+02
5.945801287716374190e+02
6.584819121509283377e+02
5.387032127900578189e+02
1.502489554208826348e+03
1.190322314135678198e+03
1.237690735156020082e+03
1.302521003563912927e+03
1.154467872195340306e+03
9.089908887546276901e+02
9.217026708298219546e+02
1.090102329038756125e+03
1.056295727730793487e+03
8.889436304671888820e+02
5.153753368503882939e+02
1.085407536200586719e+03
8.044057512623799084e+02
7.691893348752852262e+02
9.713851861060082911e+02
9.880370076523651051e+02
9.406238797329792760e+02
8.080494213343985166e+02
1.204046181361838535e+03
8.610302061846020933e+02
1.235527345601571596e+03
1.276114040701114163e+03
8.698335068477582581e+02
8.836286858550849956e+02
1.126333173516326042e+03
9.269264563668342589e+02
9.073640656167815450e+02
8.840804376801640956e+02
1.065089112777059654e+03
1.008010409691561108e+03
1.193693392335774433e+03
1.039490564036660999e+03
1.136236807116243654e+03
1.197912440230600851e+03
1.007538952144631367e+03
7.259673246966763145e+02
1.332031400795356376e+03
8.303636240166393918e+02
5.996505123790615244e+02
1.249838536526034204e+03
1.082046322553648452e+03
8.821384299272510816e+02
1.172139939880195925e+03
1.138897397714190902e+03
1.062842677651491385e+03
4.562390480362709582e+02
1.196532267898768851e+03
1.014200645347489854e+03
1.004741751973491660e+03
9.472908614771581597e+02
1.048853386002060461e+03
1.151207683747104511e+03
1.183570283961556015e+03
6.234036902083007590e+02
9.588785781852149057e+02
1.560103630485105896e+03
7.855245162777257519e+02
1.376621252731974437e+03
1.005038530464754444e+03
1.363476034372877621e+03
7.636199509178121616e+02
1.016303893980369025e+03
1.190534943420599802e+03
1.062830328567501965e+03
9.094517270533360715e+02
8.094286790234482396e+02
5.000883650940035068e+02
1.098404344355721605e+03
8.272753524661449092e+02
8.640302185775348107e+02
1.275926192498385490e+03
8.967508349115514648e+02
9.200824885327231186e+02
1.073453429580896682e+03
8.946617962393600010e+02
9.633879877350694869e+02
1.253962291370383809e+03
7.458497222858153464e+02
7.865278950807260117e+02
8.037564305138736245e+02
6.622925490127845478e+02
1.210834692171646338e+03
1.097796858779344120e+03
9.848512547999114304e+02
9.737603892237575565e+02
1.345252587038082993e+03
1.146647846477787425e+03
1.207562590506707011e+03
8.862781725734170095e+02
7.358424623464900378e+02
1.366858667730448133e+03
1.107143655854747749e+03
8.657658827408909019e+02
1.163589564272065218e+03
1.251001533536451007e+03
7.942489315950240325e+02
7.664852958560228444e+02
1.101984309542618576e+03
1.093924969438091239e+03
1.165485516093716797e+03
5.600494396068057767e+02
1.203877844719520454e+03
6.225720565927865664e+02
8.676495749842865735e+02
1.218404896175373096e+03
6.607463561109232160e+02
7.010905297899546440e+02
1.009261459725832992e+03
9.982441532732933638e+02
1.078164947284886921e+03
1.299625826950472401e+03
9.492957012596108370e+02
1.287856759002262152e+03
7.226220453021043113e+02
1.256076471389995731e+03
1.165795470619300886e+03
8.916709559896976316e+02
1.362290458379639176e+03
7.543476881013491493e+02
9.981442497188046445e+02
1.338009419812035503e+03
9.450365461367407534e+02
8.935466440250665983e+02
8.289276924363592798e+02
5.776834537809696712e+02
1.111962994269515320e+03
1.090711988590288684e+03
1.101954942084293407e+03
7.126623233533198345e+02
1.060409057210496258e+03
7.548531378727809624e+02
9.330323301036934254e+02
6.425825133016477366e+02
1.027793927447890155e+03
7.114600131499438476e+02
6.546256520720927483e+02
6.321373296908130897e+02
6.579375256825004499e+02
9.149066877646625926e+02
1.098670059745493063e+03
1.036431841442059294e+03
9.231868281615951446e+02
1.024802185773128258e+03
9.022892495883372703e+02
1.269039934719188523e+03
8.262828632037436591e+02
5.983148182574035445e+02
1.064443945509332252e+03
1.235570653663191024e+03
6.150493949745690543e+02
9.338784288505472659e+02
6.288473115524071773e+02
1.015172161711269496e+03
1.111132825324704754e+03
1.135849987736668936e+03
9.133146856081358465e+02
8.610113544281033455e+02
1.361033684582355818e+03
1.197433719620137254e+03
8.710487577862709259e+02
1.051242945346432407e+03
9.445044573819818652e+02
9.589287435113233187e+02
4.597579941810441824e+02
8.836713188335832001e+02
1.015240889625733530e+03
1.416389296715827641e+03
1.059492804849740423e+03
9.538946388106492122e+02
1.232114237163031930e+03
9.361352112292449874e+02
7.727748694942650900e+02
5.786688798859034932e+02
1.015619128963831486e+03
1.024439540745310069e+03
1.048439411759165296e+03
1.379967159003182587e+03
3.036404202184823475e+02
1.133198463770837407e+03
1.355895194626146122e+03
1.102396556092686751e+03
1.115164615395847932e+03
1.146141589322877735e+03
9.198835258331645264e+02
1.167391158327509856e+03
1.091166785186799871e+03
1.150136846479265614e+03
1.046806589642433664e+03
1.135839521024578062e+03
1.264174258843603866e+03
1.202070339567957490e+03
1.151659636288548654e+03
1.070645958428608992e+03
1.269380752614876428e+03
1.023569273343996201e+03
1.161318268801221393e+03
7.708424605470041797e+02
1.181826478703971361e+03
1.085438977366907238e+03
1.078472826997123775e+03
7.594968175113788220e+02
7.404083414975350479e+02
1.018382570094904167e+03
6.407190748356653103e+02
9.396175806784384577e+02
9.533974072107600932e+02
7.889985580454928140e+02
1.089611659093587832e+03
9.023937270007093048e+02
1.195366580689128341e+03
5.390313152243370496e+02
1.090465754160540882e+03
1.184929165139231145e+03
8.454549723182112757e+02
8.629733939677981880e+02
1.044952589186115119e+03
5.521479699542800290e+02
1.205004275610484683e+03
1.027168538180584846e+03
1.017475357050962543e+03
1.130271000960275614e+03
8.915685283021244913e+02
8.092818110223402073e+02
8.447183227474282603e+02
7.548997211020332543e+02
1.188237123356290567e+03
1.089337057725781278e+03
1.063756089701557130e+03
6.786624319171500019e+02
1.188695287643401571e+03
1.165114274708286530e+03
1.186194624714874863e+03
1.269335084317262499e+03
1.302891794857938066e+03
1.250363116429735783e+03
1.148510455848716674e+03
8.779581724182586413e+02
8.310584535143721041e+02
9.934871421295379150e+02
1.027291714523720657e+03
1.075548475470402536e+03
1.095781000646947177e+03
1.119312215416264735e+03
1.033058463955828529e+03
1.138358541753955251e+03
6.000836139183295472e+02
1.128173443340949234e+03
6.780082143254633138e+02
1.281278400131018316e+03
1.075921076500276286e+03
1.087076207970412952e+03
9.341756945789352358e+02
1.293921777047112073e+03
8.337164953100161711e+02
1.075982308765673679e+03
7.594824677340276367e+02
1.081202989590543893e+03
8.230661576273611217e+02
7.302902307785033145e+02
1.328955435470927796e+03
7.545378567052206336e+02
9.989644126827716946e+02
1.094175430572162668e+03
1.067205476224896529e+03
7.091365305994549999e+02
1.643339548393277255e+03
1.018730269442968506e+03
1.073074038538909463e+03
8.701919643651664273e+02
8.911733027720036944e+02
1.080775260818065590e+03
1.336101464991398416e+03
1.118137619644467804e+03
6.355952833369386781e+02
8.388489255685556145e+02
6.169797130711273212e+02
1.008043185243853941e+03
8.726866337571296981e+02
1.204180373094991410e+03
7.205686247464503822e+02
8.534092529611491500e+02
8.572536788248251014e+02
1.122628735428547998e+03
1.058951020860134349e+03
1.214772077621364360e+03
1.126193552393696109e+03
1.109304214501270053e+03
1.139316060835372582e+03
1.166733999617797735e+03
6.932217231597314822e+02
1.137999809401115954e+03
1.043507918699544007e+03
1.149365615852715337e+03
1.320947769282116042e+03
5.766739036560047680e+02
1.087048095284531200e+03
1.128975279045335355e+03
1.006512779227470901e+03
6.389885698165591066e+02
8.772162013633420656e+02
1.125647706994289365e+03
1.288840878990455394e+03
5.924910963924917269e+02
1.311227985138895747e+03
9.296116106218617006e+02
9.966597023435347182e+02
1.056594274839180116e+03
7.321176024149656314e+02
9.424386382062504026e+02
9.128197298370815815e+02
8.813008045994251916e+02
9.426519902212045281e+02
7.743791625485479244e+02
7.438339615925999624e+02
1.002078395656780685e+03
7.951994120593958542e+02
5.585845724731948394e+02
1.004538492695127047e+03
4.740189861854460105e+02
8.503425599036337417e+02
6.911212129316422761e+02
7.234667081741731636e+02
1.232726323555720455e+03
1.220626267945103791e+03
1.160355817032983850e+03
1.274878973084940981e+03
1.057225005364116669e+03
7.752683375280412292e+02
9.146702907464872396e+02
7.835767388563667737e+02
8.790444664293989945e+02
1.008620288579367411e+03
1.337428147548215293e+03
6.087912329437241397e+02
1.165630228596002553e+03
1.161222975605638112e+03
1.116615163584751599e+03
1.333922443351518950e+03
1.124341150865293230e+03
7.815590323620456275e+02
5.877085850928735908e+02
8.336465654355602055e+02
7.343922366364037089e+02
7.928472570718782890e+02
1.294151380909019963e+03
1.135947199948099524e+03
1.286462854987176570e+03
1.232071036918253412e+03
1.040652943720009034e+03
1.297076914060196032e+03
1.157825682669747948e+03
9.455506588902626390e+02
1.207661407163261174e+03
1.208093867372860814e+03
1.391182020042719842e+03
1.074970801183959338e+03
9.088451018453814640e+02
1.434586913239831574e+03
9.653458148568679462e+02
1.261173234957278055e+03
9.569365242958804174e+02
5.941048292578103656e+02
1.071111485730518552e+03
1.274705060019634175e+03
7.597914103597373696e+02
9.821550081533688399e+02
1.127538937902499129e+03
9.570132876403332602e+02
8.399244146479437632e+02
1.155965062788845898e+03
5.782121446918447418e+02
1.154111668472571409e+03
1.118018342012409903e+03
8.074294463149196872e+02
1.177088647758952902e+03
1.068189714841242676e+03
9.492129908270134138e+02
5.555115802039504160e+02
8.397898122053497900e+02
1.066942127279873830e+03
1.245186069013739598e+03
6.571414287011667739e+02
9.719672218543261124e+02
1.381091191021028408e+03
1.103164748026687221e+03
1.455681102913044469e+03
1.046747629238068384e+03
1.051419053895111119e+03
8.519192611770560006e+02
8.614975452151923037e+02
1.172728675924653544e+03
1.034279154403002394e+03
5.726278718713062972e+02
1.054472358511189213e+03
1.016665056480494513e+03
1.065624632774442716e+03
9.521377525809158442e+02
9.975129350038998837e+02
1.112481907144847128e+03
9.053879490820309002e+02
1.035216565068742284e+03
1.180888610571572599e+03
7.376499710661079234e+02
9.494150881285116839e+02
1.005489416151119713e+03
1.349829773749767355e+03
1.074207613660772950e+03
1.016647986001736285e+03
4.743842265323910965e+02
1.051111812504172349e+03
7.496931749914374450e+02
9.835393667162061320e+02
1.211722678581083755e+03
9.686246585360122481e+02
1.166538722778248257e+03
8.040066286274579852e+02
8.930531446770414732e+02
1.123709637192315313e+03
9.984354564973848483e+02
6.228742241985881947e+02
9.278702738949664308e+02
1.061123430973383392e+03
1.018070862534659000e+03
9.822020630603637983e+02
1.478374450122838425e+03
1.254935218828404004e+03
6.330071140090365134e+02
7.481744350785161259e+02
8.781345352014417358e+02
5.686198327722378281e+02
7.949252967565752215e+02
7.428655864028932001e+02
1.181635393077033541e+03
1.052550385517564791e+03
7.713987914250471931e+02
1.089876006939951367e+03
7.109668581508504985e+02
8.336797126106852147e+02
1.000911005999408076e+03
9.117154920080716920e+02
1.077264139282516226e+03
1.094989833994408855e+03
1.078741566217432364e+03
5.650477157730693989e+02
1.007689956279869307e+03
1.266764453250401402e+03
8.476161301406334587e+02
1.063110791281279944e+03
1.471459749261744264e+03
7.550392129918363935e+02
6.937549279487869853e+02
8.376113352624996651e+02
1.347348082700353643e+03
1.147165134894150015e+03
1.301567656303142940e+03
1.052963317104126872e+03
7.645268290278808081e+02
9.852449999796834845e+02
1.120063392227755912e+03
1.018125443650923785e+03
9.453518773025217570e+02
1.108524607314089735e+03
1.033635019211885265e+03
5.963181169312227894e+02
8.567592609507969428e+02
1.434141489427086981e+03
1.212398148266911903e+03
8.183170437196018838e+02
1.231089305422126927e+03
7.735840665085917180e+02
9.982452990326502231e+02
1.222113610760173970e+03
1.032050489868461909e+03
9.237744042169358636e+02
5.699908621896973955e+02
9.871434213336044650e+02
1.038921476197759375e+03
9.233842217294910597e+02
1.153404612807418516e+03
1.202826734750718970e+03
1.323780065160042568e+03
9.770816024385138689e+02
8.405657882937798604e+02
8.978695499427149116e+02
1.054488582064070215e+03
5.958561644184640045e+02
9.113095203191847986e+02
9.560095653663839812e+02
1.071504642050861776e+03
7.447306708922733378e+02
1.059862412498887352e+03
1.169457556941541270e+03
1.138688350879139989e+03
8.324277914252062374e+02
8.898622837665192264e+02
5.443035234123492501e+02
1.128245822110103973e+03
7.417775398041508197e+02
5.953552289911987145e+02
1.463655017198441556e+03
9.305391696346440540e+02
1.060912878231005607e+03
8.238574361565329127e+02
9.727974202903293417e+02
7.443645999718613666e+02
7.403097975334566172e+02
1.196767679758984286e+03
1.220217209279088820e+03
1.259883395061262036e+03
7.510128712220106308e+02
8.437685797662829827e+02
4.668668652240785946e+02
5.204995863937601825e+02
1.251944285314942590e+03
9.750764816642393953e+02
8.891212314938336476e+02
9.526500680747636807e+02
1.161632089884564039e+03
1.075560057200818619e+03
1.091614245045414009e+03
1.180452815064910510e+03
7.081013407359494067e+02
6.723481618787674279e+02
8.381331192852986760e+02
6.067425010500319331e+02
1.029245567565777264e+03
8.020845096861418142e+02
7.717551367243222558e+02
6.792652778544232888e+02
1.115797920358523243e+03
1.160000224966824590e+03
1.076640114476477265e+03
9.664794313151717233e+02
1.106883832493409500e+03
1.068891209583584669e+03
1.083753123705080725e+03
6.694124778274203891e+02
9.087506737555713698e+02
9.455614691038962292e+02
9.526698766685542523e+02
1.095766187595581869e+03
1.166849902314548217e+03
1.126926507139629393e+03
8.872243763193230279e+02
9.311158264276576801e+02
1.056339510275911380e+03
6.861489680979510695e+02
6.600654490351258801e+02
5.060816674953651955e+02
9.029569515575408332e+02
9.879825400787076433e+02
9.281316344785658430e+02
5.606916130115853321e+02
1.073594299056844193e+03
1.015155341558523219e+03
1.058801152598416138e+03
9.307401715568378222e+02
1.196103408988188903e+03
9.610761301289326184e+02
7.632347023334242522e+02
1.040957831032573040e+03
9.890658011269838426e+02
6.264510494007113266e+02
1.005390313607496410e+03
1.052622720817950494e+03
9.581541273771741771e+02
1.136858333492306429e+03
1.299250931173813115e+03
9.345402546950211899e+02
1.056872580627073603e+03
5.637857029655787073e+02
1.031189468706810430e+03
8.143695843127403577e+02
6.774654061037230122e+02
8.863857752994312023e+02
8.898227608006725404e+02
1.212808967448228941e+03
1.048657862838780147e+03
1.264078285175728297e+03
7.885742475489071239e+02
9.966123215270807805e+02
1.037654564269706498e+03
5.732500390708254372e+02
1.238389276968356398e+03
8.600253351854504444e+02
1.197230169617418142e+03
8.362244099920769713e+02
8.824436627610482446e+02
1.159033542850033427e+03
1.034316384701058723e+03
1.013041717141440586e+03
1.350337058959680917e+03
7.330006707078701993e+02
8.065254970908389396e+02
1.218089699489900340e+03
6.405496535532872713e+02
1.230127385023250099e+03
4.982502474167164337e+02
1.091919712690373217e+03
9.332517925164094095e+02
7.233271690949849244e+02
1.134198300148319049e+03
1.049351291114420519e+03
7.632689279828388180e+02
5.747560730209341955e+02
1.138502363205520169e+03
1.038306144933359519e+03
1.082294736323854977e+03
9.924302846481085680e+02
1.421367366357522997e+03
1.137859312503994943e+03
7.705614561002576011e+02
1.174660132631625856e+03
6.628599893344321572e+02
1.144207174682327604e+03
6.293919455034796329e+02
5.474872517572745210e+02
8.105843437279089585e+02
8.004833295297072482e+02
9.778212468992250024e+02
1.032884429062729396e+03
9.932689074970536467e+02
1.059890740162836209e+03
1.079886735173915213e+03
9.330638130316289107e+02
1.111422128199770214e+03
7.980499174181841227e+02
1.204693442563007011e+03
9.784598148524260068e+02
8.591141879704416624e+02
7.398902144186828309e+02
1.052439567263731306e+03
9.136196060918415469e+02
1.154599088702917243e+03
1.306646245122655046e+03
1.193570386012885592e+03
8.936379392735893816e+02
1.044149202880073517e+03
1.247070830015124102e+03
1.046727663964792100e+03
7.704043280209247087e+02
1.141592970286006221e+03
7.685353638106680592e+02
1.172095370140144951e+03
1.424417919677154487e+03
8.352926616838618656e+02
9.917875844882192951e+02
1.028648797596233862e+03
8.258305901802131075e+02
1.279012096589525981e+03
6.076724363272629716e+02
1.248707773455296092e+03
1.212580763303977164e+03
1.143631961621188111e+03
1.037789568406173885e+03
9.997528794909317185e+02
1.350800300255570392e+03
1.036518165566614698e+03
8.664586742978707434e+02
8.907974476239976411e+02
9.668121012382251820e+02
1.140652403008985857e+03
9.876551403477150188e+02
1.379750607972282296e+03
7.093166781859711136e+02
1.024444368180872289e+03
1.241902383210617700e+03
8.596520404232722967e+02
9.523025299200534164e+02
6.508997737541141078e+02
1.599583306636637644e+03
1.056991663391653219e+03
1.043456692561225736e+03
8.497271938267455198e+02
1.043990463916634553e+03
9.961384880256117640e+02
8.118422432912974500e+02
4.936354829548721455e+02
1.123587113054245719e+03
8.428795967649519980e+02
7.035440420480289276e+02
1.269596317283636836e+03
8.322990856124015409e+02
9.176178408777396953e+02
7.999700134781052157e+02
1.209363629396500755e+03
9.576486421856260449e+02
6.876355912607797336e+02
6.295750275888002534e+02
7.086541772532192454e+02
5.327683681352233407e+02
1.051503089421447157e+03
6.112628263972216018e+02
7.140238105651607157e+02
1.041736490766713359e+03
1.046187207145396087e+03
1.405523205078343381e+03
1.284260770306244467e+03
9.722252016342717980e+02
1.226582073976376023e+03
1.321244197450652337e+03
9.913414063491837851e+02
8.506191568846774089e+02
1.072552951095508888e+03
9.937149272761649854e+02
1.154103195396215824e+03
4.530062605232918713e+02
1.175387915328369445e+03
6.203629979262215102e+02
5.735386368147505891e+02
1.362716022077261869e+03
1.044370470639139512e+03
9.623843334022958516e+02
1.266919915515045886e+03
8.784397223569637845e+02
8.839162934269404559e+02
1.045343502357304260e+03
7.060131361745972072e+02
1.245214556416990263e+03
9.165290882362188540e+02
1.086006994101637702e+03
1.338100028771270672e+03
8.303785767663396200e+02
8.843612493503305814e+02
1.261227340769145258e+03
9.277185608816247395e+02
1.023601854823883400e+03
4.809984673063106584e+02
1.241777857905358360e+03
8.827443112526781306e+02
1.168946061107263176e+03
8.941347321801109729e+02
1.120652005941198013e+03
4.191509442935712286e+02
1.073681600820862514e+03
8.354189434923665658e+02
9.356128605580755675e+02
1.132207510318113464e+03
1.609626714316935477e+03
7.259718311841722880e+02
1.125045626605330199e+03
1.193749825762948149e+03
1.083930669557128567e+03
6.758677301706799199e+02
1.051223740923185460e+03
7.747545884706795505e+02
8.503313792424837629e+02
1.122362783913989233e+03
1.009258920868126438e+03
7.866820757946818503e+02
1.069522635834934135e+03
7.805078482406180456e+02
9.333141487668627860e+02
9.371192877836739399e+02
1.016561908599596450e+03
6.887288730464092623e+02
9.271094658176430130e+02
9.473879995037780191e+02
9.096486256976636469e+02
9.874175862986685388e+02
1.032561206563525047e+03
1.006545645878876485e+03
1.117727213923647241e+03
1.325250724954669295e+03
1.016672722033767513e+03
9.895082506203791581e+02
1.215688486957164287e+03
1.106377528148919737e+03
9.692647061074654857e+02
1.104392301390094644e+03
7.333116469556820221e+02
8.295934304563627393e+02
1.097967811920314034e+03
1.134157447427379793e+03
1.018987778764034147e+03
9.520512233821419841e+02
8.163980060165456507e+02
8.198548983943405801e+02
8.422436185292129949e+02
6.123790637320736323e+02
1.014679153644491066e+03
1.023569239193081899e+03
1.138046124203376394e+03
8.827104016868281633e+02
1.035034333951085500e+03
1.017565022963292790e+03
9.136138719423258863e+02
1.165770627520577364e+03
9.059458183783738150e+02
1.267095106077465289e+03
1.016011511152662138e+03
1.075799658723333323e+03
1.138854187551852647e+03
1.192990501863079089e+03
1.131953774525014978e+03
1.091409719446445706e+03
1.032424955112085854e+03
9.203469832814585061e+02
8.047276878118785817e+02
1.185099463063991379e+03
1.080766793091251884e+03
5.552386787311502303e+02
1.105654733760080035e+03
9.444891238361822161e+02
7.572036394375537611e+02
1.257282879813201816e+03
6.491692883855993159e+02
1.317094610350375888e+03
6.646113572893286801e+02
7.373114265218443961e+02
1.124148859025838419e+03
1.121832746604871772e+03
1.306875301728717886e+03
1.064768674369913924e+03
4.487750291350984071e+02
6.905273621204661367e+02
1.329959109986780049e+03
1.343377910767162575e+03
9.402065363423728286e+02
8.281505330348204552e+02
9.130185580961344840e+02
5.027431553287202632e+02
1.289800594820837887e+03
7.451594877160622445e+02
9.124117235083242576e+02
6.489931903800281816e+02
9.097836149048771404e+02
9.877267561541041232e+02
1.257313277949403982e+03
7.817047550654289125e+02
7.999873197948850247e+02
6.497608983684731356e+02
9.911456970657652619e+02
7.312250705920130258e+02
9.396129281805887103e+02
1.267707329687423908e+03
1.444315489414895410e+03
9.484486623031787076e+02
1.015650549559987553e+03
1.071360325795780227e+03
8.918832329643937555e+02
5.467240316640834408e+02
1.099769650595961139e+03
9.605379617773559175e+02
1.132109023071954425e+03
1.220567258200947890e+03
1.477374815335533413e+03
1.285845646929522445e+03
8.808262979627425011e+02
1.091425800842207764e+03
9.668580296477999809e+02
1.259678251077944424e+03
9.093350261701604040e+02
1.294161754800282779e+03
9.657157826512603833e+02
1.142783834876991932e+03
8.171707103931803431e+02
9.756369797405571944e+02
7.170829333726359209e+02
9.603219662503178142e+02
6.002097447492664060e+02
1.027170053354192532e+03
1.229608747367750766e+03
9.303044528471222065e+02
6.869867459143569022e+02
8.985824786345991697e+02
9.900645454927069977e+02
7.618064163757293272e+02
1.175430367057840613e+03
4.828681570221247057e+02
9.736365436067343353e+02
1.175282018976367908e+03
9.907025250128639300e+02
5.870273166934979372e+02
1.019889870303222096e+03
7.992837078981833656e+02
9.705655753241213688e+02
1.285718265939394996e+03
1.071847858151656283e+03
1.174961228161367444e+03
8.148282342392237751e+02
8.587101566780111170e+02
5.377384996994302355e+02
9.327125596056779386e+02
1.143585104625347867e+03
8.564392664710034069e+02
1.045340186133639236e+03
9.245585226668314363e+02
1.102782656548206660e+03
1.138208150998741985e+03
1.041416880268159503e+03
8.401875598232625180e+02
1.198913878210164739e+03
6.194110814175508040e+02
1.084070138122573098e+03
9.269102169194255794e+02
9.111275480100116511e+02
1.206002542153272998e+03
1.138954443263474104e+03
1.098718788714349557e+03
4.173162360987436728e+02
9.038780797551837622e+02
1.808629799012202056e+03
6.602280464374515532e+02
1.060055536879059900e+03
1.132193123965334962e+03
1.139389566019402309e+03
6.972011034442610935e+02
1.000159910694060613e+03
1.079971619415346595e+03
8.359985577907409606e+02
6.137393514725529258e+02
1.100910272324432299e+03
8.633427286420901510e+02
9.940438093186456854e+02
8.021509326422143431e+02
1.039842658483823470e+03
7.300885074905709189e+02
9.409975516541123852e+02
1.001084009115557592e+03
4.369052183739682391e+02
6.449355881791872207e+02
7.023977675362326636e+02
8.770782430737286859e+02
1.288289986390820786e+03
1.288313027924658172e+03
3.808516186617412131e+02
7.045705838971614412e+02
1.121247152892491613e+03
8.664845827439976347e+02
1.047030431334386321e+03
7.998435655358039185e+02
6.618253420952572696e+02
9.565704869812121842e+02
1.069395267266077781e+03
9.580883849697964934e+02
9.134201797983379265e+02
6.839900787221937435e+02
5.394839049180087613e+02
1.109337740375879093e+03
6.611441938433785026e+02
9.722517030042881743e+02
8.689369720818464202e+02
5.083218327141061081e+02
1.003151821915409755e+03
8.794202768478954795e+02
1.007315663501417134e+03
9.806495296197354037e+02
8.905154394699364957e+02
8.142378433368435253e+02
1.062873799885804146e+03
9.926684143013796984e+02
8.080662009767149812e+02
1.161102259101314758e+03
1.012195659417936668e+03
1.139340210345516653e+03
7.669696950993508153e+02
7.243370012672140774e+02
9.983715598241237785e+02
5.314044454648285409e+02
1.012078641776180007e+03
6.696228016527653608e+02
1.231577061842687272e+03
8.897801533825877414e+02
7.501920386968162120e+02
1.185768393151706277e+03
1.089767841558258851e+03
1.008352843760389305e+03
9.403147747950953317e+02
1.012311775295822144e+03
7.307813411460523412e+02
7.972668801654689332e+02
9.996472890531310895e+02
1.102743996422176679e+03
1.007011733888020785e+03
1.286549521038292596e+03
1.075867423154259768e+03
8.818187345293613362e+02
9.213536871839245350e+02
1.292334680745344485e+03
1.004081064027465459e+03
7.468589764130362028e+02
5.391022739083203987e+02
1.196458398300725094e+03
1.111538787157376873e+03
1.290909145753007351e+03
1.234046497307866048e+03
8.329648073626789255e+02
7.441272310938966257e+02
9.272876770935115474e+02
8.531151343706856096e+02
1.063405666129971451e+03
9.451777672293829937e+02
1.048659071649757379e+03
8.229131463395085575e+02
1.072086618639549215e+03
1.075423344067377684e+03
7.587335224182436377e+02
1.260137380964496060e+03
4.410133509323482031e+02
4.637020807585967077e+02
1.030047514307161691e+03
9.090089494835901860e+02
1.054173802583605948e+03
1.196212147636824511e+03
8.581176364147513596e+02
1.147819811888674849e+03
1.110708765418658459e+03
1.092957395890765611e+03
8.913792226972594790e+02
1.020713248969230790e+03
1.099240166287934926e+03
8.875869849375844751e+02
7.838510620821330122e+02
7.989787439456860056e+02
1.160014199224282720e+03
9.429482250476415857e+02
1.001882901318916879e+03
1.059823755862590133e+03
1.067700757068646453e+03
1.215442171034509784e+03
1.154305335199780757e+03
7.675643806179509738e+02
8.705838493507739031e+02
1.193650062017591608e+03
9.889440115657914703e+02
8.683310265514910498e+02
1.082468423422317755e+03
1.021923914525437340e+03
1.207016417808392362e+03
6.355416211374807745e+02
9.351532395161304976e+02
1.569469680208069803e+03
8.098342175647613885e+02
1.022651375605157227e+03
9.899907454213632718e+02
1.007609671790462357e+03
9.271939897472702796e+02
1.241701944472655669e+03
1.140310957348118109e+03
1.130505088917877629e+03
1.391291458647427817e+03
8.073397547970160986e+02
1.017645143231728866e+03
1.127015544275954426e+03
1.071121682094122662e+03
9.760060558905692005e+02
1.342791321471476977e+03
8.081835357814511553e+02
1.025488009296193468e+03
1.213340968310743619e+03
9.394494750754413417e+02
7.994431644834653525e+02
1.260574583331803751e+03
1.085555675113820371e+03
1.272926021436989913e+03
6.416473219932878465e+02
1.314724957358369920e+03
1.084911559357014539e+03
5.154102726278628097e+02
1.089536190554707446e+03
1.413683166032009240e+03
7.520784913554088007e+02
9.551053499802726492e+02
1.001854640345517623e+03
1.058189549759798183e+03
7.481070442282413069e+02
9.687437140074541730e+02
1.046618295151753273e+03
8.804168103591148338e+02
7.509801959753901883e+02
1.345520817693666913e+03
8.327004641048545182e+02
1.154728553736227013e+03
5.265905750262039646e+02
1.133527524004899306e+03
8.077988862669127457e+02
9.671704552226736951e+02
9.792768979041886723e+02
1.076637608441942575e+03
1.149310646050516198e+03
1.300094762395154021e+03
1.046567384071969173e+03
1.172616567637490334e+03
9.932602383264484160e+02
5.167711275679242817e+02
8.256793819934057410e+02
1.269104984365273140e+03
7.909092875447732922e+02
1.186151994212759291e+03
8.480182519656660816e+02
1.218566977799981032e+03
4.263818413428874123e+02
9.414089309940109160e+02
7.168018099266259924e+02
8.818613835244204893e+02
1.248877598551169513e+03
1.191860095456744830e+03
9.772412637092013483e+02
9.103034018640230443e+02
1.015434613625601969e+03
1.105239117734922729e+03
1.043295664606645005e+03
1.076074380847655902e+03
8.939825465764287173e+02
1.340995155475293132e+03
1.080048786083953473e+03
6.290991005431549183e+02
1.221067726583538388e+03
7.305304415974343328e+02
1.043017275735747035e+03
1.012233750776942088e+03
1.173842916987009630e+03
9.345291248245682709e+02
1.094700767532997816e+03
1.182482626282849651e+03
1.250253240322045031e+03
1.262978604105055410e+03
8.114564538698704155e+02
5.096545840660471072e+02
6.806198062656776528e+02
1.038967577427363267e+03
7.302103146434182008e+02
6.407167060425498448e+02
8.221884661876980545e+02
1.071095856891822905e+03
7.355635894209024173e+02
1.117694651815469797e+03
1.144368473354184061e+03
5.746291703821246983e+02
1.092427685506785565e+03
9.768948397063549010e+02
4.724880136096428487e+02
8.396524133047246323e+02
6.483431817311712848e+02
1.154062260757550348e+03
7.592558319092435113e+02
7.826174456289244290e+02
9.348028703504515988e+02
8.068520955177599490e+02
1.220813527170918633e+03
9.488739725995613981e+02
1.126122228419942985e+03
8.978538106466053250e+02
7.290837626741021040e+02
9.135127568980657315e+02
6.628371544639597914e+02
1.281796528530521528e+03
6.609478183939177143e+02
1.078223403873669440e+03
