dec
-1.002276901890326588e+00
-6.195519031371720109e-01
-6.606038983736040038e-01
-4.886439063181794440e-01
-3.222453097437035785e-01
-5.000667939600215162e-01
-4.163621581936881588e-01
-5.294598072461328409e-01
-2.887080077179587922e-01
-5.684388541525322580e-01
-4.869085400863408242e-01
-3.605463827919068165e-01
-5.091140164896394982e-01
-5.463013762277587615e-01
-5.874264745955075639e-01
-4.801497078861277634e-01
-5.048356527087594081e-01
-2.414307181545394809e-01
-5.461528667736481601e-01
-6.357396891874113054e-01
-5.876639524933201519e-01
-5.585319875835984549e-01
-5.640993144865656950e-01
-6.953574740602255222e-01
-4.449020514807681126e-01
-4.424482375153401814e-01
-4.478996382737842064e-01
-4.977149651628330340e-01
-5.762938747582202481e-01
-2.715523233663317826e-01
-6.294705572909119473e-01
-5.564191340814477194e-01
-2.499785343761559697e-01
-5.309011437225152896e-01
-5.632492428855456756e-01
-4.947345266204511982e-01
-4.052316902759532380e-01
-1.708222565483170641e-01
-4.817971586275939799e-01
-5.321093017523804702e-01
-7.778991451053842709e-01
-2.570996871492775560e-01
-3.691628061039353703e-01
-4.422335359367582375e-01
-2.470398753469122965e-01
-1.812132821908235270e-01
-5.373928099766063227e-01
-5.258933055916626964e-01
-4.275891246823357861e-01
-6.381800356822298070e-01
-2.192774974317327208e-01
-5.906639713504856504e-01
-5.686416793618468413e-01
-5.968895481578123663e-01
-5.991345542749599851e-01
-2.076368936407005650e-01
-4.173206245878618992e-01
-4.474508881927697912e-01
-3.041716401491831867e-01
-4.751690898678339603e-01
-4.091334526343470834e-01
-5.162932426860866730e-01
-3.550493568406664635e-01
-6.676255983202691313e-01
-2.876819950504392875e-01
-3.211975314014240412e-01
-5.708277881074574900e-01
-3.115901236579367573e-01
-2.041466509305916444e-01
-2.435852473038840615e-01
-6.174987786046256533e-01
-1.529071462229022182e-01
-5.681431066359935445e-01
-6.183993656283685025e-01
-5.957058311103284876e-01
-4.424751381018013352e-01
-2.392163633878490736e-01
-5.263331050157810109e-01
-5.640748816729808102e-01
-2.501343614351116962e-01
-4.617476897381019296e-01
-2.032386806336276552e-01
-9.487202471270416160e-01
-5.696518342411951430e-01
-5.301016018786723905e-01
-4.159212316610561011e-01
-2.862506188534862939e-01
-2.570392728818914341e-01
-3.581559355016830648e-01
-5.289169948143428446e-01
-5.813078442177933569e-01
-2.272117703632717256e-01
-3.222937940208474572e-01
-4.320837783624272288e-01
-5.838817030577070355e-01
-1.705362256554795730e-01
-4.422134289022059406e-01
-1.393135873486523735e-01
-3.617447407922192992e-01
-4.318120035030877935e-01
-3.360391288100000318e-01
-3.025999237252437468e-01
-5.348861866905578744e-01
-4.656053831421381739e-01
-5.509732204988040394e-01
-4.264409030706113879e-01
-4.381242616399761980e-01
-8.919532323496246473e-01
-7.110410351151256192e-01
-4.908516127565215048e-01
-2.605131362246901894e-01
-4.553253972625963542e-01
-6.073880872094191696e-01
-2.525278602739612910e-01
-5.213411829698197941e-01
-4.871236038159396098e-01
-4.299409862658755688e-01
-3.412076311354960700e-01
-5.278125555132203717e-01
-5.810264038495688288e-01
-4.944825954675270974e-01
-4.994124553154114521e-01
-4.974031843025456534e-01
-5.220891340812510162e-01
-5.862297948474100018e-01
-3.778454856262352113e-01
-4.208614537969255776e-01
-5.221822581443249511e-01
-5.475555279697108535e-01
-4.631441519564030718e-01
-4.017683793046272211e-01
-6.263456804484116569e-01
-5.542099511757407893e-01
-4.220100336752412584e-01
-5.079529479675385373e-01
-4.859880146070409968e-01
-4.749082081458991800e-01
-6.174915619586686111e-01
-3.050094465962301937e-01
-4.475888598939374297e-01
-5.478845033261371400e-01
-1.711075005488542355e-01
-2.944345202140394857e-01
-2.846629686747414456e-01
-6.026058604276375297e-01
-4.926370854991618531e-01
-3.241861821043708902e-01
-5.352162765477687101e-01
-5.508874901002869251e-01
-1.652644316759525056e-01
-1.852508817328390456e-01
-5.860232180445125172e-01
-4.862531705909907132e-01
-3.425434753199196880e-01
-5.189803804042858459e-01
-2.995244986316616398e-01
-5.091951874008761036e-01
-2.821921012431070075e-01
-3.108846903150914720e-01
-5.205721925270005990e-01
-4.749376873238436714e-01
-4.169086101889337703e-01
-5.930283549763365469e-01
-5.573653980156971777e-01
-4.063611535543402709e-01
-5.100569310533269451e-01
-4.540018314411359834e-01
-2.748265143810232347e-01
-3.480646761128396993e-01
-1.321383583542488083e-01
-6.289678083020510124e-01
-5.911276130208765744e-01
-3.305745179363500097e-01
-5.015850500594725148e-01
-4.787297067750221347e-01
-6.163492949636676377e-01
-3.083537143971873395e-01
-4.835613740021511564e-01
-5.558420595910065209e-01
-6.597026175953485394e-01
-9.353322600384662566e-01
-3.322915574760517687e-01
-2.376425349417481681e-01
-8.111952512076405775e-01
-8.979346168772757153e-01
-8.945318272377359436e-01
-3.031879536455770463e-01
-6.473786411425308529e-01
-5.429601441732848643e-01
-2.505621976771469361e-01
-6.204978800037493913e-01
-5.451086228017707480e-01
-1.828580262797499523e-01
-7.766136371650643744e-01
-8.824637377694694029e-01
-4.584723082269970829e-01
-4.073518623262690763e-01
-5.682231804889867899e-01
-4.997052448140825165e-01
-4.151773708394419504e-01
-4.602941103832182690e-01
-2.411484759123611876e-01
-6.332971582288430268e-01
-8.502675452796203404e-01
-4.444244846462997445e-01
-5.045304363312406171e-01
-3.300531191331059766e-01
-4.549292534234984364e-01
-2.227437631932131512e-01
-4.087926623762303535e-01
-1.924916425007787424e-01
-6.809786856628280427e-01
-4.291848111499341201e-01
-3.684790311464380408e-01
-5.342284071217832109e-01
-5.444324890376573967e-01
-4.267479452143436713e-01
-3.997602084923628230e-01
-5.450815515431723934e-01
-3.922557597159460618e-01
-5.113516016862891256e-01
-8.627112552468177986e-01
-4.787125592435581001e-01
-4.471779901175932381e-01
-4.804580348398468925e-01
-4.200826052624755391e-01
-4.899206050454020245e-01
-3.049678120762272515e-01
-4.571798734910592632e-01
-5.614314457701322647e-01
-4.675065038449376376e-01
-4.209235497176013197e-01
-5.084474778893226521e-01
-3.951931228972607180e-01
-4.976949575003376536e-01
-4.317944293027145553e-01
-2.304861101705220905e-01
-4.305642685088150734e-01
-4.469474361946338403e-01
-6.365438112983825558e-01
-6.128238611663463509e-01
-4.025429427320943998e-01
-4.459661282870761578e-01
-4.171856911723579309e-01
-3.965272516846080619e-01
-5.511740900266083321e-01
-5.513730732615514940e-01
-3.762761386291886834e-01
-2.206508582534603136e-01
-3.381540274262525014e-01
-6.049886516574095596e-01
-4.848220520569491154e-01
-5.089654425951811723e-01
-5.395001609898033568e-01
-3.543884528912415455e-01
-4.277886585917722306e-01
-8.544174745985736452e-01
-4.066851097349779565e-01
-3.584989887725315572e-01
-4.473114436223033508e-01
-1.805413551090974400e-01
-4.306587993040941753e-01
-2.503497461315057904e-01
-6.313514187257086574e-01
-5.082805274482496971e-01
-6.490869182270857518e-01
-5.678236474719008386e-01
-5.863182007713374500e-01
-2.344465242771323898e-01
-8.222346766035960597e-01
-2.769579090900765594e-01
-5.679487721874251216e-01
-5.736257239882855963e-01
-3.698780142274382121e-01
-4.456010196427369618e-01
-3.500150105140615864e-01
-1.884109410963221432e-01
-4.680633422385989117e-01
-2.474840569613566410e-01
-3.808005527510318067e-01
-5.160617381085921274e-01
-4.432665085963908291e-01
-5.357498847966585265e-01
-9.472652177911308202e-01
-2.654370110866012267e-01
-2.410900748885360656e-01
-6.351816260206577525e-01
-5.365512489753107017e-01
-4.011632956407365502e-01
-6.431072363550136561e-01
-4.915420914595832191e-01
-4.029055369012655152e-01
-1.527654186872438868e-01
-5.830294563486593251e-01
-6.155913721783325965e-01
-4.623295001944158766e-01
-9.346439074557124638e-01
-8.408344595328759441e-01
-4.009967921264654955e-01
-8.630323196686029430e-02
-3.630040614463668214e-01
-5.669493958033274827e-01
-4.952473757666265852e-01
-5.717646296530914940e-01
-6.080355169925626413e-01
-5.838125665621047844e-01
-4.138102464363806465e-01
-5.803152005800645830e-01
-2.518609691417270091e-01
-2.547034934014717478e-01
-4.398726935753699552e-01
-5.077263230410448136e-01
-9.387359438823248414e-01
-4.508958670424257353e-01
-5.232936286453871988e-01
-9.199996797240338475e-01
-4.670252388516867303e-01
-1.518548388584749498e-01
-5.173467855098542456e-01
-3.128392120445752655e-01
-2.617797874683331361e-01
-4.493267319790394398e-01
-6.186783128963389000e-01
-4.601641281472584333e-01
-3.499948788422894141e-01
-5.744986032565368994e-01
-3.162605861481440073e-01
-6.248123687204653054e-01
-5.290161039004188659e-01
-3.934630542883379434e-01
-3.811004382486191666e-01
-2.834021031554322390e-01
-4.034497630963689296e-01
-5.046515982363094510e-01
-7.651106331995649601e-01
-9.086807169050706845e-01
-3.156505249868340468e-01
-2.941796497128286725e-01
-4.380949980623081719e-01
-4.535507068613659487e-01
-5.816065628106162899e-01
-1.460281372862033133e-01
-8.117969158455313750e-01
-5.064528692021125211e-01
-4.469661076262330668e-01
-3.040710417653090802e-01
-5.441737318404747947e-01
-2.906367838454141372e-01
-5.135992947138688924e-01
-5.447052679284671850e-01
-5.434926559210903063e-01
-4.968354349219805677e-01
-5.503215108700382219e-01
-4.789232988759727361e-01
-3.023946017993487390e-01
-5.402686263197500338e-01
-4.263602151835891307e-01
-5.621093983127585236e-01
-3.614616952303184583e-01
-9.387595505747025060e-01
-2.425134288974244157e-01
-3.940729646512581841e-01
-2.674534685248468602e-01
-1.758610069482769711e-01
-5.721150180515240935e-01
-3.980370032202310560e-01
-9.309057768022411805e-01
-5.064338028972353856e-01
-5.842701370836876906e-01
-2.147958249365185535e-01
-3.457297506364381268e-01
-5.197598946441370771e-01
-4.723558923667864340e-01
-5.361680085287418018e-01
-5.908553636242698248e-01
-5.009413818566528231e-01
-5.290971742870816952e-01
-6.340445687329208102e-01
-3.409870711642342678e-01
-5.677261781110772842e-01
-5.760691383590934578e-01
-5.285350987641791454e-01
-6.156092223539119113e-01
-4.550612033711097237e-01
-6.403968958045774817e-01
-3.578406862303540326e-01
-2.547988997056769844e-01
-6.113453322169051241e-01
-5.262022854273542549e-01
-3.591696601482871065e-01
-3.838545381806418022e-01
-1.817159094172665079e-01
-2.814161165614412208e-01
-4.786685218506889217e-01
-4.497315179474487001e-01
-6.031820751151664162e-01
-2.746273766337263278e-01
-5.076035298234431448e-01
-3.462519898194652002e-01
-3.833598281464420943e-01
-4.700236583020334646e-01
-1.760461651389541304e-01
-5.359691485222993768e-01
-1.779161050276664158e-01
-4.994113878020850494e-01
-5.703721730571819082e-01
-5.189072817947827376e-01
-4.251428718464549950e-01
-6.642972474615652656e-01
-2.046867208704802321e-01
-5.473763368687308839e-01
-2.038703598223542135e-01
-5.330033307266460740e-01
-5.303172426430794451e-01
-4.929764235296102415e-01
-5.925780087983586464e-01
-4.057954475637887692e-01
-5.230729527014239544e-01
-5.173988365095233410e-01
-5.674361761116475389e-01
-5.835116617773690173e-01
-4.328049772300498477e-01
-1.585723591913218711e-01
-6.170324242574320994e-01
-3.529913897599893380e-01
-9.150803839282819485e-01
-5.782066113989736689e-01
-6.102892324209734376e-01
-6.210185889165464879e-01
-5.338113389329142144e-01
-2.761777135000363370e-01
-6.512167579661600758e-01
-3.284001696503076606e-01
-5.935966956732103839e-01
-4.201071309356880223e-01
-5.215212299336042800e-01
-1.850328844881574120e-01
-9.178303200812605311e-01
-5.208088525012936065e-01
-4.795229037885923584e-01
-9.406454009269439309e-01
-5.924572424751040067e-01
-5.971471943326039922e-01
-3.611307206264541825e-01
-4.027321807172146162e-01
-5.915488139523368272e-01
-3.111660403751905779e-01
-2.749780626555957119e-01
-5.438940827548294221e-01
-5.664216857033932406e-01
-5.359915255464527961e-01
-8.244954219512368176e-01
-3.706523050444568979e-01
-5.062528446366219015e-01
-5.648037814828045233e-01
-4.468914165877079236e-01
-6.733251482600108861e-01
-4.413315638244124095e-01
-2.645390320583777544e-01
-6.443259957543144845e-01
-3.576784210688044308e-01
-2.948990809093779975e-01
-3.871934186231718589e-01
-4.916324695867108630e-01
-3.674779914794832347e-01
-5.961557312343765958e-01
-3.947421802427170667e-01
-5.677768893642172188e-01
-5.651503789267976474e-01
-2.737763200803095542e-01
-5.744827620101518040e-01
-4.700305359082677104e-01
-5.439853213006355936e-01
-5.846935657021088417e-01
-6.098789728714306690e-01
-5.063651477310533444e-01
-4.636333722136644075e-01
-1.777939234982802152e-01
-2.250883750689222640e-01
-4.948391294647636607e-01
-5.046934777020661844e-01
-5.411135700078167909e-01
-6.058945104315198726e-01
-2.001713423619208843e-01
-3.660541923536950737e-01
-4.518926586114792587e-01
-5.105184847311994289e-01
-5.115838559446819200e-01
-4.920672214689605362e-01
-3.509426468065970917e-01
-8.813913823679788706e-01
-7.047622913608642126e-01
-6.335094915759782452e-01
-4.004635155725259077e-01
-4.368902244028259330e-01
-5.957177123735071245e-01
-9.194079434431968734e-01
-5.285743929335786628e-01
-4.823510782629105709e-01
-3.411517085638717250e-01
-5.142459847404220463e-01
-8.854192203889869051e-01
-6.064631446528579994e-01
-3.652913612166783786e-01
-4.948117215655016277e-01
-2.308008044016943427e-01
-5.420302123254722160e-01
-6.056684287125220223e-01
-4.309997195813879411e-01
-4.400967510946868777e-01
-4.640498876631891645e-01
-3.410044604578154614e-01
-3.357620794758761629e-01
-4.557166977998076685e-01
-4.577582587309831919e-01
-4.989563758962681228e-01
-3.727716984685421342e-01
-2.389363907053047020e-01
-4.370169571272867204e-01
-4.938417985084748718e-01
-5.309837227701134088e-01
-5.760071630417871180e-01
-6.207404162131203718e-01
-4.853464632666670830e-01
-4.232216147354664892e-01
-5.734288264097919807e-01
-2.884415032286438696e-01
-5.026087163724708429e-01
-5.078171949640294391e-01
-5.816928745208784779e-01
-2.891615274185162510e-01
-3.713431287867693387e-01
-4.089423787645156128e-01
-4.780746790596722695e-01
-4.127676972112410136e-01
-9.370946395175968613e-01
-5.486389679974069677e-01
-3.278030463483551649e-01
-3.934325185788974943e-01
-7.197878471149310453e-01
-6.078944651719430103e-01
-5.415213476553389915e-01
-5.616565198008576232e-01
-8.944374718225168719e-01
-4.670735992610174914e-01
-4.597547183019980443e-01
-2.674748563631186848e-01
-3.717446602768735286e-01
-5.348026904839999762e-01
-5.159292670187849428e-01
-5.162197682652857056e-01
-4.644331023947575465e-01
-5.713148780651267078e-01
-1.328207300066669705e-01
-3.547300558676605986e-01
-2.845273047553418255e-01
-3.167351423055627668e-01
-6.136304739990610102e-01
-5.236672110059461538e-01
-6.553347200878079093e-01
-7.149653000653986845e-02
-2.443172259464593266e-01
-5.014666578381737905e-01
-5.491093700654400278e-01
-5.004608316975482918e-01
-4.847619868456966574e-01
-4.899045245762467249e-01
-6.522978816452535966e-01
-4.397630062497970282e-01
-3.429176068678775890e-01
-4.695093495042591547e-01
-4.789412263697881977e-01
-4.953738018501330220e-01
-6.183054502315243894e-01
-5.865779931746245568e-01
-4.179840022510741271e-01
-6.589121084785070082e-01
-3.572231933680333205e-01
-4.055613775860288372e-01
-4.499065493074006494e-01
-5.854412569656126664e-01
-3.884437574759950773e-01
-3.898158093419165082e-01
-4.191002412249630882e-01
-6.313295796714974983e-01
-4.366326800177463552e-01
-6.502897636960486283e-01
-5.439585437893030839e-01
-9.109841960770205249e-01
-4.947777569768975758e-01
-4.885604723268863747e-01
-1.375348519769038491e-01
-4.800248296657046998e-01
-5.471416059504131679e-01
-4.635113993663685927e-01
-4.499087024440840410e-01
-5.517330851993443863e-01
-4.157976172852058117e-01
-4.071926062848635897e-01
-4.906422225255425706e-01
-3.768005267161156358e-01
-3.083781217804470454e-01
-6.335979190027828389e-01
-3.354767608432723258e-01
-4.345241551447172612e-01
-5.591447606878088283e-01
-5.869336310938567669e-01
-9.452087524817304187e-01
-5.205128291203648949e-01
-5.747136112316384438e-01
-4.868331589546183724e-01
-5.344464142452051147e-01
-5.224455499454264684e-01
-1.855474731831597557e-01
-5.421907508070347159e-01
-4.377495261474362853e-01
-2.782911081718961177e-01
-6.242068691076168019e-01
-6.869609282566458974e-01
-3.427647484900738228e-01
-5.421189069681896511e-01
-4.839519275883553129e-01
-4.177597407958604236e-01
-4.376752246415441250e-01
-1.592692955900655571e-01
-6.876194566707771738e-01
-3.048189802299618445e-01
-4.120151077775179860e-01
-4.911588851856665272e-01
-1.968903119128669887e-01
-5.272885524701163007e-01
-8.594884715139938791e-01
-5.433442137929955784e-01
-3.331561501337741982e-01
-4.801330307840307454e-01
-4.288188113195560147e-01
-5.101093442790410881e-01
-4.728963000964511720e-01
-4.412263592371138965e-01
-6.495499529118574644e-01
-1.962386386442825925e-01
-5.038257552956372232e-01
-6.098667389347771639e-01
-1.742511562713694451e-01
-2.235955577916396708e-01
-5.459333432393731478e-01
-5.085653757880950199e-01
-6.612506340056966136e-01
-6.627075189206460548e-01
-2.210436321992796105e-01
-4.231622050882298813e-01
-5.045237991874468308e-01
-5.421976694113245232e-01
-5.595389741502598824e-01
-1.512033063166857427e-01
-6.145899509470941213e-01
-4.505233368601838650e-01
-5.683200653883789810e-01
-5.370696309521855172e-01
-4.273045546853037058e-01
-5.027298785169634909e-01
-4.528779265969858914e-01
-3.884082630933311520e-01
-3.518520018503321078e-01
-3.309489604793697803e-01
-5.979242519948190226e-01
-4.933907844832748357e-01
-5.370405739477313034e-01
-3.380056783684991517e-01
-4.720876996757668032e-01
-2.260902060659711055e-01
-2.505771929422977440e-01
-5.401885882997694566e-01
-6.295712114825096073e-01
-5.808459526063380896e-01
-4.265392634543928585e-01
-3.972494290741325762e-01
-5.051720963326467029e-01
-4.098202475079763540e-01
-3.667889784519542395e-01
-5.011944663623251195e-01
-7.013600204928976956e-01
-6.318395452982826788e-01
-9.357737591606747340e-01
-8.780330569903905813e-01
-2.230210581255743785e-01
-3.508529835536268182e-01
-4.559162238655639077e-01
-5.859799464336671315e-01
-4.751348977874109702e-01
-5.345246182490324127e-01
-2.536388252691644252e-01
-2.361265780242122747e-01
-3.350633959360184710e-01
-6.126494021682770130e-01
-6.715214139966202422e-01
-7.853696164110836042e-01
-2.827437701850135099e-01
-3.506152966243680780e-01
-3.210707940858147924e-01
-5.020712028824781958e-01
-4.129731590166900723e-01
-5.006210078974121513e-01
-3.886790637014720939e-01
-5.691195969887056227e-01
-4.313269057677197038e-01
-4.367982003126697488e-01
-3.785766340903673477e-01
-7.966714897204228985e-01
-1.890850921660035266e-01
-4.843419410260251801e-01
-5.788640912923713744e-01
-4.125314388829132151e-01
-5.128547991601891676e-01
-5.477793930136121148e-01
-6.458291893364451752e-01
-4.915786590954419610e-01
-5.017060160534601021e-01
-3.373888798528000832e-01
-4.059252131320260082e-01
-6.085915186385331133e-01
-4.909174417641175014e-01
-4.233292671854296252e-01
-4.140020709690510059e-01
-4.436130225690312900e-01
-5.550056240151592934e-01
-2.698445682523349931e-01
-3.165919948647424320e-01
-2.092521218802208538e-01
-4.801994301162742507e-01
-4.158801249517768972e-01
-2.284636826086746675e-01
-4.488013053447331702e-01
-8.834495062080149896e-01
-4.338388532462206792e-01
-4.028480035536678994e-01
-6.235983313101886027e-01
-5.929468019728809658e-01
-2.755655986353623410e-01
-5.092208794067627498e-01
-8.010721483322859049e-01
-2.407575438613070995e-01
-5.715595339268825237e-01
-4.350261825251521830e-01
-5.643187429448790482e-01
-4.776545804548291141e-01
-9.691667180010383742e-01
-4.860403521347113620e-01
-5.721679815376031764e-01
-5.656389783000786986e-01
-1.634355759318073809e-01
-5.308538596581047209e-01
-4.035156676449480062e-01
-5.986012203448738411e-01
-6.182435774828193287e-01
-5.783921749993328199e-01
-8.732161413899541813e-01
-5.121397605717437074e-01
-4.867387365600874816e-01
-5.935286206382879293e-01
-2.550413457094747871e-01
-2.438854153678808590e-01
-5.538273552265342570e-01
-8.599834470978873213e-01
-5.676132165674104835e-01
-6.738276200935086058e-01
-4.458366991316291550e-01
-3.788595718541784563e-01
-5.019562361243079529e-01
-3.548070243441835969e-01
-7.453897155426295607e-01
-5.276304720684149574e-01
-4.121459346979988170e-01
-4.479825107836289400e-01
-4.861847038454666925e-01
-3.688239416504946466e-01
-4.894287428003754603e-01
-2.457583068188398112e-01
-4.963860264275885559e-01
-6.320786924052990141e-01
-5.519964970214426003e-01
-5.686402416116762559e-01
-5.933741659224491816e-01
-4.794371767331554457e-01
-4.667590881401617042e-01
-4.985291528338069988e-01
-4.503060091447653179e-01
-5.118911193736914722e-01
-5.600961295188736644e-01
-3.893751413033331166e-01
-4.794030494627711803e-01
-4.113211866393718386e-01
-4.330598720438608162e-01
-5.747767773512475475e-01
-3.612981782664869135e-01
-3.871656833470791814e-01
-4.628218956710036247e-01
-5.490070279620551386e-01
-6.592099202061600938e-01
-3.398874817070692833e-01
-6.339771545399865982e-01
-4.593398840228106739e-01
-3.517199740392121798e-01
-3.548058982520872484e-01
-4.949101192989773801e-01
-4.356256670761726735e-01
-4.855511742882225312e-01
-2.597364069823367982e-01
-5.083717381110518518e-01
-5.180621577811324041e-01
-5.831365222263216186e-01
-4.029887206099991848e-01
-4.723387403826847519e-01
-4.580149398692759943e-01
-3.625905416254242564e-01
-4.781488629085690056e-01
-5.248851987860221335e-01
-9.924869498315556093e-01
-5.226727313238794803e-01
-9.286604445616957193e-01
-5.591466750921214590e-01
-5.702987257612032179e-01
-5.495222649157028849e-01
-8.473969829589503289e-02
-5.092049298354577314e-01
-3.756936528333241765e-01
-3.940696966602150741e-01
-2.061417597149284298e-01
-9.351162536818374837e-01
-6.749446704427247701e-01
-3.940860511387319631e-01
-5.993640599947951397e-01
-4.132416486860840399e-01
-3.453756868395024271e-01
-5.097168929106202784e-01
-5.208619272233619979e-01
-7.120413942092113091e-01
-5.366792962513463605e-01
-4.950840152779798498e-01
-3.970478405679811473e-01
-3.647925617449905844e-01
-4.351427890633779993e-01
-5.149357677795900479e-01
-4.459043306026155840e-01
-5.562818211248529154e-01
-6.208773288358676590e-01
-5.671601307878980647e-01
-3.926563935598454957e-01
-3.280116999519822607e-01
-4.496445638136957190e-01
-6.071781079840889994e-01
-6.069576609970686043e-01
-5.651276823570760000e-01
-4.713399955780860906e-01
-4.746228496677857844e-01
-5.460933961883208676e-01
-6.015498810916509731e-01
-3.350578474015984409e-01
-5.981340999674666925e-01
-6.517506092231637460e-01
-5.233815688018719214e-01
-4.852375161947607429e-01
-4.924867230755942682e-01
-4.779613057595344938e-01
-5.462342148178214174e-01
-4.535079898045149549e-01
-3.989970335408263291e-01
-4.461385999891712140e-01
-5.857368658413253382e-01
-4.458053137140743361e-01
-6.291587210490229287e-01
-4.888941899693722837e-01
-5.823812580246386927e-01
-4.179730344511529694e-01
-6.899255619187022459e-01
-5.911073697012385608e-01
-5.246170353448131873e-01
-2.997770732604701505e-01
-4.472422441712441965e-01
-2.822291124774715110e-01
-4.369980086678882936e-01
-3.299240212897640578e-01
-5.768762303080451348e-01
-5.958736358193965632e-01
-6.037755797339375841e-01
-5.280513610295280991e-01
-5.665822836036886745e-01
-6.475561240744717173e-01
-6.650446464803325686e-01
-3.568421241972118407e-01
-5.679003503476504067e-01
-5.883523026592663019e-01
-3.831319537427937960e-01
-4.583844514673444670e-01
-5.993529351346615908e-01
-4.486992403163029275e-01
-3.265894942840128490e-01
-5.782870148218139938e-01
-5.550943892599715657e-01
-6.823002449611684783e-01
-6.484476324924575152e-01
-2.779795956353988684e-01
-5.944303424232197930e-01
-4.479309394475818329e-01
-4.869930058884661128e-01
-4.830432934148576885e-01
-5.164464461231637049e-01
-7.901163000765921707e-01
-2.381497037028789954e-01
-4.677807377555520119e-01
-6.086224786746755600e-01
-5.520240459364376129e-01
-6.471155475587306860e-01
-5.452366009643384581e-01
-4.577851205776182764e-01
-6.311621250050966081e-01
-7.946947665397969818e-01
-5.526780393211360165e-01
-9.701230560191649310e-01
-6.005178573862124392e-01
-5.502765315329652962e-01
-5.011008547756052867e-01
-5.751639450401196951e-01
-2.721964751383081360e-01
-4.165929331011717918e-01
-8.371218872074159822e-02
-4.192850423639562507e-01
-3.744921377723157141e-01
-2.559588770435339833e-01
-5.100290970739477237e-01
-5.402007207404656564e-01
-4.515203960356132251e-01
-5.219187991776119695e-01
-2.346353559176104497e-01
-5.970994700785700049e-01
-5.228783314540120797e-01
-2.818061123769248222e-01
-1.824404356413205086e-01
-6.395787858898290823e-01
-5.230782640754187973e-01
-5.360356057318363954e-01
-5.872211908055545715e-01
-5.500192171192326285e-01
-4.939820729657941056e-01
-2.267733603405606146e-01
-2.821933177047440955e-01
-6.920481427832850807e-01
-3.663811096420653279e-01
-3.117514916462914010e-01
-5.665526758538041996e-01
-4.788327322263010166e-01
-5.343678490917549428e-01
-5.107505607664021285e-01
-6.291046134226767617e-01
-3.289134725743060872e-01
-5.311028879410150116e-01
-3.529184009120189258e-01
-4.884595275203070242e-01
-4.437306746570636173e-01
-5.824026865261812125e-01
-4.872515149345274521e-01
-2.407161451449015832e-01
-5.997364823924569155e-01
-6.069177974995191294e-01
-5.428948971732011630e-01
-3.117617993222888684e-01
-4.521257096429206479e-01
-6.090515306719045396e-01
-4.473254778259407316e-01
-5.200291902284662759e-01
-2.728973266740871706e-01
-4.226782365056151458e-01
-3.750049888857854841e-01
-5.566535799537390972e-01
-8.974853471551023087e-01
-5.130309062953992694e-01
-4.842780889287166546e-01
-5.655048133227729146e-01
-1.602528622342843656e-01
-3.590531322104117407e-01
-2.336001766106961253e-01
-2.136709348360133764e-01
-5.445870491768087795e-01
-5.109790769682156508e-01
-4.985432206264128752e-01
-2.766580134028038818e-01
-4.302873538003016973e-01
-4.409464194650298818e-01
-5.020926349558414437e-01
-2.303141795636017009e-01
-5.556194327359050833e-01
-6.023642432389179069e-01
-5.620314698254599284e-01
-6.775196145803157322e-01
-5.378367945371296255e-01
-2.388354215346743248e-01
-9.350498377201208466e-01
-4.190790197804669659e-01
-5.804543965159054686e-01
-5.723760870711395166e-01
-3.565040407421669055e-01
-3.771507705394835375e-01
-3.575463085920013717e-01
-6.068631471965287849e-01
-1.870991293345103945e-01
-6.357625119018931459e-01
-3.968773156070802832e-01
-5.405051577681535546e-01
-4.554121381990953732e-01
-5.189279077818269581e-01
-7.271973796856551209e-01
-6.336806759083144502e-01
-3.490535997375854294e-01
-5.849765610492013712e-01
-4.311989847847437218e-01
-4.044618490406308720e-01
-9.619619684935883097e-02
-5.759214569683245299e-01
-3.614720999539717816e-01
-4.694838817980878654e-01
-5.915214867751767969e-01
-4.747767141236620692e-01
-5.477531349951404449e-01
-5.213591730872088048e-01
-5.462704748806833654e-01
-5.780510415259079160e-01
-4.574463041667978791e-01
-2.877173216253480215e-01
-4.422884131279375408e-01
-5.265261213513391381e-01
-4.445716255927083527e-01
-3.862593077407098230e-01
-4.580510246369792204e-01
-3.018168069535700493e-01
-4.379692223479383362e-01
-4.765164730114433422e-01
-5.185238323049713438e-01
-4.536868365810162174e-01
-1.406272829462262841e-01
-4.003884855406916188e-01
-5.359002994623570659e-01
-5.247879186425197240e-01
-3.404679440305317106e-01
-5.274945550719249976e-01
-4.252446490620186426e-01
-8.581536281313564274e-01
-6.058493813895652336e-01
-4.789587728561979230e-01
-4.743822088233006218e-01
-3.529763183662381620e-01
-8.964955695417140547e-01
-5.890326846831972496e-01
-2.320886561991998276e-01
-5.070200531405536504e-01
-6.443112179892300784e-01
-4.963938698421818674e-01
-4.282931387813213586e-01
-4.888421013841310336e-01
-5.302870820241143424e-01
-5.531238068932605723e-01
-4.499531064271896086e-01
-4.924084056477990856e-01
-5.391542500606721910e-01
-6.603538076897982334e-01
-5.284909909164932085e-01
-3.987498957107296071e-01
-4.352106733213744194e-01
-4.767557353797953201e-01
-5.175999174431401562e-01
-5.496878213258943324e-01
-4.603878098852119405e-01
-2.724711419269331691e-01
-8.680315722262037514e-01
-4.928336222346066386e-01
-4.152520912407944298e-01
-4.994953545271290096e-01
-5.253347088145273736e-01
-3.907594284520737316e-01
-1.626376195881493458e-01
-1.413392058438988075e-01
-4.931173653041068250e-01
-2.721535768776749964e-01
-9.167940641753635767e-01
-5.112002137657115641e-01
-5.144858707824263577e-01
-1.217900255188112540e-01
-6.513871430229111192e-01
-2.302184217654505982e-01
-9.473361700555771314e-01
-4.809030817516246614e-01
-4.461906498409750621e-01
-6.128227562143975238e-01
-4.632298714575767140e-01
-5.383838685057334983e-01
-2.808265357997911660e-01
-4.200686310361154696e-01
-4.746406517817179371e-01
-3.031225307069445596e-01
-3.242374311989325575e-01
-1.278956961591949937e-01
-3.030596191670333894e-01
-5.952665584014942279e-01
-8.577254719411774309e-01
-4.473622210018994849e-01
-5.167534606214301274e-01
-2.550145487259148358e-01
-4.121928949156432598e-01
-6.460022025860446826e-01
-5.685867769503117897e-01
-3.068248323172693692e-01
-4.682501126076271669e-01
-4.305150491994351736e-01
-5.520124132429713448e-01
-1.809310742196687805e-01
-2.173221316484900689e-01
-3.979663951909619968e-01
-4.313204148745203304e-01
-3.023331941554618374e-01
-5.321904688147676143e-01
-5.492112797158018589e-01
-5.617356830439815818e-01
-3.680382223171606015e-01
-5.884448595829873119e-01
-2.296714089894627830e-01
-5.518967694547305403e-01
-5.330123247377147599e-01
-3.998599389864750386e-01
-9.171207510489032266e-01
-4.459589572918335465e-01
-4.544421851701591075e-01
-4.952040776399758149e-01
-4.608986624404175503e-01
-5.130390591569496950e-01
-4.671722781810693781e-01
-4.631937612659227654e-01
-3.836247528246308214e-01
-5.941459929978329946e-01
-5.846368671910872061e-01
-5.150337592039059276e-01
-5.599839496112234416e-01
-4.213794093171424060e-01
-4.731661311781553136e-01
-6.807582096507093228e-01
-8.936429169687406526e-01
-4.812465068720590544e-01
-4.464314745769943360e-01
-5.402486956120510220e-01
-4.764452126309025037e-01
-3.584690608186778538e-01
-4.943053954903907088e-01
-5.527265286049317661e-01
-4.477825917724662097e-01
-3.916141290367281536e-01
-5.647267244129995367e-01
-4.145566245593305110e-01
-4.947526407779830881e-01
-4.901461786376674623e-01
-5.718388399058212945e-01
-4.522432732663501653e-01
-2.021613981473181498e-01
-2.877136144731965439e-01
-5.081703200891661831e-01
-7.084769374986865653e-01
-4.749910520443039741e-01
-5.146349727167128796e-01
-5.404020462766144783e-01
-3.192359920151511821e-01
-3.667435001773539649e-01
-3.376314590743351718e-01
-3.931691106478316100e-01
-5.133347107139442089e-01
-3.459151222186603869e-01
-5.792827264071185311e-01
-7.158000488416594864e-01
-4.891132748008537035e-01
-3.533579097785669587e-01
-4.581236667862043088e-01
-7.138595523786078756e-01
-2.463063762247314215e-01
-5.928736989016796244e-01
-2.006130641094805711e-01
-5.986512440461052575e-01
-6.235342216295580720e-01
-3.180984078686269201e-01
-3.963395438552028138e-01
-6.088148180333399218e-01
-5.768820718819703819e-01
-7.171290911167187421e-01
-9.080703283143597426e-01
-6.085174455875038690e-01
-3.563468093029878991e-01
-3.054270135761493754e-01
-5.558602607654368200e-01
-6.468853913081360485e-01
-5.165489637867176631e-01
-4.833228959465107333e-01
-4.531013217484355371e-01
-5.828691379435132491e-01
-5.781596309843853865e-01
-5.239550824190547518e-01
-3.896090646636228838e-01
-5.220540747229623912e-01
-4.631778032932458711e-01
-5.533028454462999290e-01
-2.480899302871417689e-01
-5.424685076243096482e-01
-4.198099870140818979e-01
-5.138477199520202765e-01
-5.211217215551687820e-01
-4.753199136217818310e-01
-4.382238590465493133e-01
-6.572353385937022008e-01
-5.279238598611524225e-01
-3.945180472830524532e-01
-8.611354804641834226e-01
-2.352117979281360127e-01
-5.222200096532971791e-01
-9.312850892772448486e-01
-5.509008547636685682e-01
-4.571743940715641275e-01
-4.424978764617682470e-01
-4.042293131839692077e-01
-4.149676786786372640e-01
-4.744660385520844681e-01
-6.029923038959232873e-01
-4.929962249287763165e-01
-4.979020979715331752e-01
-6.574653016553253515e-01
-1.773935404747944422e-01
-5.411451613368654101e-01
-5.991115865249017070e-01
-4.731408348539657971e-01
-4.795908097059645714e-01
-4.464913580161314899e-01
-4.254200691314642402e-01
-5.750931858172647626e-01
-3.948434384778213291e-01
-6.442638633767086009e-01
-5.796231023492289802e-01
-1.840255923032655949e-01
-4.019699851366965171e-01
-4.574703458020312197e-01
-5.300191205341027167e-01
-4.183538476697671871e-01
-4.182896225810833757e-01
-2.967229688124217724e-01
-3.940140024999901902e-01
-4.961893792763354405e-01
-5.251176605448102386e-01
-1.992307293878538554e-01
-5.145259082900792702e-01
-5.850833815255704895e-01
-2.733652711341662545e-01
-6.307959944719048195e-01
-3.540601343863502559e-01
-1.796078685759260607e-01
-4.595754562256356146e-01
-4.421460961074614726e-01
-6.141902592725733134e-01
-2.420090909019213810e-01
-5.481276319768131344e-01
-3.720287426282676835e-01
-6.290391604568094097e-01
-6.429433928962544620e-01
-3.211340705398092465e-01
-3.965559115260154366e-01
-5.957821477455635950e-01
-5.540499008283262805e-01
-4.157324421409793747e-01
-4.068942319649496153e-01
-5.347083183741763168e-01
-5.913288074703537678e-01
-5.509838749479563091e-01
-3.651986807800930990e-01
-3.606767252477186547e-01
-2.484800746217531164e-01
-5.702782472206493480e-01
-5.982943160018668882e-01
-3.800550896838937320e-01
-3.703863293433068971e-01
-9.702915914857277446e-01
-8.954222222052459212e-01
-3.527469388864841182e-01
-1.891877900151018865e-01
-9.399539536856915678e-01
-6.642521473117695141e-01
-4.440285478871297542e-01
-2.440062323949578338e-01
-5.504909799426668249e-01
-5.050345067077131045e-01
-4.817289410323001286e-01
-3.941183204742321200e-01
-2.569273331150698225e-01
-5.612130600306539652e-01
-6.991868616823015969e-01
-4.499043779045012181e-01
-4.927846024237414468e-01
-9.347215371065378253e-01
-7.474522973123709502e-01
-3.712944733685377696e-01
-2.547977385430653108e-01
-4.220865031285127578e-01
-4.858563716838536495e-01
-6.023377864147165806e-01
-5.839288390653335492e-01
-6.796510119059985255e-01
-5.503123213868162944e-01
-5.837143929429080558e-01
-2.841430134113474004e-01
-2.162577716352985513e-01
-3.759946441141876483e-01
-4.481520092063433491e-01
-4.409182374384718051e-01
-9.535378306382015223e-01
-9.205368946629427507e-01
-2.065671631965286525e-01
-4.893320383164557197e-01
-4.911845531252054253e-01
-2.785526930978424742e-01
-5.473060492557609846e-01
-8.971345647063035944e-01
-6.109724679118506696e-01
-6.131987937553918799e-01
-5.188711289702395701e-01
-5.144491203546780467e-01
-9.718895539348861856e-01
-3.306141086474770896e-01
-4.326620126652017118e-01
-3.264322101306584845e-01
-5.484490713764783587e-01
-1.334179135510161762e-01
-4.803528268187771677e-01
-4.815886034045788744e-01
-4.971973178267716786e-01
-4.263776465971799712e-01
-3.804686436983472642e-01
-4.388742250144598844e-01
-6.249844193970679473e-01
-4.531737988430782904e-01
-2.869757667667796053e-01
-5.737204472912369457e-01
-6.847242675673573808e-01
-7.226287022060360332e-01
-5.408251136575317197e-01
-6.041117694167572605e-01
-6.179252784558594280e-01
-6.461319861720081770e-01
-6.685790832117567695e-02
-4.502330506606045946e-01
-4.455624802362991299e-01
-5.191389953165185256e-01
-4.638405634624042650e-01
-4.545154710144628796e-01
-6.289017590298969784e-01
-3.529764676997944051e-01
-4.331035676810687796e-01
-6.720738118605802391e-01
-6.441715237044481901e-01
-1.326518718685191500e-01
-2.609417289470593038e-01
-7.095260647255702269e-01
-9.030627067840849564e-01
-6.519825620290625734e-01
-8.524148655056950075e-01
-5.020885746910115355e-01
-4.645644287586486176e-01
-6.170554693654337619e-01
-4.789528457694422481e-01
-3.427203684310738407e-01
-4.886496072751158048e-01
-3.552940028716249921e-01
-5.667355561695405219e-01
-3.568635209772925698e-01
-2.795134948161658861e-01
-1.459954962148785340e-01
-3.250596704610825838e-01
-8.409743031681534697e-01
-8.741231019609583264e-01
-2.886626729750683684e-01
-6.484880089386000357e-01
-5.839469475352214722e-01
-3.603938375718905296e-01
-5.177469163794373719e-01
-4.790200068795186783e-01
-4.566697054667021582e-01
-3.529804713141911909e-01
-5.842242852080336002e-01
-4.350183472689692632e-01
-4.428346816591012258e-01
-6.456344639112649997e-01
-4.646030359041073976e-01
-5.496429970014126143e-01
-6.540124323121955241e-01
-6.184750509043542843e-01
-4.021453519004873911e-01
-6.376215591787608439e-01
-3.482778525318351304e-01
-9.247669960836474301e-01
-7.551944236329054538e-01
-1.003817024090256638e-01
-4.266202891193056623e-01
-4.226752107643002021e-01
-6.735393179756280491e-01
-3.493788606071154823e-01
-3.220525299835425015e-01
-5.054144712752465241e-01
-2.031164743647508319e-01
-5.075397794124709705e-01
-6.542465935325837423e-01
-5.334088810852833928e-01
-3.181824236587220689e-01
-4.641455681594445215e-01
-5.551164741198278962e-01
-5.320655226206070232e-01
-2.959580986403466674e-01
-6.225487659773625282e-01
-5.559939598175517306e-01
-6.143227876513888130e-01
-4.531327881495729182e-01
-4.710429596117475803e-01
-2.502486301006314751e-01
-4.008402725799002364e-01
-9.041170927381086964e-01
-5.049324953579950037e-01
-5.589620933558496763e-01
-3.435927495501749918e-01
-4.494209809145627843e-01
-4.549691217643549446e-01
-6.569843362216466476e-01
-5.568200662937372591e-01
-5.345631485079727074e-01
-6.672253568566482995e-01
-3.647331239450967710e-01
-2.160323874590135695e-01
-5.202918080589005179e-01
-5.372555034383471595e-01
-3.459298666969151670e-01
-4.513708032042810792e-01
-3.880500058256192708e-01
-4.478606882384780774e-01
-9.562274306636585619e-01
-2.810467831906953151e-01
-1.977843370282036384e-01
-6.810494535903323099e-01
-5.552848056715069536e-01
-5.548071494215691679e-01
-4.981090036680906330e-01
-6.309429861814092044e-01
-5.468328753228628436e-01
-3.580397348840693716e-01
-2.824837172454795486e-01
-4.159438268512080095e-01
-3.845065156171142418e-01
-5.496979624216755678e-01
-4.930996625928162902e-01
-4.291854592104417110e-01
-2.137477056505099893e-01
-4.843556664345580187e-01
-5.176292100519818140e-01
-2.341090078896549964e-01
-5.700679028947354121e-01
-9.050713648903571107e-01
-4.874256477144410793e-01
-4.762375306208250780e-01
-3.477203307070624305e-01
-4.664429387252875814e-01
-6.250081927853470276e-01
-3.926551016806651973e-01
-5.590747956031948407e-01
-5.152186067434894046e-01
-4.745888666628400587e-01
-2.057204799163135922e-01
-4.626920005927503410e-01
-3.355904770479802290e-01
-6.015188522261212256e-01
-3.817616852352512247e-01
-4.569648547050083609e-01
-9.951689994371898385e-01
-5.086959920799268842e-01
-5.473695562697740158e-01
-4.192927122148225605e-01
-5.027048039272397073e-01
-4.687416380022203510e-01
-2.088454980379322312e-01
-4.476527116032243403e-01
-5.316707556690695169e-01
-6.063744397061326952e-01
-5.463303720501472283e-01
-3.770606276821610314e-01
-4.754761381897820161e-01
-3.088923187140479865e-01
-5.621899794081207657e-01
-4.304991473738556951e-01
-4.688007999039081053e-01
-4.705870695885843724e-01
-5.766931764541260996e-01
-4.337380833454211881e-01
-4.292411190429530343e-01
-4.989289869113809339e-01
-3.142938812575057361e-01
-4.354406268187089868e-01
-4.622737443725569162e-01
-5.165161532977582404e-01
-5.813176497013357036e-01
-4.857853974660834018e-01
-6.558462724908424857e-01
-3.422481015847934627e-01
-5.680937499141617275e-01
-4.982712449692355272e-01
-3.435752631298133464e-01
-5.147272212380897827e-01
-5.509675126399988798e-01
-3.563011047080983373e-01
-5.686391602466590589e-01
-5.829153689723937104e-01
-4.969051882569388012e-01
-4.863272900515739905e-01
-1.537894358886964796e-01
-6.468317219866943635e-01
-5.238745982191755912e-01
-4.032657218498292284e-01
-6.000420330988902595e-01
-4.790626191045573301e-01
-4.624618922469994065e-01
-5.743285851274726461e-01
-3.862262365081415294e-01
-5.918599201187316750e-01
-5.025366735780516514e-01
-4.292723231527942884e-01
-4.417474625761391160e-01
-4.134666234707756183e-01
-5.161688926609034889e-01
-5.224149426087647541e-01
-4.800854031645073738e-01
-4.641838181383359796e-01
-4.414007483028664636e-01
-4.806638147661402849e-01
-6.152379423734735120e-01
-4.080644279370090333e-01
-4.840270029523634499e-01
-5.382577127566925412e-01
-4.461125372914314657e-01
-5.264539734575042207e-01
-3.230338502813783763e-01
-6.147082091094097089e-01
-5.703747867042512354e-01
-5.868683454369357788e-01
-4.086005339640356726e-01
-5.018174591026399733e-01
-4.937026204867842605e-01
-4.944335914601092896e-01
-5.497243816530099636e-01
-5.674696578342253162e-01
-5.067377591412932647e-01
-2.814179184751228746e-01
-4.404395337130477817e-01
-4.419184571475288092e-01
-5.478968659021670184e-01
-3.189059645542113852e-01
-5.449460627290414472e-01
-4.336054911632397091e-01
-5.659192401304264930e-01
-2.614230905824229678e-01
-4.335323149039612134e-01
-4.265642428245699502e-01
-2.045592605296036315e-01
-2.917819263112719774e-01
-4.833491490233812193e-01
-5.403057771530030973e-01
-8.963745956309285834e-01
-3.477586654621612205e-01
-5.034990367705474146e-01
-1.981401423182096999e-01
-3.726907251968108459e-01
-4.035326881686105427e-01
-5.178374292509840826e-01
-5.167063172684698280e-01
-4.934293239939278597e-01
-4.581984718670840673e-01
-4.360578798826528768e-01
-7.433922160438326543e-01
-6.079336529603575068e-01
-4.320280018248640053e-01
-5.666013803733400689e-01
-9.022920108594717492e-01
-4.328542739064292766e-01
-4.979339582348326076e-01
-3.487673511467450638e-01
-5.934513654189524923e-01
-4.489580155109151871e-01
-5.098764661665343700e-01
-2.506145113387170942e-01
-4.995707231729241693e-01
-1.405974817910379815e-01
-4.843451942665317755e-01
-5.580414132191579002e-01
-9.254309830116612678e-01
-4.650339641280376579e-01
-3.997096076266916098e-01
-5.720376344731532559e-01
-4.557218470088005846e-01
-6.210452352311793822e-01
-5.047438089624333157e-01
-5.743697213193759143e-01
-2.560478978412617512e-01
-2.491526117867669810e-01
-5.818408467262651262e-01
-6.059968691072774583e-01
-6.238883588031873817e-01
-6.039035858737993312e-01
-8.862368167371299510e-01
-6.481217303272001073e-01
-5.117084250965741044e-01
-5.565673617175534993e-01
-7.326109786869765550e-01
-3.908150517195537188e-01
-4.247049442582769840e-01
-3.945875549316535946e-01
-5.659250578668888476e-01
-5.810881770441100880e-01
-4.893418171621988777e-01
-5.113722365403676751e-01
-5.449806939379717718e-01
-3.794418761777056393e-01
-5.313083026491763894e-01
-4.089274916173199492e-01
-2.477102049661770444e-01
-5.423293052066217035e-01
-9.303789404980089550e-01
-4.418023848063918901e-01
-5.417700651478707385e-01
-2.916749802917031342e-01
-4.031888507653539344e-01
-3.827827080109144076e-01
-5.143359379587306712e-01
-3.866803352088110102e-01
-2.369951321583365078e-01
-4.307949581382521931e-01
-5.363889479568058061e-01
-4.789864310894290100e-01
-5.894238617474709674e-01
-4.875989582449008486e-01
-6.004722801741507743e-01
-4.331679527204184699e-01
-1.520401009258096070e-01
-6.391024253329964377e-01
-5.851370581158462647e-01
-4.911459200363939015e-01
-1.760414097393280808e-01
-8.899056222366239499e-01
-4.385221995511652815e-01
-6.544003762539313263e-01
-5.655804292255999233e-01
-1.405659709248480438e-01
-6.617416420575560343e-01
-5.853417351644331079e-01
-4.902172560325132045e-01
-6.140401320936694773e-01
-4.112236277800456752e-01
-6.386419292902720812e-01
-7.761900766558071929e-01
-9.155085109750821237e-01
-4.136428452582273096e-01
-2.797517935125647948e-01
-4.533792735530509654e-01
-5.577379219874437632e-01
-3.350353118985119338e-01
-5.213411703856244417e-01
-6.020769454113172880e-01
-5.904091324283925468e-01
-6.258990263964100409e-01
-1.228283569606773012e-01
-6.031968780743865999e-01
-3.051732425301265095e-01
-4.127175472397821565e-01
-4.219248331543523078e-01
-3.732358501203897339e-01
-4.173450288808888686e-01
-5.493561789796015393e-01
-5.824605125890960355e-01
-4.558601480774175929e-01
-5.123393055677000207e-01
-5.942065597863056547e-01
-5.782895627737609789e-01
-3.025817929525139172e-01
-4.130526864342737858e-01
-4.936398636919803740e-01
-1.599794214049496677e-01
-9.530492735288208506e-01
-5.995627155730737234e-01
-4.873821016796306416e-01
-5.474449070386253613e-01
-9.381627492000420565e-01
-4.915836136978521398e-01
-3.775696308976105309e-01
-2.199850267589571196e-01
-4.331606574997071135e-01
-5.880818464476514906e-01
-3.797415271267361447e-01
-5.058256415611078749e-01
-7.409722005995698080e-01
-4.635300618882561285e-01
-1.770688431565871634e-01
-7.545849512646684021e-01
-5.006325290508327752e-01
-3.555960568043171066e-01
-5.282746916694803785e-01
-2.901392572666162128e-01
-6.505605864940946503e-01
-4.158734196310385212e-01
-4.838204928707121599e-01
-1.615827746902201989e-01
-3.544705167518775735e-01
-5.274317386085972670e-01
-5.861080829639906398e-01
-5.679576932060403927e-01
-6.666364352840629115e-01
-1.577794473190664015e-01
-5.287224089551978423e-01
-4.599774720543757245e-01
-6.769898374459615287e-01
-3.959364419070560137e-01
-6.260763996683311738e-01
-5.929477585701500297e-01
-5.427615807726002828e-01
-4.213783465750614576e-01
-5.941026372161086755e-01
-4.559815457421556584e-01
-4.929659650382161584e-01
-6.527538197305262635e-01
-6.020546020799186770e-01
-6.118486018965276774e-01
-5.081305932930078040e-01
-4.890643215448922665e-01
-3.704275613422970403e-01
-2.555873185865113473e-01
-3.818937082707042907e-01
-4.851491767609588668e-01
-5.121925063117855892e-01
-4.435668580200806121e-01
-4.876854163390064167e-01
-5.117144778179945064e-01
-5.162104781128792341e-01
-5.423533345806463846e-01
-5.422293874261338020e-01
-5.446633195513296277e-01
-6.413638842394535633e-01
-5.311313134230379873e-01
-4.266136628543610865e-01
-4.031383492035512939e-01
-4.615142531320489683e-01
-5.768472704926500549e-01
-6.704527670088141766e-01
-4.949911877400758331e-01
-5.880075289397080907e-01
-5.155816611030327179e-01
-5.187377754923899742e-01
-1.830901077637765439e-01
-5.308139902034525459e-01
-5.453503668199037868e-01
-5.756597419684510442e-01
-9.083442935822447772e-01
-8.716079380715090474e-01
-2.751128844463290868e-01
-4.749319584163256835e-01
-5.528887207754384914e-01
-3.001226611708990299e-01
-2.706309217682607016e-01
-9.132418240153502564e-01
-1.782753898794319225e-01
-5.243233325508883658e-01
-5.952573140681454156e-01
-4.618727972669907644e-01
-5.317590298381242864e-01
-5.233847566817628749e-01
-3.556101314343926845e-01
-5.212564337176462947e-01
-5.018329885049209738e-01
-3.912486120629963815e-01
-5.333115398801955287e-01
-5.121996724796076261e-01
-2.946166091035640200e-01
-5.158640666331665292e-01
-4.878803593744853728e-01
-1.966635539588172943e-01
-2.108226443578868903e-01
-4.283741472453133636e-01
-1.816228169503259771e-01
-6.046050104005282755e-01
-5.938348334351811753e-01
-6.030470891048921311e-01
-3.645875534899092885e-01
-6.266979395900832417e-01
-4.066168272947200957e-01
-5.178305331194791306e-01
-5.115293679791478310e-01
-5.333581177350718017e-01
-3.404561339581257395e-01
-9.236584074249820642e-01
-2.108012075032233701e-01
-5.844581480118634653e-01
-4.134822625742484159e-01
-4.545064477488817700e-01
-6.369900990033946497e-01
-5.228980757009644709e-01
-5.398319380816989366e-01
-4.671284523177874903e-01
-3.675284632451161770e-01
-5.712881654922965513e-01
-5.730020661350374578e-01
-8.680809015164484554e-01
-5.472142461281185311e-01
-4.945459039355946107e-01
-6.005643725417658674e-01
-4.832878946681811172e-01
-1.877728529055166518e-01
-6.550934148366100995e-01
-5.980397335350737809e-01
-6.379523261005280999e-01
-9.762503384260768913e-01
-4.965602360903182411e-01
-4.198943052969795198e-01
-5.626928232703458654e-01
-4.757141714088403694e-01
-5.492401290190929153e-01
-7.017665341115640887e-01
-6.694248609324477961e-01
-5.496279339531844332e-01
-5.548690762018360090e-01
-3.261859892982520437e-01
-3.259982717201949654e-01
-6.142145067092515953e-01
-4.254031753268157634e-01
-1.821328874646466200e-01
-5.174377414881732307e-01
-5.151554026396600872e-01
-4.299060967131220767e-01
-2.509548438491333577e-01
-4.649516325414754236e-01
-9.347403817428024952e-01
-4.832266936982156369e-01
-5.101629084231866784e-01
-5.254074553376958390e-01
-4.340775882267789432e-01
-9.931713368605865622e-01
-5.178852641572055937e-01
-4.204783781541706622e-01
-4.824684800659166939e-01
-3.525163887914320449e-01
-5.142879298718824321e-01
-5.975230798120635400e-01
-5.042279396312825401e-01
-6.369515039964969150e-01
-3.862889538362224151e-01
-3.142989613959214501e-01
-9.760074432700506231e-01
-1.877826110061220632e-01
-6.224484767288439580e-01
-4.233768884456970971e-01
-3.460236192136921241e-01
-4.479125405558807005e-01
-5.586775317804059116e-01
-5.051830041468010624e-01
-5.601069587931437610e-01
-5.739533356025308120e-01
-5.245174795719650396e-01
-5.810576384121621807e-01
-9.078830907003608841e-01
-5.282340434822060393e-01
-5.542341150410204920e-01
-6.129376745117496306e-01
-5.956981481347795038e-01
-4.586693415511776672e-01
-4.124734260416482168e-01
-3.108489513513599256e-01
-6.626291607678601592e-01
-4.939248907113987785e-01
-5.352113952277279818e-01
-5.155686200971203448e-01
-5.466864206918425895e-01
-8.633638381732378075e-01
-3.281936649752531521e-01
-5.331439408429931026e-01
-1.487502530693238234e-01
-2.169650858789364534e-01
-5.718045926805932488e-01
-4.441569930331014104e-01
-5.133214844907528773e-01
-4.030878228364839777e-01
-4.592049819737274441e-01
-5.415684172751256131e-01
-5.058599506062831930e-01
-5.590075624825021627e-01
-3.941294265440211109e-01
-9.174967571335854721e-01
-2.845507561639301630e-01
-5.213225976179478582e-01
-3.441511836478916564e-01
-5.101200071675560110e-01
-2.518328685054156968e-01
-3.008146418297424352e-01
-5.019672365605288844e-01
-2.623180908394984190e-01
-4.633663764251064188e-01
-5.578355849204719163e-01
-2.655157475347970086e-01
-5.894817933426105272e-01
-6.488661976217171556e-01
-5.296617942816769231e-01
-3.144210738660942472e-01
-4.691406046782142791e-01
-4.446319998962260933e-01
-5.240211311231764979e-01
-3.723102524172024475e-01
-5.478093581714804650e-01
-2.355153771970904253e-01
-1.912646336890891641e-01
-1.794330917105586010e-01
-3.791893780088509969e-01
-5.178219502759645598e-01
-4.652862694323386950e-01
-3.513691928823451938e-01
-3.128497037904947597e-01
-2.756037461641924757e-01
-5.042349406414553536e-01
-5.632415561567105655e-01
-4.929516172385320916e-01
-5.516895262944645495e-01
-3.679467236480838954e-01
-5.118546762834631503e-01
-4.280617444069035882e-01
-5.979558177626453919e-01
-9.694801851009752225e-01
-4.492033860560662450e-01
-4.861038307655646262e-01
-5.873893754074190898e-01
-2.312562349402897677e-01
-4.234473343368677090e-01
-4.947636667694935708e-01
-4.546888352986737103e-01
-5.864502861586287086e-01
-5.121625333285537707e-01
-5.168079300609420557e-01
-5.834809225624245643e-01
-2.252162331691727470e-01
-5.614587725595924228e-01
-5.938404310895382121e-01
-5.916991459459182146e-01
-2.261199302665200250e-01
-5.692297615217422058e-01
-6.545555333079232652e-01
-4.981954131232307348e-01
-4.531490657063462213e-01
-4.811582106235151590e-01
-5.164388292108469392e-01
-6.009446680624758175e-01
-3.864632110703637435e-01
-5.302132473608497376e-01
-5.356866352171545387e-01
-5.113533689125597803e-01
-4.326537042537622058e-01
-4.455676087628975823e-01
-4.781513931432775921e-01
-9.008287276722141135e-01
-5.366826357260309210e-01
-2.072000183913508264e-01
-4.517784016555309590e-01
-4.683859738464514200e-01
-1.954966531110713945e-01
-3.518087167718581543e-01
-4.100819907701980238e-01
-1.399621766271347267e-01
-5.348513377833126192e-01
-1.461694643720125864e-01
-2.476295171574013076e-01
-6.083268459304004283e-01
-5.959870869454554354e-01
-5.023349032691204474e-01
-3.590953617876427306e-01
-3.746712166860060034e-01
-9.098567551463767611e-01
-4.108235973658612150e-01
-3.868917745898131644e-01
-2.910992035986523230e-01
-1.747100085448428930e-01
-4.135892395912558750e-01
-5.212184423953173384e-01
-4.298570890308547332e-01
-6.119981203906063039e-01
-3.901306564010512679e-01
-5.425197045853630273e-01
-5.526182161097369372e-01
-4.974029613875531886e-01
-5.869586477565621463e-01
-3.641255194511621163e-01
-5.217892078650226972e-01
-5.265323377111733594e-01
-7.175510861345653080e-01
-3.936697035303831638e-01
-1.727887616491841638e-01
-3.234592979480459540e-01
-4.980921382871779657e-01
-5.377781761832124419e-01
-3.615723183804638308e-01
-4.115279829195863104e-01
-2.594300709305634167e-01
-6.826133358793038397e-01
-6.720673062618022220e-01
-5.380982589497733670e-01
-3.659969488872423793e-01
-4.975474261732701908e-01
-2.972713103135835588e-01
-7.996518866241784096e-01
-3.557726209557310337e-01
-5.541539954413738922e-01
-8.126991945514026039e-01
-4.470900813975259847e-01
-4.645377490498136530e-01
-3.657926085051804721e-01
-4.975177075882031286e-01
-2.284626542638492075e-01
-5.096721852511107986e-01
-4.321220162550781230e-01
-4.738473724644831631e-01
-3.271452399810031442e-01
-4.061699786353963892e-01
-6.324149397618453738e-01
-4.775102220964517752e-01
-4.473811263168305241e-01
-5.535085007610348606e-01
-6.332931992380741448e-01
-2.170796887517794649e-01
-1.731754307384986147e-01
-7.917824381647099452e-01
-4.241865545698091933e-01
-6.054800727227999113e-01
-3.843332880164132548e-01
-4.758928208449798580e-01
-6.059912337225660250e-01
-4.022526452987157386e-01
-4.715441802763599699e-01
-5.343762689608775318e-01
-5.028491857519508113e-01
-3.921710454579301341e-01
-5.766811901965532838e-01
-2.387338776854435185e-01
-4.318849570824849216e-01
-4.269574893648621083e-01
-4.872027616934236915e-01
-6.473247263646999539e-01
-5.979460764615101009e-01
-3.805979964684418904e-01
-9.505931187373206637e-01
-5.733928591866715996e-01
-5.090160890239344704e-01
-5.220191549733986802e-01
-1.558153533283526126e-01
-3.229963030356473586e-01
-4.179068310595382418e-01
-1.347975856873465383e-01
-5.355225534011509581e-01
-4.410008951744532335e-01
-4.616712953250763363e-01
-2.950946249177574532e-01
-4.850399529195040249e-01
-5.102351656504163779e-01
-3.405117873802718242e-01
-5.210002783208952382e-01
-1.236067381787853414e-01
-5.728706187398906469e-01
-3.209947655959772272e-01
-4.393883650022543108e-01
-6.039297839091990472e-01
-5.386486771374974225e-01
-5.672452722851498708e-01
-4.340341179159782903e-01
-5.075526958340594863e-01
-5.152784287602902857e-01
-3.785324131321144425e-01
-4.616781049104155543e-01
-5.074503362879306811e-01
-4.683845819209459527e-01
-3.534799973509269444e-01
-3.057302895920132602e-01
-5.147155671862293502e-01
-3.517500443957358169e-01
-3.332323133675009208e-01
-1.715162090671485395e-01
-5.026401645354316994e-01
-3.345582527542256823e-01
-5.366678728691451905e-01
-4.811571058333163897e-01
-4.680468526055162060e-01
-5.324037361962802306e-01
-5.668704506643108543e-01
-3.175970574686415859e-01
-3.090394001906268673e-01
-3.059038137594983220e-01
-4.798627442661267950e-01
-4.395295961306616150e-01
-4.316013190357912421e-01
-4.415744596591051896e-01
-5.682866656703398078e-01
-4.799331533695547214e-01
-5.787474668708455505e-01
-6.759752867168327128e-01
-5.241006250407307387e-01
-5.476943753521451574e-01
-4.498491103820660975e-01
-4.867231145476273446e-01
-5.703576181579441684e-01
-4.192967228234090182e-01
-3.796238450308811463e-01
-2.450543546768541858e-01
-4.023733616350137487e-01
-2.472115063054795558e-01
-9.775286943927077865e-02
-5.911601053415814766e-01
-6.244772581040937132e-01
-3.547278470373330661e-01
-4.585624724263976382e-01
-3.911686332103715968e-01
-4.407455578364669613e-01
-2.198218918169073943e-01
-4.437929272393144609e-01
-5.908047639347817626e-01
-3.550105916888502411e-01
-5.389862848240447590e-01
-4.526549504810314373e-01
-3.687982644173591895e-01
-2.519228661084333964e-01
-5.144180316793546259e-01
-4.777800067663974248e-01
-2.666565902744555405e-01
-5.922885329209175431e-01
-4.795000597713309221e-01
-5.329388903314445924e-01
-3.688424545327380066e-01
-8.496952823282244438e-01
-5.275187596737731521e-01
-5.422738037599886818e-01
-5.490067743383956200e-01
-4.479143630048221802e-01
-5.709905137746922321e-01
-5.748513077286808715e-01
-5.722329749955912259e-01
-4.463084449697068412e-01
-3.149982772482944338e-01
-3.883386727108439906e-01
-5.023420444899201476e-01
-4.397178433630934968e-01
-5.212731203601089769e-01
-2.234938504485355359e-01
-5.857825074054943126e-01
-2.213757708817025993e-01
-4.533408284960339096e-01
-4.788462518812705571e-01
-5.262502639696529094e-01
-4.264149303464186413e-01
-3.802544829118911784e-01
-6.098383454201822262e-01
-3.445293097363806289e-01
-3.133563324626176261e-01
-5.143066865804040155e-01
-5.255373675053457427e-01
-6.866626362608904133e-01
-9.337577384579337503e-01
-6.359772387018279849e-01
-5.576746656905018362e-01
-9.222439971184538399e-01
-4.531766474077886242e-01
-3.065305989630769390e-01
-1.303644351464453843e-01
-6.508446273239967272e-01
-4.408870602633016555e-01
-3.889947051280009394e-01
-3.458047182184258994e-01
-5.465309356968244270e-01
-3.839110251644838323e-01
-2.854822862750259760e-01
-4.117761796751847614e-01
-3.758592537514790499e-01
-5.066852492678376452e-01
-6.392115851978245056e-01
-5.257988142499893103e-01
-5.842617668215210891e-01
-5.758972341426106256e-01
-4.340836466692479800e-01
-6.314544366188005187e-01
-5.410976781401631852e-01
-4.598299322166243264e-01
-3.391265043144436886e-01
-4.749716868092236366e-01
-2.881636672328986570e-01
-4.611640352980786450e-01
-5.222448306250017103e-01
-5.147548161778574549e-01
-6.021509476127855365e-01
-3.902540027160177893e-01
-5.537967739339576534e-01
-6.257654010338712380e-01
-4.438686667052959001e-01
-4.814645761066408958e-01
-3.349693378942992239e-01
-5.186203033218190761e-01
-3.250561228185649409e-01
-5.428177336058896962e-01
-2.860893576420412976e-01
-2.646253593200508791e-01
-5.922844627506834714e-01
-5.510671011879355596e-01
-5.732748422279703160e-01
-9.309716314407103788e-01
-4.914072653074362806e-01
-3.904527043008073073e-01
-3.097015280027788919e-01
-3.421686254020032680e-01
-5.754583904603884914e-01
-5.984989625767372923e-01
-2.779943654871858683e-01
-5.293079922858797692e-01
-4.541495134157026436e-01
-6.916996513981602535e-01
-6.164122860243324009e-01
-4.017008963965387758e-01
-5.941773731789551372e-01
-4.901011011173827536e-01
-2.477922154956796741e-01
-5.085399586746205403e-01
-5.225498648961962589e-01
-6.794236773484648717e-01
-4.681668858003746880e-01
-7.131052251178544577e-01
-4.701524921914307931e-01
-5.741708527481516056e-01
-5.682496548442704798e-01
-5.143500763426999134e-01
-5.129349317316050927e-01
-4.393662398058020835e-01
-5.661542637058029070e-01
-3.522830013043422026e-01
-5.140008876091003431e-01
-5.518179878604906330e-01
-4.230314677030505011e-01
-6.162481059110604953e-01
-6.230763089347607364e-01
-1.824345513306956934e-01
-5.924044593640821477e-01
-4.831500456989973324e-01
-4.542770832769241207e-01
-8.860709713825248857e-01
-2.252812065858322554e-01
-6.412461580463025834e-01
-5.508518182298323129e-01
-6.278902412034369496e-01
-4.361968427493996825e-01
-5.314021254137470951e-01
-1.708479775194567396e-01
-5.448764673677513048e-01
-4.528672829804489264e-01
-6.210359346111604673e-01
-8.758134667952270913e-01
-4.809609971764343683e-01
-6.361883469079114839e-01
-2.064733065376455901e-01
-4.085377476397072938e-01
-6.122795801460962917e-01
-5.387391663531957420e-01
-9.436291204118093523e-01
-4.688128607227781686e-01
-6.361692774977891762e-01
-5.704380044617168855e-01
-4.225453284852154767e-01
-9.583317940494588960e-01
-5.647324503092966408e-01
-4.509280301193722695e-01
-4.793249062356265688e-01
-3.369903499197774988e-01
-8.347793306542251601e-01
-4.093085967117749413e-01
-3.210384571955573474e-01
-5.037523026869653586e-01
-5.417029733685899684e-01
-5.806466710840394452e-01
-9.181153931243379862e-01
-3.165227556554379706e-01
-4.991564131604121490e-01
-6.176409839739237517e-01
-9.458093666705603697e-01
-4.857259472701643821e-01
-5.583852380720289998e-01
-8.566751955345653924e-01
-5.857458756753417539e-01
-3.548441328529482464e-01
-3.595579858291861330e-01
-4.863139712512255519e-01
-4.990774767558173175e-01
-6.328951716846383801e-01
-5.650735628516676545e-01
-5.929320125609426340e-01
-3.788440210973091360e-01
-4.441824653702254322e-01
-5.560666554046546084e-01
-5.818107882176700718e-01
-6.666176977409600246e-01
-5.545791515081227585e-01
-2.954531646840503623e-01
-8.361720066974465126e-01
-5.086983583845363643e-01
-9.307334345772966255e-01
-5.371424205293245935e-01
-4.317664649278558642e-01
-5.505322280282237690e-01
-5.258317751702945575e-01
-4.983708040080618296e-01
-5.798669466043018250e-01
-6.523954029617413664e-01
-3.204211481732004430e-01
-9.030129996811520066e-01
-3.127023184999157546e-01
-5.388144795048133151e-01
-9.010389511994996159e-01
-3.614530452696350649e-01
-9.196446853299902191e-01
-3.772973062203722194e-01
-4.591071892038042779e-01
-5.504555254745332471e-01
-6.171782077086509499e-01
-1.981067430423740228e-01
-4.180307019495193566e-01
-5.801302235558912779e-01
-5.041396616720837942e-01
-5.655512524561701060e-01
-4.347919016690982574e-01
-5.167595256346554367e-01
-5.142796916347280867e-01
-7.959582691157187639e-01
-4.183118376830826102e-01
-1.638268241891125965e-01
-5.992227130473511965e-01
-6.032676509751387917e-01
-4.571968659704876425e-01
-5.130312693387010237e-01
-2.171050143241609054e-01
-4.980289448404207064e-01
-4.416749734781459380e-01
-5.397027505129575742e-01
-5.806486667935489843e-01
-5.839714244156056777e-01
-3.622107450083236757e-01
-3.658395486270620278e-01
-1.540718025713693207e-01
-5.906566959321424282e-01
-2.016820729916367905e-01
-5.181505685416328832e-01
-7.093827515541906159e-01
-5.793290644736903694e-01
-3.926608762800931074e-01
-4.723242091753883654e-01
-9.001900775542456823e-02
-5.024175680583901071e-01
-3.512597051186601704e-01
-5.629036351923294434e-01
-5.716249727134565806e-01
-9.683327584482889216e-01
-4.987804590938377247e-01
-6.397046996970400246e-01
-6.390074510039247535e-01
-7.132215338965798290e-01
-4.869931248360339082e-01
-4.078394601993295954e-01
-5.733197394498974475e-01
-5.068658058966855062e-01
-5.111863960664821960e-01
-5.238908054742856812e-01
-4.534748445383627868e-01
-4.293942967646471875e-01
-4.910075371135393940e-01
-2.707568022997768331e-01
-3.511426071532299797e-01
-2.098394219065660149e-01
-5.634901750553127364e-01
-2.623955233930796993e-01
-3.441081415378500763e-01
-5.566308433918183418e-01
-5.597927551912392774e-01
-3.015831522913506313e-01
-8.904686679069470090e-01
-1.656517161620724987e-01
-2.490559112463047731e-01
-5.684420771381013537e-01
-4.536490668204561372e-01
-5.950757210805353026e-01
-5.526731237908962813e-01
-4.985320740554206598e-01
-3.091002071108859828e-01
-2.824818698102897208e-01
-2.910219299054186415e-01
-5.787730172622160829e-01
-5.849517736994098716e-01
-4.733400361278281010e-01
-3.848795455475814697e-01
-5.116114638974254003e-01
-3.751451144717439234e-01
-4.604556001755084060e-01
-5.170259412105923102e-01
-6.732485433619878057e-01
-4.715683082423638983e-01
-6.803457342903037608e-01
-3.463556441549431320e-01
-4.509925059224427213e-01
-4.650250470922850377e-01
-5.416553780028364740e-01
-5.789543373645738011e-01
-4.060871159020577603e-01
-4.510916610391756398e-01
-8.768485754011741129e-01
-3.427753170618071388e-01
-4.668457705326176099e-01
-5.421621141311009362e-01
-3.477014021549070244e-01
-4.504354228085497569e-01
-5.048194396722537336e-01
-2.763863735679868983e-01
-2.993932262583504089e-01
-4.567017061309385784e-01
-6.158657329140724279e-01
-2.939016676855353838e-01
-5.395251916747865195e-01
-9.043672843687258212e-01
-5.363275513450751486e-01
-8.897275639780581891e-01
-5.301233445293885849e-01
-5.189335426352015279e-01
-5.664321402811784978e-01
-4.856713582764037307e-01
-4.195084392515484595e-01
-5.133848508740366245e-01
-5.300667404913304015e-01
-3.852218855225049698e-01
-2.556927718330126997e-01
-1.893544521371132716e-01
-4.996684882642641878e-01
-5.226141680584479587e-01
-2.691164290887591015e-01
-1.961886124707337697e-01
-4.290871123942138765e-01
-2.976170905051117588e-01
-5.514600672633537259e-01
-5.191588355765635043e-01
-4.769363952045566069e-01
-3.994922770277097857e-01
-4.579593970621728127e-01
-4.562908835749696634e-01
-6.694645018546118154e-01
-2.570177439131095531e-01
-3.747036289991003688e-01
-4.374837874550411843e-01
-5.501557663113845198e-01
-1.861972106711460850e-01
-4.859171430370708422e-01
-3.878339193776584315e-01
-2.525868763435255016e-01
-4.887864178813839389e-01
-4.620654628490651894e-01
-6.118864883184368386e-01
-5.056857990348145870e-01
-3.470077797218371063e-01
-2.018562469946504345e-01
-4.369905760705254938e-01
-2.646596030881447903e-01
-5.515429012445854928e-01
-2.157966318030270225e-01
-9.184034956927430438e-01
-8.126880045019926335e-01
-5.710796342376273094e-01
-6.018174164812112314e-01
-4.736438255001211295e-01
-4.959065258540403254e-01
-1.860429567397897666e-01
-4.161509576084567730e-01
-5.261001090769850119e-01
-3.703769690169261830e-01
-4.949319895537260261e-01
-9.024794425017229615e-01
-6.429329092498640152e-01
-5.517684411622083562e-01
-5.901571563868693859e-01
-5.629905141834764537e-01
-4.361481865670505664e-01
-3.304592827689493695e-01
-1.533722749646440897e-01
-6.000734073623233966e-01
-2.767890668934455678e-01
-9.267079611956261509e-01
-6.932467975627791823e-01
-2.959641895837743508e-01
-4.820717261577184831e-01
-5.540944264935649954e-01
-7.272442542500635598e-01
-4.114880020481860301e-01
-8.931101396962705108e-01
-5.108776660828220351e-01
-5.684446908234934703e-01
-5.198279703581013544e-01
-4.165971140159681618e-01
-5.699509621259009062e-01
-5.793808982985990674e-01
-6.856752757482480476e-01
-4.568849565994853590e-01
-6.455052562089793611e-01
-3.896679700365281995e-01
-4.679448644318177641e-01
-4.335873294770743458e-01
-4.458069524586800725e-01
-4.219906074782723282e-01
-8.779729217898043503e-01
-2.426600409202396280e-01
-5.848014691908349771e-01
-5.352890017082713170e-01
-2.606315968121000748e-01
-4.852152863928801962e-01
-4.450525637872626006e-01
-5.383146361221331500e-01
-2.544497712992018768e-01
-5.806653376708120762e-01
-5.797760200575082790e-01
-4.038218893376258611e-01
-2.610908026726344588e-01
-6.244403937659974702e-01
-2.601894187255208157e-01
-3.815879171441587392e-01
-5.379311411100121676e-01
-4.400343170197755782e-01
-5.047860628543233696e-01
-8.994516402711794090e-01
-3.680070480138652456e-01
-3.273630553412511524e-01
-5.975270382984092521e-01
-6.038924616726075723e-01
-2.510999177110868619e-01
-6.355108793706958359e-01
-5.369847447944301466e-01
-5.376905285584810956e-01
-2.717006104818470158e-01
-4.216822865358194616e-01
-2.252141414711343881e-01
-3.494508750672447039e-01
-1.894948591316233666e-01
-4.067341649102232948e-01
-4.895499931755705747e-01
-4.997981113499571082e-01
-5.942222596110637856e-01
-2.609168671059531874e-01
-5.331308572234763066e-01
-2.417851953118950181e-01
-4.826342111375915289e-01
-4.718674144746020094e-01
-3.164054786396635066e-01
-4.566567391550850896e-01
-2.532852600472312865e-01
-4.951818026148805396e-01
-3.127464588288837999e-01
-1.912159849202508255e-01
-4.505955607132411944e-01
-4.672438553518959425e-01
-1.480211885130121585e-01
-4.272380094043020660e-01
-5.104250040290227997e-01
-4.151267633949708991e-01
-5.076241056239626515e-01
-3.318367045094441359e-01
-6.680451621879354152e-01
-6.013952846203800551e-01
-3.383870241530181344e-01
-3.878655825199174290e-01
-1.630057090152084998e-01
-6.165316454101230637e-01
-5.623130414269172928e-01
-2.813222392246660930e-01
-8.218545214704154889e-01
-4.135910950962981558e-01
-2.394164346634096718e-01
-4.189256995029607133e-01
-2.885467565643517474e-01
-5.732029638553647333e-01
-2.967481636474089135e-01
-2.089025385282834435e-01
-5.214228098819003732e-01
-4.276942566414075886e-01
-3.549658320381814391e-01
-3.258349508351093271e-01
-5.102333461945350868e-01
-6.757771457060866016e-01
-7.404444142703903164e-01
-8.742709757934890025e-01
-4.735081171762444141e-01
-3.859428209362232298e-01
-5.361434185208195924e-01
-2.768721992044509972e-01
-5.636770908205012143e-01
-5.265651015457389894e-01
-4.395574636202885244e-01
-8.764873221525524283e-01
-5.734537733035500739e-01
-6.125087277464837943e-01
-4.238534721289627938e-01
-6.246478700604988221e-01
-5.349040675019531843e-01
-2.288045043245860999e-01
-4.967915550205572184e-01
-8.482219623164246602e-01
-3.786831438602175637e-01
-4.885249085762115029e-01
-4.910376241203069370e-01
-4.327040200892113830e-01
-5.517941286296837999e-01
-5.899851480920449420e-01
-9.081992395823564879e-01
-3.159601291567524228e-01
-2.475108379424572069e-01
-5.486594961595235853e-01
-6.205683033539356463e-01
-3.577021630686242903e-01
-5.728946303721925704e-01
-5.039493929946641249e-01
-5.024244715322784272e-01
-4.277489464698786548e-01
-2.478180104285849505e-01
-5.165677821277304682e-01
-3.069677509893649625e-01
-3.565821233829195025e-01
-2.604753554147593020e-01
-2.140290489031475007e-01
-3.706737184425898946e-01
-5.294093408198209394e-01
-4.372838017003771727e-01
-5.498837626022466951e-01
-8.774941564844533914e-01
-7.605158337809294622e-01
-9.261070450283962474e-01
-1.558647131180204148e-01
-4.583122794826610669e-01
-3.926332644086131252e-01
-7.961911132299004379e-01
-5.019685145890216971e-01
-5.631070795120648453e-01
-5.720788048328863118e-01
-5.361005455757694715e-01
-5.058139543004350758e-01
-4.053913349499540519e-01
-3.329766272673623795e-01
-5.391388940156242038e-01
-5.139390200199100978e-01
-5.921055306438771648e-01
-2.911248097851745764e-01
-4.506919413425110599e-01
-1.835332906079906179e-01
-5.630949131371534300e-01
-2.752942702322794810e-01
-3.753110914735402481e-01
-4.836978612381102605e-01
-3.199057588794914087e-01
-4.314333785229052531e-01
-5.446848089887315059e-01
-1.836634096169260932e-01
-5.230860816377914668e-01
-4.906253675553468585e-01
-2.469382691149187292e-01
-4.819616808091231053e-01
-1.712555212974286589e-01
-4.809802216285000154e-01
-9.396723291292703450e-01
-6.295364608124738304e-01
-4.376023853765108051e-01
-5.636184832787308752e-01
-5.969894591601114797e-01
-5.504820507061006785e-01
-6.396156730249531464e-01
-2.639184727552437160e-01
-3.532953706752627321e-01
-4.739973773228007281e-01
-4.557310760933097615e-01
-2.386041302613305104e-01
-5.356643669967365851e-01
-4.866839304339980465e-01
-2.316717789391697924e-01
-5.024563721087879076e-01
-7.123202397431391830e-01
-5.958245411774243383e-01
-4.750247128547103737e-01
-3.101481242328950061e-01
-1.761837131545037627e-01
-2.874297665088328402e-01
-4.921861378799249342e-01
-5.084570472703954236e-01
-5.277721850645969992e-01
-4.101625038312123328e-01
-1.051520339624065992e+00
-5.970945627353658747e-01
-5.335870077122610855e-01
-3.714804774545487631e-01
-4.089558426513714151e-01
-5.232661683293835519e-01
-4.516941844121158955e-01
-5.518878182206571337e-01
-5.144600116085650265e-01
-3.706775498551748704e-01
-4.462746567890126803e-01
-9.348544678471476521e-01
-4.913874904377971697e-01
-4.691893482636910195e-01
-5.097681272106383554e-01
-4.895283908340937185e-01
-3.163992617144233410e-01
-5.271862895113806902e-01
-3.555705696397001292e-01
-5.006541866100764349e-01
-1.862109182888057324e-01
-5.251911507391253675e-01
-2.510496516699536329e-01
-9.457414290851127170e-01
-4.136635618887196109e-01
-4.444035299460684096e-01
-6.010347941858703580e-01
-4.264930222485978084e-01
-4.327939648458231092e-01
-6.687911343897841032e-01
-9.356649670858087076e-01
-4.056874360457728979e-01
-3.626929762371736699e-01
-4.960696557592907396e-01
-6.031886747838185459e-01
-4.220722420755696480e-01
-2.505754832782787767e-01
-3.760789072724677329e-01
-5.508535259016668073e-01
-4.779875437323944931e-01
-3.210089756307241138e-01
-3.541474254197170546e-01
-6.551004319681739130e-01
-6.360448529824569430e-01
-5.545424058571104542e-01
-3.305338063990119202e-01
-3.412391171941634993e-01
-4.585864553529393484e-01
-5.717938830895966662e-01
-3.652827880086290113e-01
-1.773294922081860014e-01
-6.215245031307806700e-01
-3.223114428238409435e-01
-5.852596530697302679e-01
-3.799362243043011289e-01
-5.249735886445878741e-01
-5.065834293575419700e-01
-5.327603203501294349e-01
-6.341030809530106005e-01
-4.859449524405077825e-01
-5.214403140152009675e-01
-6.105613945065234693e-01
-1.931425679784396221e-01
-9.735758132439557011e-01
-4.679625905241133754e-01
-2.903392817014842642e-01
-4.028495426298971949e-01
-2.220535325729551535e-01
-4.058002326775337898e-01
-3.289686931814341797e-01
-4.004079198769006087e-01
-5.229307541649224067e-01
-4.549617113529036416e-01
-2.320961980478095099e-01
-4.945889791157965787e-01
-4.296760465812324847e-01
-9.210426160583433663e-01
-2.332013219984205854e-01
-5.659834228772362419e-01
-5.339208539843445234e-01
-4.740365422361565995e-01
-5.194184331901172680e-01
-3.945690885815477111e-01
-4.722398838614439431e-01
-4.791453811584002742e-01
-4.866482871895938533e-01
-3.374057984741417604e-01
-5.252149043879050794e-01
-4.369828462407136516e-01
-6.136741969417803810e-01
-4.594345427504010759e-01
-6.134031392548878747e-01
-5.427719997418219977e-01
-5.101961115239282973e-01
-3.786967553818296195e-01
-3.880798975667913986e-01
-3.809622930317184131e-01
-5.414400575763411716e-01
-4.794488913590416179e-01
-5.223576146932989994e-01
-7.133869948156532637e-01
-5.303910528251916112e-01
-5.157505324433977467e-01
-5.954362557311826398e-01
-5.231356578748895814e-01
-4.201525829113058053e-01
-3.517695634298460550e-01
-4.905168579428576536e-01
-5.157090351174801190e-01
-4.611432470801766770e-01
-5.641078914387492871e-01
-4.275699137159018060e-01
-1.600090843383339956e-01
-5.832732459278939796e-01
-4.773468816113647373e-01
-9.119331812815477667e-01
-2.706426068475777380e-01
-5.162214607002040268e-01
-3.134102531915370360e-01
-5.466729390791534859e-01
-5.916871408991976056e-01
-5.385243434211520741e-01
-4.186301995258868147e-01
-6.164468455724162466e-01
-4.527847686102249303e-01
-3.151491505936669379e-01
-7.612562482621199056e-01
-5.037270982487253024e-01
-4.688526924667124063e-01
-5.749750711800785119e-01
-6.325261896742285783e-01
-5.028106634493082483e-01
-1.516757883047050726e-01
-7.714481621293924896e-01
-5.440746402815281879e-01
-4.868536150115604921e-01
-5.332266873840587618e-01
-5.723442723486993344e-01
-3.113439636879681283e-01
-3.620383215230493779e-01
-4.835781934308324148e-01
-4.316117226889298331e-01
-4.502921491001559695e-01
-5.402410269268166365e-01
-4.666878475952626060e-01
-4.635370970627132325e-01
-5.808385264500937062e-01
-9.368255341722645513e-01
-3.313746476289656240e-01
-2.467147236354891859e-01
-2.691228502671838552e-01
-6.136649125755201384e-01
-5.161466569119392833e-01
-4.945577610516954659e-01
-5.488136660495090968e-01
-2.512237054526442748e-01
-9.340348199304496779e-01
-4.190150447463401040e-01
-2.682363733218089963e-01
-3.942575526953089327e-01
-5.180510454667330844e-01
-9.561725024157334829e-01
-5.336425138650358058e-01
-6.548222059215552671e-01
-5.567221322215766266e-01
-6.175676747342915274e-01
-2.964601628345658879e-01
-6.712458865047142842e-01
-3.005471586609103074e-01
-4.887332663578795588e-01
-4.863103711290704956e-01
-3.543672202712560004e-01
-6.271241568820743462e-01
-5.883936652092964792e-01
-4.681514563518821004e-01
-4.478315174501416585e-01
-4.881778269721342434e-01
-4.319817556551418525e-01
-9.245249813515831194e-01
-5.540356569462026037e-01
-6.197899288721698818e-01
-4.080640693569082544e-01
-6.027662692280935097e-01
-3.982820119348719490e-01
-5.479716953232616206e-01
-6.132235206397129712e-01
-5.763542258009353159e-01
-4.667726592603562152e-01
-4.447821094800660235e-01
-5.432559772691855082e-01
-2.104751551533219633e-01
