chirp_mass
2.849328394964271993e+01
2.843600411601687128e+01
2.949297894808403342e+01
3.044522023398846855e+01
3.034076970184809952e+01
3.053627293778121299e+01
3.021886209654386590e+01
2.888060506547986606e+01
3.079361355335124983e+01
3.066012639240559778e+01
2.902371459248413643e+01
2.910156704369634184e+01
2.905089288551903337e+01
2.873076703794558640e+01
3.053298967792829188e+01
3.074787868621231013e+01
2.975593151961628990e+01
2.975233687530284499e+01
2.988939916312031642e+01
2.843469624646670368e+01
3.015033089130191257e+01
3.176590649464182547e+01
3.059406739977977452e+01
3.032086557892311518e+01
2.986692430493022954e+01
2.919029713237278401e+01
2.941926516986594109e+01
2.898321211032906319e+01
2.849242743248017007e+01
3.018195044155137552e+01
2.932612811006899278e+01
2.929574979500120335e+01
3.053032842221716336e+01
3.113096699547138613e+01
3.016339153455313138e+01
2.909754776041104307e+01
2.943487358913661822e+01
2.785845250204429391e+01
2.976978055090462760e+01
3.015823372244213019e+01
3.004919019382566958e+01
2.791928906551161660e+01
3.040127835798746503e+01
3.083654085271461298e+01
3.156091047896238422e+01
3.041741428576389694e+01
2.980124547102191457e+01
3.076279874341828702e+01
2.856246597043939772e+01
2.832230118514943129e+01
2.823783424085512195e+01
2.853445236362317416e+01
2.890629025929778351e+01
2.952724773730203367e+01
3.002174517639609519e+01
2.839788628909550638e+01
2.920513379523590913e+01
2.830824983159498132e+01
2.983195101339884303e+01
3.020311731466856742e+01
3.008299710418536321e+01
3.193362567727047718e+01
2.870642051162430164e+01
2.951044225214716121e+01
2.970137771569368468e+01
3.167506777933313344e+01
3.173782718826303295e+01
2.713894749115909022e+01
3.011807750121343474e+01
3.125328693702113370e+01
2.995194054239367176e+01
3.174073150665523713e+01
2.972072853473306253e+01
3.037646775962312873e+01
3.024081643833302380e+01
2.854886752128926020e+01
2.937729964456613274e+01
2.916065770243089972e+01
2.891236536687584291e+01
3.084372406557762147e+01
3.138015871504646981e+01
3.013997057936099822e+01
2.960364113018318832e+01
3.037481783108763622e+01
3.055982796421359637e+01
3.014354177553655845e+01
2.907283124791167239e+01
2.969048437167297294e+01
3.123546830685013020e+01
3.106808785537781503e+01
2.941481079579044788e+01
3.025132935122598710e+01
2.924130850064079112e+01
2.988975274760230860e+01
2.942470416986250825e+01
2.841179575522087575e+01
2.957707413044801825e+01
3.187943424554761762e+01
3.066577166609254590e+01
2.881324562283364088e+01
3.043915366747450690e+01
3.013873092400838871e+01
3.069920445025439903e+01
2.808925793437657958e+01
2.993492674088941996e+01
2.792446141675581828e+01
3.024252786078260158e+01
2.996820143978160544e+01
3.069604627608348579e+01
2.996920481829402405e+01
2.843064794118508942e+01
3.171126635203405186e+01
3.165899905458453745e+01
3.029594984072491570e+01
3.092122793895672572e+01
2.885296544998948676e+01
3.017038563904316817e+01
3.092151181217707645e+01
2.811485016212611043e+01
3.099872423466599258e+01
3.188611847559994672e+01
3.150486516433213779e+01
2.953670322954791416e+01
2.733525633844168112e+01
2.866005625962550241e+01
2.915795262416593303e+01
3.033885782626359884e+01
3.101259836737131437e+01
2.920406815573456782e+01
3.157470396398945667e+01
2.895113800544071481e+01
2.628197992466995103e+01
2.911104127212716364e+01
3.030099275264836578e+01
2.899995764225252159e+01
3.022394307263089885e+01
2.933598472844704474e+01
2.804865469636972009e+01
3.046918487346990645e+01
2.968913260550176147e+01
2.784305643674727548e+01
2.925823006927244307e+01
3.019473110196209831e+01
2.656121585407479913e+01
2.860950704683283163e+01
2.832410634037859509e+01
3.289092724323995043e+01
3.132491432409178600e+01
3.118978842437649135e+01
2.934156924129278821e+01
2.839730356393151922e+01
2.895349188242656524e+01
2.949223893327468105e+01
3.095289604787642190e+01
3.021431476825245710e+01
2.918886670115794502e+01
2.778713459333193470e+01
3.264604255728987425e+01
3.000683652798777956e+01
2.997534453134157673e+01
2.807470433027181045e+01
3.070052682824226054e+01
3.042406721372394429e+01
2.910770585618622519e+01
3.186076346064067621e+01
2.959033662943221898e+01
3.041361343597620603e+01
3.016463458317339530e+01
3.085535487114893272e+01
2.969535666720599920e+01
3.037553181028210858e+01
3.161756098220980249e+01
3.114675678913152268e+01
3.059719389298874859e+01
3.026269536029535345e+01
3.053864908498492170e+01
2.868834789434722055e+01
2.849080556468357273e+01
2.796129866720669810e+01
3.204167955738873275e+01
3.031905831734082923e+01
3.025504104015055162e+01
2.682160363300078387e+01
2.858685574601060253e+01
2.919086977707247144e+01
2.935738494333643089e+01
3.231848773670885322e+01
3.281111184307155781e+01
2.973484114757609831e+01
2.937954337908426439e+01
3.018196552636715424e+01
3.005318925552035836e+01
2.943679304560800958e+01
3.032055703814448577e+01
2.849566196404839502e+01
3.013019195878835887e+01
3.029580420208837666e+01
2.965275773529575076e+01
2.962940037897226020e+01
3.127638857395250938e+01
3.125864340610237235e+01
3.117067419852166665e+01
2.919979662648119856e+01
3.116815071370809065e+01
2.864604619583320400e+01
3.014499709519344606e+01
3.039039715185960588e+01
2.974484662652081468e+01
2.968424604808254941e+01
3.155742437949594503e+01
2.902274837269480656e+01
2.904536604389634746e+01
2.759529505751417489e+01
3.026582059489058452e+01
3.097888831246177688e+01
2.973619842919510603e+01
3.324739563085466187e+01
3.022931009777274269e+01
2.836894305234507030e+01
2.796404390784987726e+01
2.848176471068152793e+01
2.971634545158655527e+01
2.830983530597514530e+01
2.989933888026266473e+01
3.096868837216456427e+01
3.039242662498158509e+01
2.958582870533636822e+01
2.866417951384184803e+01
2.953788219741780807e+01
2.919751427299695123e+01
3.062192233059292690e+01
3.079145744834170273e+01
3.107455549172772180e+01
3.174500571099811808e+01
2.735692523044740554e+01
3.274626657393100260e+01
2.768913262790751162e+01
3.216300880299126419e+01
2.955293753296739823e+01
2.861983490753240389e+01
3.102311805671561018e+01
3.102128819581326269e+01
3.003000451376834334e+01
2.797167984425402310e+01
3.041914166848084022e+01
2.823407924737709251e+01
2.869974185547205892e+01
3.088934453201003194e+01
2.767104680044547393e+01
2.964363910248759382e+01
2.953042558890459901e+01
2.909807873280795931e+01
3.185224480420142612e+01
2.990637552019619960e+01
3.008222090224778000e+01
2.951524175340055933e+01
3.059970668037982122e+01
2.945577986041227092e+01
3.147960182642083993e+01
2.957297087841718053e+01
3.003468019724038029e+01
2.965113871742182994e+01
3.035694866983390838e+01
3.012329592980907478e+01
3.193572574579555123e+01
3.038514407284461782e+01
2.943608386206375016e+01
2.970297219413132694e+01
3.011067921326494812e+01
2.783408792079377747e+01
2.972162326061783233e+01
2.867446877514001713e+01
3.022519618096263372e+01
2.871630679523063634e+01
3.274286848410289252e+01
3.008275907547458061e+01
3.057875505406376604e+01
2.750662393822450014e+01
3.118495133218030091e+01
3.018454233701880796e+01
2.869823626316680176e+01
3.030238754117936395e+01
3.191885731067050713e+01
3.091571767120337100e+01
3.160613643918424032e+01
3.223015215516367959e+01
2.866084618582207710e+01
2.932017923366108292e+01
2.952986893666358981e+01
2.791994332272660273e+01
3.037819829377466263e+01
2.668048278890534064e+01
3.015077174881530198e+01
2.867459756471460608e+01
2.822365348345264024e+01
3.209562212274167337e+01
2.821769860863293644e+01
3.015132471747874732e+01
2.977990460177144527e+01
3.065274299137617220e+01
2.991242514230584959e+01
2.814208338285562050e+01
3.005019648413605182e+01
2.951036046544686542e+01
3.019086287347731101e+01
2.971648269522567531e+01
3.073144117433641398e+01
3.068605922577403788e+01
3.070660260700218203e+01
2.831702603887951142e+01
2.937124934840266377e+01
2.959742830526071344e+01
2.723399648818068641e+01
2.988880022300056538e+01
2.924600887613954825e+01
2.872684169458857539e+01
2.753404912144295835e+01
2.846178136681717774e+01
2.915955009186406954e+01
3.396688246277509649e+01
3.058602365071406481e+01
3.117817063813336276e+01
3.037051239100172850e+01
3.085623189550990375e+01
2.864855488710795939e+01
3.157271426712381412e+01
3.018490241734823698e+01
2.973266547165280826e+01
3.031247758047500085e+01
3.085377631077529870e+01
3.128601890359874105e+01
2.905216477868827596e+01
2.963315872886023072e+01
2.941259806455947867e+01
2.887907070472947169e+01
3.199055558202637783e+01
2.967968805111487995e+01
2.636798464979393586e+01
3.132104442429211133e+01
2.927065354887877646e+01
2.839294124795298302e+01
3.053393077540115286e+01
2.987914595502049409e+01
2.985652317783098297e+01
3.070400667260247474e+01
3.046709237673062276e+01
2.768934955728973790e+01
3.199933158603153771e+01
2.945869403324497071e+01
3.094133912170358158e+01
3.067313039793997476e+01
3.068835272028465511e+01
3.047652388268704016e+01
2.940270912399681080e+01
2.916073580357295825e+01
2.995556736874307902e+01
3.006017032370455766e+01
3.090130276875595428e+01
2.913362017203366605e+01
3.160616168044334628e+01
2.957198384474762776e+01
2.911492398748110233e+01
2.934559701812471744e+01
2.920556502927295384e+01
2.830004158046212126e+01
2.931577433457810500e+01
2.800700390578506926e+01
2.766614368504981059e+01
3.056531874673100901e+01
3.036831665796834656e+01
2.892757278582290681e+01
3.074250907327509097e+01
2.856820562195599322e+01
3.303093955119780389e+01
3.053412499974736605e+01
3.052363259435476905e+01
2.981612752426598689e+01
3.017994849320706052e+01
2.812199081633203335e+01
2.980221972181325540e+01
3.126085073203853071e+01
3.017977505600133625e+01
3.085833640079723139e+01
3.068029638221076993e+01
2.898788053771911422e+01
2.969845248337324861e+01
2.988766161772016616e+01
2.860538848241922238e+01
3.032012318117320859e+01
2.941054953211495970e+01
2.939711181972359100e+01
2.939590577798670878e+01
2.850374741862843564e+01
2.853692113477610093e+01
2.998637410845743290e+01
3.158443974613972571e+01
2.687180893513260571e+01
3.043444876935181753e+01
3.047028487103833783e+01
2.952773867092647464e+01
3.035240877213468025e+01
3.117658672614918913e+01
2.865904792325726547e+01
2.992819318011268948e+01
3.042628619785157795e+01
3.244917771792958661e+01
3.085482922811929285e+01
2.841927106283723248e+01
3.095078847954790646e+01
3.115256051669254944e+01
3.163137066144196652e+01
2.878667866790226526e+01
3.241666773778140254e+01
2.830569822667915503e+01
2.756664942895852732e+01
3.167947785491687895e+01
2.785613468618586808e+01
2.893347729744338537e+01
2.985412122462968298e+01
3.290789183426367259e+01
3.163671244431236929e+01
3.034224900272199221e+01
2.758572264861706813e+01
2.881502006881348166e+01
3.127331389386780458e+01
3.055607212266018990e+01
2.967200511484056236e+01
2.994265984554975901e+01
3.225738348423310953e+01
3.084293985038291552e+01
3.106203767658537274e+01
2.984264181555838036e+01
3.138017149108062753e+01
3.241978025011524522e+01
2.989992698013555383e+01
2.993918757094324690e+01
2.784926436436139596e+01
3.098312345985606342e+01
3.088426212963285167e+01
3.081444214252226743e+01
2.863214492732032213e+01
3.157525457306993033e+01
2.980240972146659928e+01
2.766377496786428480e+01
3.205868250558718557e+01
3.110185412668865368e+01
2.791569869079507171e+01
2.895909414875526622e+01
3.240660340580461707e+01
2.948400215745003550e+01
3.174449911862857121e+01
2.859188571841833948e+01
2.868850692199898944e+01
3.252356358519545410e+01
3.001622750115087612e+01
3.040402378007418349e+01
3.094807184362428032e+01
2.894301539696845538e+01
2.928899672808876886e+01
3.045844025449115122e+01
2.837699979283826579e+01
2.946527570824599351e+01
2.952747784847036883e+01
3.140697851840250010e+01
2.897971659717271464e+01
2.922108136094736253e+01
3.039204618635180921e+01
3.094157668357189550e+01
2.957404112913650707e+01
2.888640670526901033e+01
3.193029406884380350e+01
3.000037402818397325e+01
3.011358134501988104e+01
2.976015687565732648e+01
2.881487973622979837e+01
3.018721333270368845e+01
3.025445090973461504e+01
3.038447232070814152e+01
3.028625678482012518e+01
2.823638665554677729e+01
3.003891126572307613e+01
2.943312385457294411e+01
3.067904128123992180e+01
2.885237290840094104e+01
2.788195605587021930e+01
2.972200237801420286e+01
2.895452492943853073e+01
2.925729521480941386e+01
2.769116047799548852e+01
3.176714043385134900e+01
3.024375430302043100e+01
2.957230094449261060e+01
2.881340635645480930e+01
3.113990042431619187e+01
2.836430589565122418e+01
2.963776468647301598e+01
3.171041941450317836e+01
3.134931138264906991e+01
3.277422439906030860e+01
2.820761694218533933e+01
2.966491795492745709e+01
2.843900024185656861e+01
3.153255135734018211e+01
2.749409941770162646e+01
3.007430378546283833e+01
2.974343866305792616e+01
2.910579533099906868e+01
2.884581040709177913e+01
3.060654833177204992e+01
3.241092168121696204e+01
3.109627250733100112e+01
2.609080791838527702e+01
3.268295408305642979e+01
2.957865450729547163e+01
3.163019021109064610e+01
2.875289903532280178e+01
3.087791525187931896e+01
2.982460320848120361e+01
3.054187175782971764e+01
2.985657190578399067e+01
2.802775225526529468e+01
2.923779088464138454e+01
2.927985552438808270e+01
2.959778010172555796e+01
2.804150116372595036e+01
2.891555664461145270e+01
2.883136834438705165e+01
2.929640458248519153e+01
3.142747433612746732e+01
3.257957176026565804e+01
2.993899079890780257e+01
2.983491857046020002e+01
2.944263818924279619e+01
2.857511326235782079e+01
3.089950493374057316e+01
2.812348587866827643e+01
2.699773450724831747e+01
3.116392709633042202e+01
2.941130121180022883e+01
2.860195607274646790e+01
2.902049837362847384e+01
2.805631534096265511e+01
2.840096277997181673e+01
3.004725874417082920e+01
3.150940753045919607e+01
3.170688220694895421e+01
2.976474392118839063e+01
2.991593236384031229e+01
2.861091934396730707e+01
3.058927664167755012e+01
2.998106983526353631e+01
2.968684065006384287e+01
2.937590581665157430e+01
2.915140504704348956e+01
2.845557922162004871e+01
2.977470050683566782e+01
3.001839811520283874e+01
2.897649147895235444e+01
2.815704288692619173e+01
3.050211727528065708e+01
3.132376311622589782e+01
3.068119171359801101e+01
3.110708287558136576e+01
2.977841903416347691e+01
2.890032922099719670e+01
2.938990726684990307e+01
3.045347718707997586e+01
2.800047091712865566e+01
2.963737988543189772e+01
3.077129791441497630e+01
3.014644005683271288e+01
2.827258461663055300e+01
3.174395628927371860e+01
2.953236246667352916e+01
2.844103609936337307e+01
2.801222063229529624e+01
3.107611888862439997e+01
2.894890481505478874e+01
2.999225189627231103e+01
2.837503673537104731e+01
3.021728246104858329e+01
2.793626963129178264e+01
3.031456151457833315e+01
3.010789906156596629e+01
2.918761409093774262e+01
3.128899963973542597e+01
2.979639154243074373e+01
2.801734132072402872e+01
3.110877285145509674e+01
3.053109746151798021e+01
3.062252249399752557e+01
3.055266301740484991e+01
2.898124085832317576e+01
2.668969524682530903e+01
2.988483119884516981e+01
2.850193737093842472e+01
2.821268886713578894e+01
2.748748432028465061e+01
2.971659944259872432e+01
2.908195922757870022e+01
2.832100400227366421e+01
2.977789787521296461e+01
2.974681280636381331e+01
2.989537454181422049e+01
3.102111857794843885e+01
2.938610061250806993e+01
2.800218367743140746e+01
2.966282947193183617e+01
2.965111069318719217e+01
3.080239927909100572e+01
3.061091557867480617e+01
2.842865855606664027e+01
2.933970823993182719e+01
3.179933381791803271e+01
2.815593074867743084e+01
3.154860014249634759e+01
3.039192530358254274e+01
2.887106807123494079e+01
3.153536510689252026e+01
2.837444805073466014e+01
2.974649253435116947e+01
3.010378288664031743e+01
2.880871660299571246e+01
3.049665928007348725e+01
2.924025364434390895e+01
3.032902509992219819e+01
2.989496589745944277e+01
2.793701812151965669e+01
2.921341092822697405e+01
2.756065118744112752e+01
2.905323806696882727e+01
3.022616642953686394e+01
3.009528492655115173e+01
2.835097280061661706e+01
3.080423330919395397e+01
3.001374349788441265e+01
3.015738281930525844e+01
3.023666525898708102e+01
3.131939565403122927e+01
2.899974956805477788e+01
2.994144809926492101e+01
3.225575069730546574e+01
2.923345007690141273e+01
2.872028216841979287e+01
3.012826738613418698e+01
2.999552555907987639e+01
3.139751144164171137e+01
2.982101299172550668e+01
2.765288719870804002e+01
2.960203435869103217e+01
2.965158159515587499e+01
2.763310326423928487e+01
2.950637890023966392e+01
3.006122521104468603e+01
2.916450472387498394e+01
2.867767179387750076e+01
3.037346806860971071e+01
3.115236196534879554e+01
3.046396175595364753e+01
2.981151432934025181e+01
2.987501646526827770e+01
2.884752261821915909e+01
3.137487025108437066e+01
3.165759816136296578e+01
2.945828516267352271e+01
2.877785336037156938e+01
2.837325951597427220e+01
2.819385952661251693e+01
2.988274683871657800e+01
2.740064604798656944e+01
2.969740794134089157e+01
3.145065807126688640e+01
3.012253361988188516e+01
2.898076460946719379e+01
2.899285868719932324e+01
3.008287860330224461e+01
3.094142627321034311e+01
2.923355731074203590e+01
3.060017440999662242e+01
2.931200385899198224e+01
3.085813141220361189e+01
3.126821075349587531e+01
3.129551556114946820e+01
3.013510090621114301e+01
2.964360719779670106e+01
3.157334437420019668e+01
3.065840491436829751e+01
2.913914039207427109e+01
2.915948134127913249e+01
2.959438931062106093e+01
2.816314979304346977e+01
3.081465210654963371e+01
3.123208381826377433e+01
2.965284066838599486e+01
2.870358143015428709e+01
2.914287729280216865e+01
3.120374682167018676e+01
3.062760625773777079e+01
3.024353477511626309e+01
2.775647995857929118e+01
2.908220996149541548e+01
2.821157851283148688e+01
2.839282174844051809e+01
2.979082415855227595e+01
3.077495331833302927e+01
2.861702492008516785e+01
2.949951502740591636e+01
2.946182529215819912e+01
2.977109194865402131e+01
2.882896770671769104e+01
3.071387335286000209e+01
2.965049666020438224e+01
2.994539974117449432e+01
2.987513489430972058e+01
2.977679395911630422e+01
2.911416202485986204e+01
2.953940944383995060e+01
2.976466353562924638e+01
2.884418379414365674e+01
2.933420601732593624e+01
3.197776311708204133e+01
3.044480800616205229e+01
3.049689685576280240e+01
3.022410057708456321e+01
3.146340727500495404e+01
2.994767578474504788e+01
3.120708197291182984e+01
2.930211671965510689e+01
2.837267985045382801e+01
2.865438827510298836e+01
3.002257099591441403e+01
2.936633650872892431e+01
3.013731089325427348e+01
2.958594509048304033e+01
2.800546975680001793e+01
3.001316031108575544e+01
3.060397906155419889e+01
3.102316634841070808e+01
2.907445039204357329e+01
3.202221242446258742e+01
2.983449893952831289e+01
2.836495595977185147e+01
3.136925751818787589e+01
2.911630139288496011e+01
2.921676444347692581e+01
2.851690338358013221e+01
3.091227557367551526e+01
2.967527410086885808e+01
2.889741841416397605e+01
3.210543754091261803e+01
3.017021215834883918e+01
2.926575437896605436e+01
3.011142818937661403e+01
2.849618844439801890e+01
2.948927520432912885e+01
3.087323272291704157e+01
3.130250193920095825e+01
2.812613689177987908e+01
2.896990871000216217e+01
2.557789926536824865e+01
2.931080748191221375e+01
3.089365178905196174e+01
2.902884980011104687e+01
3.008554555302696087e+01
2.995811566206528553e+01
2.812760032078644201e+01
2.916340233394529591e+01
3.018849521707860362e+01
2.704600943365298349e+01
2.892760901626146364e+01
2.973343873840785534e+01
3.023166497178860013e+01
3.049123724574220873e+01
2.905412446153938077e+01
2.882155295878489909e+01
2.890310734434026330e+01
2.946395554042109666e+01
2.966187809654566365e+01
2.966910328434826383e+01
2.932274594565567938e+01
2.959714631763798565e+01
2.837315489159412252e+01
3.017603027080186351e+01
2.883688677702559389e+01
3.009967255861421975e+01
2.987985263046433460e+01
3.237551193754803336e+01
2.851041150765963295e+01
2.964110335435022492e+01
3.058369414524172925e+01
2.901737262197308453e+01
2.863920326337598610e+01
3.013771380096717323e+01
3.100153895334195298e+01
2.974761268743542786e+01
2.886867977402526719e+01
3.229259425770018055e+01
3.218875398689456091e+01
3.169446376362263251e+01
3.106430458269868566e+01
2.920000843190299733e+01
2.949515382290509891e+01
2.951687325477044510e+01
2.987261232805045807e+01
2.919724742854227983e+01
2.910171666457108230e+01
2.989615248332971476e+01
3.095803553551423448e+01
2.978193139270304357e+01
2.965319634581801012e+01
2.999462432245243804e+01
3.045599374452857688e+01
2.722049768315319795e+01
2.797365109053260213e+01
2.837600833497265640e+01
2.960749392885210085e+01
2.898670592654969269e+01
3.207199223197024907e+01
2.838729838805607386e+01
3.070430807151109676e+01
2.816341446821734706e+01
3.174320155783964736e+01
2.878508342264153441e+01
2.789960837108492342e+01
2.880180853226281812e+01
2.941628406676122864e+01
2.874455568172992059e+01
3.055236928927800122e+01
3.089321973093181839e+01
2.903449190974002292e+01
2.895426680056645807e+01
2.987790673676903452e+01
3.026440885337731856e+01
2.776375053390808745e+01
2.886000017709321241e+01
2.974675114782210983e+01
2.988341283817897676e+01
3.130314985586479537e+01
2.910970624399566020e+01
2.926962347759842586e+01
3.042277332856649608e+01
2.711809737537144827e+01
2.935691965058788711e+01
2.923170610719770934e+01
2.951681073475910821e+01
2.857106974947085476e+01
2.824967134053774842e+01
2.853620822960698078e+01
2.848543464946548198e+01
2.940417968493820311e+01
3.109376626292193180e+01
2.731999233462071786e+01
3.144003215168440590e+01
3.014317583555017421e+01
2.875268067178354059e+01
2.851590112255919252e+01
2.889102062519729230e+01
3.010061765732476857e+01
3.014510709305079672e+01
2.885835134510004707e+01
2.894487294706388880e+01
2.850961756135533065e+01
2.933574128506674938e+01
3.010309001730218981e+01
3.023176069749598938e+01
2.882376000006736660e+01
3.078357618843339338e+01
2.997460903407792543e+01
2.937974239762887407e+01
2.974790462831819227e+01
3.039981683768802867e+01
3.109693312310209734e+01
2.983638939487446251e+01
3.110092934899190098e+01
2.966689416864587159e+01
2.977376195363238764e+01
3.113094013399835802e+01
3.024527654132215204e+01
3.015052759838665253e+01
2.957607513291369372e+01
3.019215835009140037e+01
2.922725679649215280e+01
3.020589855039404981e+01
3.060670017675820276e+01
2.936639991977269304e+01
3.150224733432870750e+01
2.820648458674790149e+01
2.878183059674339717e+01
2.846019238359374626e+01
3.193093236626137710e+01
2.899053398334423548e+01
2.994359115321462994e+01
2.947227241162774547e+01
2.996560792721749777e+01
2.919455966109624967e+01
2.833555773920368637e+01
3.122220476914810661e+01
3.016336770298143222e+01
2.881552133939983662e+01
3.127591638001047158e+01
3.058426155925475953e+01
2.777338359726673644e+01
3.202547298194043179e+01
2.762603075962289623e+01
2.818511107442050445e+01
2.986642591519459344e+01
2.960262790852695147e+01
3.048177211347347182e+01
3.146058661508322984e+01
3.273680641864385876e+01
2.794514317253273461e+01
2.939572639978628033e+01
3.035225654319391353e+01
2.924666326626387303e+01
2.901746288588795153e+01
3.067843161680168862e+01
2.955145891639222100e+01
2.927842994528445075e+01
2.921709567631314997e+01
2.862551215291892603e+01
3.007485294599801051e+01
3.170489236620224460e+01
3.117760593662029933e+01
3.118706238575371259e+01
3.057484119152416469e+01
3.051093885789195070e+01
3.310994279030995813e+01
3.131500365118391116e+01
3.011336553687024065e+01
3.126375862263253325e+01
3.029481235788691862e+01
3.176357877012612718e+01
2.963587147328400206e+01
2.976213562554326231e+01
3.019443622515593262e+01
2.740329370517097018e+01
3.029322654114174895e+01
2.999192920614703795e+01
3.029169776712186035e+01
2.987945118822603519e+01
2.998231688409608253e+01
3.147894572611167874e+01
2.941077425160291980e+01
3.003340368724915166e+01
2.963823637420028234e+01
3.073348144334291021e+01
2.902343941665087357e+01
3.142148645114293970e+01
2.994774492496967611e+01
2.869176623988538921e+01
3.125746311895645135e+01
2.988074804220321568e+01
3.016140224234174383e+01
2.926407463045104507e+01
2.932713207349378592e+01
2.834697893629445886e+01
2.946341200872338106e+01
3.057201475690637338e+01
2.914156861131796816e+01
3.025809118565444322e+01
3.069448756155571800e+01
3.002010354328647423e+01
2.772955803855987256e+01
3.012178009783582766e+01
3.061481832244965418e+01
3.241493643074723252e+01
2.973129688791019021e+01
2.894407097906455562e+01
3.065174451837717839e+01
2.911024082461044671e+01
3.048737074560892069e+01
2.996412144844837755e+01
2.855903892407659228e+01
2.835582630921563663e+01
2.972884841136493250e+01
2.857654778684386088e+01
2.790191949170166197e+01
2.979635720939278798e+01
2.780123147148749752e+01
2.852077564542764065e+01
3.126579316972151901e+01
2.960650761503211470e+01
2.833278243901417426e+01
3.010655448082857788e+01
2.703120174285590949e+01
3.053257921237853267e+01
2.873829866118713738e+01
3.149955487101283680e+01
3.118434020666487072e+01
2.977701624685647985e+01
2.909457262012056944e+01
2.888840163267234473e+01
2.867118954870852221e+01
3.158153771023352618e+01
2.789854977139097159e+01
2.862879447517564557e+01
3.067119374887519712e+01
2.816186783377542469e+01
2.907211010192345313e+01
2.900577441721242167e+01
3.092865778184714287e+01
3.044140294155941717e+01
2.994355971256502258e+01
3.187953452004563815e+01
2.937858208575933361e+01
3.015816661326116943e+01
2.903120606305756368e+01
2.947778428592253519e+01
3.154767035073315995e+01
2.972003166072073910e+01
2.889205163803985954e+01
2.895479191309317812e+01
3.205411059305373556e+01
2.789501575354877616e+01
2.898559932788462490e+01
2.894841338373355555e+01
2.925226813324296415e+01
3.220792246114472590e+01
3.054339091187940625e+01
2.930889627508937778e+01
2.992687691840501429e+01
3.066179809960794245e+01
2.863823839340686561e+01
3.047595001342730470e+01
3.177965872957892657e+01
2.871428626717589694e+01
3.014795413118600109e+01
2.916161628997371125e+01
3.145873028470444766e+01
2.926340054099916443e+01
3.114632703879188824e+01
3.044775111146129731e+01
3.081632610077646461e+01
2.761855758417997464e+01
3.059402393978909984e+01
3.005358903298314743e+01
3.025426590003527139e+01
2.913418639185079684e+01
2.910254532740594868e+01
2.934105445197690543e+01
2.725870389810104655e+01
2.786019837191447479e+01
3.174591791659671003e+01
2.993367306249389159e+01
3.101055104846094679e+01
2.871555837681146528e+01
3.084262009295439455e+01
2.932994191981061860e+01
2.965103689063139569e+01
2.832030600987308588e+01
2.862944455061290228e+01
3.022042950360117430e+01
2.971717163195750189e+01
2.930426573828049897e+01
2.932689337993349099e+01
2.915898822515239885e+01
2.781514619009648470e+01
2.898625288405575517e+01
3.014005305729416762e+01
3.101085612293294957e+01
2.861139919620955752e+01
2.930871209933067689e+01
2.886049330554336478e+01
3.122284534789533339e+01
2.986779048866498343e+01
2.922791630432559984e+01
2.876769369033099721e+01
2.818963828546915096e+01
2.968258649327569287e+01
3.035314235236214486e+01
3.021887690183508113e+01
2.857107340607316104e+01
2.812122399257123107e+01
2.833162641343772137e+01
2.810266781280772719e+01
2.911486222972590099e+01
3.006395855717386212e+01
3.088668260126166842e+01
3.195730027708099996e+01
2.793380452679273418e+01
2.945316186213701570e+01
2.969117634529927940e+01
2.858791849415642261e+01
2.853622681980716891e+01
2.994489016008796511e+01
2.978309186120292651e+01
3.140574641262378819e+01
2.853342261936272095e+01
3.086100771230690398e+01
2.839664385823806114e+01
2.894422601268045270e+01
2.878816577637132212e+01
3.000777817509941769e+01
2.946858343513851253e+01
3.183401417008020928e+01
2.932438262180483335e+01
2.934473361783350853e+01
2.926149748640141013e+01
2.965567965606005529e+01
3.005367264769862246e+01
3.264371382145277778e+01
2.909360035395968325e+01
3.083087956517157480e+01
3.098393236271768814e+01
3.009556991723490782e+01
2.974214410394264263e+01
3.143018356927287726e+01
2.974215190374637174e+01
2.842360197456488891e+01
2.855656885929992228e+01
2.912862713700560846e+01
3.008505211081520514e+01
2.984324350864595132e+01
2.991961620401720623e+01
2.896612278614148650e+01
2.978391048016464282e+01
2.784017749625392923e+01
2.932951662975919405e+01
2.973902099418501166e+01
2.932350602758226543e+01
2.996105584489744089e+01
3.227625827075731024e+01
2.831077867135227777e+01
2.868742097417986159e+01
3.031232991475059180e+01
3.108359411009490714e+01
2.977645645927625395e+01
3.081643515007851519e+01
2.812975907550943333e+01
2.935866944923143151e+01
3.152928441017581207e+01
3.078428054167389405e+01
3.213779101450995768e+01
2.933610861103921508e+01
2.945216614179505754e+01
2.912949264426448082e+01
2.855965967835578923e+01
2.810082156657887609e+01
2.862785791024685977e+01
2.894411792835268571e+01
2.965914831945553587e+01
3.119741502306931835e+01
2.978159187028416355e+01
2.808959156202848462e+01
3.032525019538844191e+01
2.935625632549797714e+01
2.759347387807601493e+01
3.004465845094469856e+01
3.092616626247221490e+01
2.916276798309529994e+01
2.983277693281055676e+01
3.007180820595021942e+01
2.977352700531097085e+01
2.954978160386189856e+01
3.154919257871841509e+01
3.109134650623357032e+01
2.850353276372600320e+01
2.869325937095059587e+01
3.164615941769280028e+01
3.114809995021924394e+01
2.837231725247454861e+01
3.118003298516754995e+01
2.931875564182582750e+01
3.110005963159663267e+01
2.950632881028059629e+01
2.943032328656580532e+01
2.918017458958350119e+01
3.157435041031173739e+01
3.201087142366827720e+01
2.897225997949599829e+01
2.901456558204326441e+01
3.000663908712490269e+01
3.160702120111547941e+01
2.961896060074379378e+01
2.883075974727867319e+01
2.985733474393965992e+01
2.960807383790607261e+01
3.161924855365387188e+01
2.772901492605024032e+01
3.142099361931132151e+01
2.993569465849770950e+01
2.897155598890470785e+01
3.182374004956771785e+01
2.982878961953536390e+01
2.858527264631774756e+01
3.158326948298079628e+01
3.077177040848322420e+01
2.916518486963473933e+01
3.071813117806291160e+01
2.866615795937417133e+01
2.969259208725087973e+01
2.970897685650745856e+01
2.972031818036018436e+01
2.857248257179375273e+01
2.800884139075412094e+01
2.944292300935612872e+01
3.038380277087217607e+01
2.976293917824914104e+01
2.800267192868696853e+01
2.884887288911610881e+01
2.975151165133378939e+01
2.974564268423823066e+01
3.027624993559048150e+01
3.015054382774577846e+01
2.875683416171243323e+01
3.207760185214706894e+01
2.765004625701020302e+01
3.000360015183418838e+01
3.040930551218994538e+01
3.029391363420440442e+01
2.806626720218180893e+01
2.937798249024462294e+01
2.865822195354826363e+01
2.913862774659668631e+01
3.238164643482739535e+01
2.706565694603904504e+01
3.010333464447479912e+01
3.202796844532063147e+01
2.895555109183926135e+01
3.131692966659829125e+01
2.887929178675776853e+01
2.842847223942489876e+01
2.841570217247354080e+01
2.983671064451036514e+01
2.955875712010582745e+01
3.266384231703126773e+01
2.973265397695557155e+01
2.883501107713936662e+01
2.902616441087733179e+01
3.053337711829563972e+01
2.989052629904634628e+01
2.900555729868066024e+01
3.081257023178144649e+01
3.098538108223421261e+01
3.132886751020198091e+01
3.046054398240117678e+01
2.796049069388480390e+01
3.134435503943838341e+01
2.789465713044535633e+01
2.936900952888728611e+01
2.992065005406561440e+01
2.968203056070714041e+01
2.895001188878248755e+01
3.055357206121060898e+01
2.969669430869128490e+01
2.979989169526048087e+01
3.048317558164131569e+01
3.052052099737694490e+01
3.008708965056460016e+01
3.113976744349954728e+01
3.025166250297468906e+01
2.990525753268904552e+01
3.017903131074708867e+01
3.026730411844869550e+01
2.688910258643831241e+01
2.981702610872144277e+01
2.978346213736825376e+01
3.030300785352075366e+01
2.905797864677967723e+01
2.979550935638768294e+01
3.054941977341022508e+01
2.749225459407947980e+01
3.532189002277996082e+01
2.788924326865704373e+01
3.084491174920604095e+01
2.991404858637000075e+01
3.093887667746801640e+01
2.942212143954611392e+01
2.903188080962104678e+01
2.955761722007446934e+01
3.143273268339280690e+01
2.994235223669890544e+01
3.033955943137274858e+01
2.963641551537189756e+01
2.883889321453917276e+01
2.912273109492402767e+01
2.894450135224064979e+01
2.774376373109910787e+01
2.815629559974285101e+01
2.993459277796753426e+01
2.981686118384766715e+01
2.969054313394021349e+01
2.810849686285515148e+01
3.105462275286319951e+01
2.898921138956529475e+01
2.984789547843894653e+01
3.017965890657710304e+01
2.922481949612879504e+01
2.929554560030933530e+01
2.935571507500066701e+01
3.068885625640659143e+01
3.042021520486757424e+01
2.867637473212857913e+01
2.866314955789886554e+01
3.255483543670680291e+01
3.111798304972197826e+01
3.070081623331198628e+01
2.810036615855207032e+01
2.697159178095376220e+01
3.079526099203084755e+01
2.969843502700558702e+01
3.179376867253275307e+01
2.934078296989329004e+01
3.136053670864233212e+01
3.027258658980144190e+01
2.826274602584860673e+01
3.019358431505107987e+01
2.816469403083600653e+01
2.868737790621838002e+01
2.945887913296789051e+01
2.954144994910722488e+01
3.008059888588081776e+01
2.973990522838251138e+01
2.932505594545877159e+01
2.860642538082549180e+01
2.912463344079234773e+01
2.728728170555966059e+01
2.860705755932904282e+01
3.101088721946868887e+01
2.971877059961657963e+01
2.912278458509676682e+01
2.937729365434313067e+01
3.042971381889228866e+01
3.009535948882786727e+01
2.932713798212552803e+01
2.905743299439761884e+01
2.960876639283953438e+01
2.919278025310055469e+01
2.916949537258923542e+01
3.426862612839168065e+01
2.821142653817922863e+01
2.908307291294044106e+01
2.992346352204727111e+01
3.019869745603811140e+01
3.010523179090940005e+01
2.893924357581651563e+01
2.921222867518488897e+01
3.000745379384258271e+01
3.085515495124649377e+01
2.988636896802925236e+01
3.067784323476186259e+01
3.119316379181152499e+01
2.839526128193984178e+01
2.954551990494033831e+01
2.768924445437545501e+01
2.980166058453317035e+01
3.214443195643725915e+01
2.650811969319808981e+01
3.094360838793584279e+01
3.049220330599935380e+01
2.811336036464561872e+01
3.335324794131479109e+01
2.835444837587440858e+01
2.924498993584413498e+01
3.036011818168434218e+01
2.953982102731700365e+01
3.122748643034031701e+01
2.920479897860467489e+01
3.107015204810080533e+01
3.121259328920146814e+01
2.811207094851131671e+01
3.175462692024991540e+01
2.893559970933056036e+01
2.730951346353899822e+01
2.987134217833747840e+01
2.880709801292235284e+01
2.982599031379819721e+01
3.038090901578349090e+01
2.940663529185128766e+01
3.036598674850134216e+01
3.168476329489827847e+01
2.957270727920690234e+01
3.022969655480071793e+01
3.150728254211479396e+01
2.996635227927772860e+01
3.033642231481406881e+01
2.903613810164897657e+01
3.188707728354827964e+01
2.880273167896599418e+01
3.062956269738688775e+01
3.207652269583998361e+01
2.996314121877666636e+01
2.801248691327917228e+01
3.094641436374825361e+01
3.165934128328570907e+01
2.921624452635888503e+01
3.210588777867308607e+01
2.907105427782330409e+01
3.164783371992842120e+01
2.954922473908919045e+01
3.187268579177711914e+01
2.855282670435389392e+01
3.104089282644978809e+01
3.079601729302223490e+01
2.951178169864136436e+01
2.907253884829084001e+01
2.977709859491580957e+01
3.104924648240291063e+01
3.059247231341972295e+01
2.854312279907402328e+01
2.610360256018739378e+01
2.838270356641159609e+01
3.054604027430908531e+01
3.001666961670440514e+01
3.061008030629307441e+01
3.047914719184866783e+01
2.902125935105888743e+01
3.171364536100461962e+01
2.866808421935644091e+01
2.762788223611547167e+01
3.184496153884890290e+01
3.101612601933532076e+01
3.199486240906904655e+01
3.239422240538801390e+01
3.013653819866583916e+01
3.014150894933036184e+01
2.949953685181407081e+01
3.039807685462985276e+01
3.146008004223039833e+01
2.925963897764592403e+01
2.834473628962196656e+01
3.183809664676633133e+01
3.089412452194456193e+01
3.000785192265491474e+01
3.042167918601673549e+01
3.160466825490918197e+01
2.972047488096018242e+01
2.958378061669314008e+01
2.824138317733640946e+01
2.969402853922145269e+01
2.740688498606896317e+01
2.881534480025720768e+01
3.148857604562404688e+01
2.973346172833247181e+01
2.889480556490876495e+01
3.032698568924251603e+01
2.864227120028379048e+01
2.942548797859220855e+01
2.873189389636034008e+01
3.297395302095501535e+01
3.119106842861530282e+01
2.839207499179395811e+01
2.751042571514745205e+01
3.208803985240602685e+01
2.845305674986993338e+01
2.828891720797153297e+01
3.026896578541210658e+01
2.949915923281544394e+01
3.047186743447014123e+01
2.918258196205539790e+01
2.994059962154334542e+01
3.107700180805655066e+01
3.101136006002960244e+01
3.015770161332531529e+01
2.956836806291772746e+01
2.966687820839642242e+01
2.957482928934509658e+01
3.074951629479683746e+01
3.016657263910582287e+01
2.914743127791932054e+01
3.059685107930305747e+01
2.852781511081143861e+01
2.880359025746260571e+01
3.304502496338901807e+01
2.777709060041484790e+01
2.980773359776947729e+01
3.002148361644853125e+01
2.922442525276530745e+01
2.953123105089899880e+01
2.989986787758006059e+01
2.923926240690901679e+01
2.852376823130033046e+01
2.984645870995578321e+01
2.862841636903071318e+01
2.816408660652507834e+01
3.055358592190805211e+01
2.747266198479092836e+01
3.001623089988762771e+01
3.038811509330310301e+01
2.917036185438185569e+01
3.014951353120464717e+01
2.926799798227149907e+01
2.969489317197292877e+01
2.835847519316257248e+01
2.848561228934489975e+01
3.010775762643300624e+01
2.929620189715735989e+01
2.743094537639418107e+01
3.181444642830294001e+01
2.725782742550842030e+01
2.965005056938888117e+01
2.899164107809784596e+01
3.181774410992854030e+01
2.764735238106269932e+01
2.916689958902915336e+01
3.115755063835732130e+01
2.926020819635012415e+01
2.832205392714142178e+01
3.053138384996024968e+01
3.093929057181482278e+01
2.920451898119410217e+01
3.176018097257209405e+01
2.894982571682967887e+01
2.992026223038492461e+01
3.033363757708846720e+01
3.080122118344706195e+01
2.991718421720812415e+01
3.002391083717240861e+01
2.596105341331690042e+01
3.004980599967103316e+01
3.114091334832098568e+01
3.076729368800234710e+01
2.884335970686183259e+01
3.017223532021112575e+01
2.930025539811567370e+01
2.995005809293315480e+01
3.021512540261570479e+01
2.563114148183760577e+01
2.940897651099033894e+01
2.889470136465263650e+01
2.980933741665360515e+01
3.073131868676862766e+01
2.930900357944653223e+01
2.927452631348425527e+01
3.158151977231868912e+01
3.082580971816703652e+01
3.098125188838082522e+01
2.890324633731613346e+01
2.996420134926341561e+01
2.851784512044034869e+01
2.936873864992971050e+01
3.126920964713650619e+01
3.000521874463550276e+01
2.925921446583132379e+01
3.009502131077164933e+01
3.134626989048632950e+01
2.804824941777059522e+01
3.050704219262600603e+01
3.144752880759767777e+01
3.220344805651551923e+01
3.054303132259873621e+01
2.809083176319023778e+01
3.104900369691593198e+01
2.870649745031690969e+01
3.051509423143422595e+01
2.818104194037215038e+01
2.879477286541648340e+01
2.866753535593087321e+01
2.823728351251819646e+01
2.890047651395330419e+01
3.020594485622129710e+01
3.107205785358580030e+01
3.004900491782174399e+01
2.980629970438343790e+01
3.064023446038157417e+01
2.820362683101940604e+01
2.927383118181814936e+01
3.420792932390501306e+01
2.919252171934495266e+01
2.979714503485446286e+01
3.177467344841983277e+01
2.708852990221778612e+01
3.132163031873911052e+01
2.980007825358492113e+01
3.101527150600396610e+01
2.876721324821762238e+01
2.915625298132756171e+01
2.911793013665141672e+01
2.905275098075600937e+01
3.127926096159496794e+01
2.910717174792173623e+01
2.973650701279512276e+01
2.969640173720035392e+01
2.951418077203032198e+01
3.110898545206946864e+01
2.992168827099541772e+01
2.953621809712880619e+01
3.202563861843509585e+01
3.032607342213951185e+01
3.045264825200935732e+01
2.880510148291337558e+01
2.913636413416302773e+01
2.847615268650833187e+01
2.868044822418977091e+01
2.943130502493593070e+01
2.736701804210567346e+01
3.041102290777030248e+01
2.860890815084073679e+01
3.058501769981729268e+01
3.017283764022316817e+01
2.681580570451698264e+01
3.080402218171617434e+01
3.176601346945004423e+01
2.824644865228006552e+01
3.091576632330194130e+01
3.014118213334369756e+01
3.018596966233503665e+01
3.002107773411680824e+01
3.056731040538034705e+01
2.737527139302103052e+01
2.887973960503189019e+01
3.158887986688990068e+01
3.055257068852234781e+01
3.287129004752907946e+01
3.086830011640427784e+01
3.191153855685329432e+01
3.037415463829644580e+01
2.860911180466040449e+01
3.154408334772680078e+01
2.871859478072961380e+01
2.889999046257107551e+01
3.067882611385754288e+01
3.274970959439900753e+01
2.893223853061120110e+01
2.807476271564982540e+01
2.882431462151972212e+01
2.945440384644052756e+01
3.077095443573283262e+01
3.229265972702733478e+01
2.906625024431586723e+01
2.846543858459163800e+01
2.799756738985271909e+01
2.700772324347326858e+01
3.078943711315294607e+01
3.115238486573965204e+01
2.997710603157664977e+01
2.810285503754324310e+01
2.964492007241333837e+01
2.852607712228215320e+01
2.920747314551232776e+01
2.852395160633527382e+01
2.987663107179150401e+01
3.045943949554435548e+01
2.948076178678750026e+01
2.841112846920947987e+01
3.082467903557570921e+01
3.136898044107095984e+01
2.756693847457269086e+01
2.977640681475866202e+01
2.982738405370361079e+01
3.054385644582150761e+01
2.733787009262750800e+01
2.929846587437906891e+01
2.754812407903729365e+01
3.027547923863896884e+01
2.926912254257186063e+01
2.990134001915975048e+01
3.068545513926873269e+01
3.086576263578163548e+01
2.986175175890691946e+01
2.829327959571710593e+01
2.938653300676597624e+01
2.922003385691450816e+01
2.759191070383876010e+01
2.935534354356235909e+01
2.849934668428939233e+01
2.871134290429080238e+01
2.747634820933678412e+01
3.138662161008866036e+01
3.300211130798395232e+01
2.922366167387315627e+01
2.928933823155226790e+01
2.863414173400639484e+01
3.009224791783233854e+01
2.981264661221197443e+01
2.883801009715809016e+01
2.881687371397064723e+01
2.861487190091802546e+01
2.790498794298802565e+01
3.031428712252512980e+01
2.857952501055415340e+01
2.947388508679552643e+01
3.158049474524758082e+01
2.947143658051526671e+01
2.943218188224391696e+01
2.995647783000695696e+01
3.065092542733232861e+01
2.893017995288426647e+01
2.837357889149245338e+01
2.835922177312541947e+01
2.959438723366009327e+01
2.911541311633182616e+01
2.856502270099417728e+01
2.953912071474762868e+01
3.041622988476521172e+01
3.014772335629294631e+01
2.826416735353614129e+01
2.998839660806208585e+01
3.211666244104674917e+01
3.106476673126790189e+01
2.946997854350591339e+01
2.956667860434979289e+01
2.849669308129883305e+01
2.928927187891175876e+01
2.817691881099724327e+01
2.759003462408600171e+01
2.839604497027129426e+01
3.115922421856918234e+01
3.151961424592957428e+01
2.956229463217669817e+01
2.960154361533708922e+01
2.935844713254295613e+01
2.986464934584633468e+01
2.851985995722310108e+01
3.050301371658822092e+01
2.851490464588434293e+01
2.843242138505121019e+01
2.948503852960042693e+01
2.927480606807995045e+01
2.957523972946287216e+01
3.023865446362615472e+01
2.952858711072521203e+01
2.956298505280976485e+01
2.802603505468411527e+01
2.906553387042556835e+01
3.145905972956469654e+01
3.009378993469066899e+01
3.094609259428964521e+01
2.990174165035473308e+01
3.023183902897357100e+01
3.054234434455758773e+01
2.993308178650533335e+01
3.121218890758128239e+01
3.162416626566412958e+01
3.027401710589278849e+01
2.899738461188864136e+01
3.023410753628794723e+01
2.821241129094393685e+01
3.011372708947638088e+01
3.095152591065116710e+01
2.883122388168583328e+01
3.115412498948775522e+01
2.817628798274252944e+01
2.773428369456724596e+01
3.144474054436018307e+01
2.993723899801291566e+01
2.837134776836809280e+01
3.043282855232762074e+01
2.844526629487187819e+01
3.113083843154966246e+01
2.960899316436259099e+01
3.091713562837587048e+01
3.130397749142023045e+01
2.920854319070609506e+01
3.032735921466698414e+01
3.117824784457873122e+01
2.959560724688202527e+01
3.006400477256306303e+01
2.946972895089992051e+01
2.805388913088298253e+01
3.093716902056787177e+01
2.934465507989299482e+01
2.914448765365264649e+01
3.005825476622829484e+01
2.915572380239991190e+01
2.988712148954456538e+01
3.175998665039191593e+01
2.943899228317276950e+01
2.945280939537259002e+01
3.032546000933414376e+01
3.102805741314811172e+01
3.067880725820736743e+01
3.073720399957046467e+01
2.993708668762154801e+01
2.780795551846955149e+01
3.030052001480512303e+01
2.991901114813244433e+01
2.900010645770825946e+01
2.890481053246094234e+01
3.039513868994876944e+01
2.960461052915856683e+01
2.948542404000555450e+01
2.901102664553163279e+01
2.867711547360502777e+01
2.962411038820228271e+01
3.026977073206347768e+01
3.012459029178145542e+01
2.935776154978251284e+01
3.072253882814235482e+01
2.993262442153531211e+01
2.922043890310739300e+01
2.881984964521777570e+01
3.037309408760158291e+01
3.149168276229648455e+01
2.924465352517981387e+01
3.016881198595243774e+01
2.943372117265538890e+01
3.115173877962981663e+01
2.995908870530667301e+01
2.892581927665526820e+01
3.187357797110822943e+01
2.987557195528803078e+01
2.745728473045179285e+01
3.069973799536296255e+01
2.989244695035063160e+01
2.999815158900727141e+01
3.002064622493749724e+01
2.922850452605075589e+01
3.047388063425978544e+01
2.857882014435267237e+01
2.981381672027299601e+01
3.021545727208495435e+01
2.871142203052819042e+01
3.204787965536415584e+01
2.985286112041496409e+01
2.793151121740927678e+01
2.874524721514318415e+01
3.129847911609056155e+01
2.930071722786766841e+01
3.114168324762469808e+01
2.951013497539866037e+01
3.096062963599689510e+01
3.150983677929114890e+01
2.982569097013471904e+01
2.915280909141853627e+01
3.148874448345537758e+01
2.861540199920555239e+01
3.089884615510290899e+01
2.869818755720520542e+01
3.115737153289091310e+01
2.955589967794350059e+01
2.989116953643491215e+01
3.052666903774569462e+01
2.982822822418964748e+01
3.037210309976001099e+01
3.110520736214567705e+01
3.017387264314518802e+01
2.964271623635979225e+01
3.277058810423609714e+01
2.841315094900586757e+01
2.903675428672246639e+01
2.981908098771594240e+01
2.943876197261555205e+01
3.114784296866329782e+01
3.023353614652481625e+01
2.903279057637591620e+01
2.808115924731384538e+01
3.057460645028195856e+01
2.924849490106087657e+01
2.912657651633757183e+01
2.968016718777824892e+01
2.795766966744583115e+01
2.963610107980109376e+01
3.103540359375664082e+01
3.030989514007431396e+01
2.892331825224202291e+01
2.953858363147208976e+01
2.966920268680398109e+01
3.024925732898423902e+01
3.128967575352436370e+01
3.144703789498642976e+01
2.899643913302647391e+01
2.894982858439634654e+01
2.976742373979097778e+01
2.929981125159745758e+01
2.976985067947471819e+01
3.115378839250319487e+01
2.987884666307576609e+01
2.962510046592991131e+01
3.209869430189450412e+01
2.864369477331875657e+01
2.836279863381555799e+01
3.009820547258601664e+01
2.852914735115408718e+01
2.905497262970097339e+01
2.979130314823607506e+01
2.912563131324334265e+01
2.927985606019136711e+01
3.072794439677617362e+01
2.849783420261333333e+01
2.722138263689156190e+01
3.126040209574352957e+01
3.024116829632510672e+01
2.799104190046625362e+01
2.924844795649570273e+01
3.087443329659007674e+01
2.985123659384000661e+01
3.234813321400657316e+01
2.767481852325050795e+01
2.876336571916987594e+01
2.984575116881141454e+01
2.940917411686060134e+01
3.002744921104465803e+01
2.923557117955535745e+01
3.070084755476307237e+01
2.901631122788397121e+01
3.068979897466555329e+01
3.024000394779655565e+01
2.931695333253260927e+01
3.295397497915561758e+01
2.985024286569218432e+01
2.990919123677136326e+01
2.990772318456027534e+01
3.010666265342923253e+01
3.046923055184784346e+01
2.793779412914860316e+01
3.067005679465907519e+01
2.824055310124288809e+01
3.109287461489266846e+01
2.749736439278021294e+01
2.739845932016190488e+01
2.963594311444095197e+01
2.554956608547772490e+01
3.007927846008241701e+01
2.871217491574194369e+01
3.143787639507558751e+01
2.768081344914687136e+01
2.875053419448681780e+01
3.023491932884858358e+01
2.892522364847453531e+01
2.836724878966080254e+01
2.877745993800609625e+01
2.891840568603216255e+01
2.738253270994692556e+01
3.008355688943654371e+01
2.875848783576554268e+01
3.003117236408315804e+01
3.029010865538006314e+01
3.070098046052038399e+01
2.934077116119902939e+01
2.769130393065621476e+01
2.990990851827968200e+01
2.898154783493740183e+01
2.982139677206041029e+01
2.807320650836799203e+01
3.032979038459757959e+01
3.088554592963650691e+01
3.212736100589253851e+01
2.928576191523492156e+01
2.891830940894689661e+01
2.963740803620044062e+01
3.034712213046404372e+01
3.096660710173236808e+01
2.856523176325272217e+01
2.991999575928401356e+01
3.113314032489256888e+01
3.044186683886370304e+01
3.009422636359108338e+01
2.926866729358353325e+01
3.069565117136413335e+01
2.975888386388907492e+01
2.858634943421344943e+01
2.671398338086412849e+01
3.243828726116976924e+01
3.013213259454535020e+01
2.983399542073300026e+01
3.043048477585134748e+01
3.176653840566966025e+01
3.047670792836359155e+01
2.897079081433553682e+01
2.899265140177944744e+01
3.083327970307296440e+01
2.989911982314690775e+01
3.010249768874135512e+01
2.863535027476451233e+01
3.070772880370993718e+01
2.950085114026860467e+01
2.894811800503830668e+01
2.836812343128505987e+01
2.866596190748956019e+01
3.093661628176102596e+01
3.185727982506781686e+01
3.264120625060858316e+01
3.012521514879008322e+01
3.077611387290459533e+01
2.829780209922196832e+01
2.794877815407289745e+01
3.130170241782379392e+01
3.023886859698495755e+01
2.971728641941697191e+01
3.074337651740507837e+01
2.930788692729240807e+01
3.117993480473537815e+01
2.913113245800921192e+01
2.964007509261690032e+01
2.835490820453759042e+01
2.955353576650293590e+01
3.058012122918551867e+01
2.943795611356261333e+01
2.854284866857442537e+01
2.895234073420512999e+01
3.092356516387994603e+01
2.927013866423553523e+01
3.039052972097827165e+01
3.035797329896762520e+01
2.990444637275932749e+01
2.721555235272657214e+01
3.019948522873627539e+01
3.027759013220165940e+01
2.822075937487674935e+01
2.821983359561595250e+01
2.929389014996258922e+01
2.960967532315343220e+01
2.924655124660019823e+01
2.851268075053421924e+01
2.930799465043936181e+01
2.882350183038144920e+01
2.895716681187619912e+01
2.957207194841093312e+01
2.783088360083556623e+01
2.887480021186000556e+01
2.936931598045341474e+01
3.005629788875622310e+01
2.924320814630655718e+01
3.081098078636792081e+01
2.980395000299458985e+01
2.909635909031132428e+01
3.075138343787840967e+01
2.760874729489636081e+01
2.892314501288783646e+01
3.241855340810204211e+01
2.885401589769849551e+01
2.993936393874885482e+01
2.822233050611979621e+01
3.018816550404650556e+01
2.990634857115020750e+01
2.901716156237626976e+01
3.240634369961924222e+01
3.049702278886939766e+01
2.902767650000487265e+01
3.130626374975599191e+01
2.786990567521163698e+01
3.012299993611061311e+01
3.015256253807260123e+01
2.886942881105748526e+01
2.884719140203160137e+01
2.918528996243435358e+01
2.899990983727251859e+01
2.937812456692703833e+01
2.939986578717351406e+01
2.971780151498966660e+01
2.931835905295057643e+01
2.994416176436995514e+01
2.713838878251857167e+01
2.855164944377297687e+01
3.022827426181769539e+01
2.856846348081949571e+01
3.051167601160441833e+01
2.827485608429994102e+01
3.154862766775383420e+01
2.932717250679045407e+01
3.355400262884201368e+01
2.972864466901479830e+01
2.945490859025664321e+01
2.908512313007076955e+01
3.181045497916696618e+01
2.828298647965538137e+01
2.875535096718266459e+01
3.050511547392260780e+01
3.244890985666162209e+01
2.875574978400777226e+01
2.942087755759600398e+01
3.197368321404678682e+01
3.100357117908050597e+01
2.809711464932336966e+01
3.012861861003144170e+01
2.941823648259035195e+01
2.929670194649427373e+01
2.949007377471309255e+01
3.074680800513486645e+01
2.951743941279373473e+01
2.973848298239670740e+01
3.053664488793472032e+01
3.072127770385224466e+01
3.191900967986427062e+01
2.995879134475451977e+01
3.180546723616287252e+01
2.844228270195700148e+01
3.089720176352332714e+01
2.942935495663859058e+01
3.144524136112062962e+01
3.079894656578513334e+01
3.049672364563921079e+01
2.990420048876287140e+01
3.006621093010675949e+01
3.001669425458992890e+01
2.977450157063554670e+01
3.048683757801421024e+01
2.754255202339347264e+01
2.925634799688560150e+01
3.184332996776288383e+01
3.005491349836441373e+01
2.987882776799844464e+01
3.024455485791391496e+01
3.078234001417003185e+01
2.896405464020472564e+01
3.089824322483218211e+01
2.908650626619875368e+01
2.982251710095796682e+01
2.931737178095449536e+01
2.966566237308578735e+01
3.011152219788312223e+01
3.273665833815473292e+01
3.100446944332376020e+01
2.890428799208934052e+01
2.937098233739167696e+01
3.251313652865873394e+01
2.921546417992231426e+01
2.958769173305602251e+01
2.939486803681016269e+01
2.821933667152945446e+01
2.985867052856420756e+01
3.003798233603520629e+01
3.017093446812182833e+01
3.023933342782919809e+01
2.984617964517497057e+01
2.926919699634538929e+01
3.005968206917234298e+01
3.099694849093420146e+01
2.990695834605353198e+01
3.088970842846102727e+01
2.825450297252497478e+01
3.036948284348710914e+01
3.236991237083643114e+01
2.858025905647225073e+01
2.899704370220371530e+01
2.831388671299604809e+01
3.104280841343073760e+01
3.030465227198465428e+01
2.917122438652862826e+01
2.915412660926480015e+01
3.072136713143875042e+01
3.265525148248221399e+01
2.942983154009001723e+01
2.917005171960411403e+01
2.939638682794348412e+01
2.997190101620540403e+01
2.850467500322064041e+01
2.957661074769339749e+01
3.123965992926328639e+01
2.896221944532496195e+01
2.836487271327941784e+01
2.948807050109978434e+01
2.948257687429713059e+01
2.876008380123082731e+01
2.959415305240780114e+01
2.950241434287719144e+01
2.886387403358750348e+01
3.231100843460408356e+01
2.685954738767262029e+01
3.124470766397622512e+01
2.921095296233452743e+01
3.144057374633655044e+01
3.100723032791269418e+01
3.116930281732357599e+01
3.163886212519469510e+01
2.922219978172370958e+01
2.886215102402260868e+01
2.886605395490889592e+01
2.936132867105795086e+01
2.947282138375418725e+01
3.224028190959531770e+01
2.964305115513367639e+01
2.993030015134108268e+01
2.979345857841888190e+01
2.790578327826766625e+01
2.940520950684301482e+01
3.040020811732740569e+01
2.975462013112701953e+01
3.142274153948422466e+01
3.110807587634377214e+01
3.177260051360350701e+01
2.752288829844165008e+01
3.113745070701263273e+01
3.247817376936345823e+01
2.997087865420763109e+01
2.736682482099028491e+01
3.004416997831599190e+01
2.955491419930537589e+01
2.964866285823186232e+01
2.737704336591292176e+01
2.835555919150524318e+01
3.081072781229045887e+01
3.182462123478483207e+01
2.874571831275620326e+01
3.176573381404391228e+01
2.699989414801317267e+01
3.069920826684027304e+01
3.038078046803625298e+01
2.906382391250021868e+01
2.941104047519065290e+01
2.876991996989925937e+01
3.002606888075231950e+01
3.004691746279338815e+01
3.116595405306957289e+01
2.876225218666136030e+01
3.084413520829288657e+01
3.207365798237326970e+01
2.834889962092443128e+01
3.070518813575995765e+01
2.969988033739697642e+01
3.030986049560754125e+01
2.983090841238607993e+01
2.960368500148001303e+01
3.048464571005922608e+01
2.663045237509450303e+01
3.043662371088023733e+01
3.207764805817763687e+01
2.994416808292507071e+01
2.921526079476815241e+01
3.057721283660598388e+01
2.914813882328344263e+01
2.858079168470969122e+01
3.031698818938928497e+01
3.107416008233587235e+01
3.138141371630010568e+01
3.232948663090772357e+01
3.081562902700886397e+01
2.936180852129274754e+01
2.940815805162213792e+01
3.093322668557633648e+01
2.923643325541416971e+01
2.893901274323749462e+01
2.844293197236989457e+01
3.008462108360282272e+01
3.141994116969698325e+01
2.867898343872018785e+01
2.967308902401134318e+01
3.113280642687802668e+01
3.195295581273656538e+01
2.842004148654980611e+01
2.953054453392458711e+01
3.119640329470508888e+01
3.016943766762672752e+01
2.949621362214691089e+01
2.935514916166046362e+01
3.015479624780531154e+01
2.972928082529313087e+01
2.974368051455425643e+01
3.045367637166096131e+01
3.104583661542071127e+01
3.004966791713697916e+01
3.004408911912563340e+01
3.149185999129903024e+01
2.914974931232181277e+01
3.043817547857690187e+01
2.887891782233555205e+01
2.924521444881781918e+01
2.985211215216488867e+01
2.886992209976609303e+01
2.849301025964150469e+01
2.814959833545390211e+01
2.980612871840281741e+01
3.049005824301294609e+01
2.930361964070058889e+01
2.915947662090190207e+01
2.981671639970742405e+01
2.959275596268846442e+01
3.033180486362165951e+01
3.070335022629339150e+01
2.949414681156871865e+01
2.918104126673594578e+01
3.061532529658114754e+01
2.999969572331193390e+01
2.927347083940312444e+01
2.893465838599457385e+01
3.232396582957675690e+01
3.060292699901587810e+01
3.037886674541227450e+01
2.752811745350957295e+01
3.041828554512806448e+01
2.929717015307063832e+01
3.151463138756308524e+01
2.878394425804172485e+01
2.927886378416398117e+01
2.871020775048240381e+01
3.004173640971286474e+01
3.051665378924136007e+01
3.174117957673228574e+01
2.990690213688863253e+01
2.992935107926737359e+01
2.982930873701578633e+01
2.976713976115235383e+01
3.162440974804341209e+01
3.067274609986961309e+01
2.881831258180614341e+01
2.952749038886043920e+01
2.845680097301377742e+01
3.075759771447164681e+01
3.073994851585676713e+01
3.103553522083255700e+01
2.809306901994287742e+01
2.938687128691735495e+01
2.937543186719121735e+01
2.881921017344711089e+01
2.781150902384123569e+01
3.015092121640498135e+01
3.032951800561361466e+01
2.923217892475080859e+01
3.021674428795937573e+01
3.211742646994151329e+01
2.963893970523056254e+01
2.982815060006367602e+01
2.833645106387390200e+01
3.013701865574693173e+01
2.896462661092258983e+01
3.148859826551597862e+01
2.889012962051995004e+01
2.942240655361236179e+01
3.117196641242377098e+01
3.070548314971971848e+01
2.829602071442283773e+01
3.131532334240129600e+01
2.909873460457348671e+01
2.984922685962989064e+01
2.915074083693840734e+01
3.160114728730660971e+01
3.077795255135255204e+01
3.010686269689488981e+01
2.913898668307290407e+01
2.952244748759332893e+01
3.231711908460709992e+01
2.898884196559454196e+01
2.901409278489806098e+01
3.199326335550793843e+01
3.007164319321873691e+01
2.862763206089962509e+01
3.102704878372501440e+01
2.780966794545705056e+01
3.010673792900085033e+01
2.927049082513353540e+01
2.947953792851499699e+01
2.949815214744064917e+01
2.855415945693516377e+01
2.968183617442941014e+01
3.016416589213985233e+01
2.862949164615518072e+01
3.117331711043836862e+01
3.093160030995916898e+01
3.037682844380534064e+01
2.953123159076526605e+01
2.952895158176664125e+01
2.976022078791924130e+01
3.012865553223371506e+01
3.188214438726441458e+01
3.058146256088124204e+01
2.895563570009172949e+01
2.883495931934933409e+01
2.772754143136118898e+01
2.930592452056381347e+01
3.011472162906702010e+01
3.232492736026848945e+01
3.074540564440047774e+01
2.878684959377776309e+01
3.057052769191050245e+01
2.998149673930353387e+01
3.059292600206742918e+01
3.095450677158279262e+01
2.983347708832754108e+01
2.845022711952819705e+01
2.960859593470937767e+01
2.826434539311165395e+01
2.836343635340548985e+01
3.231324173990240922e+01
2.902342609172593768e+01
2.848145027862224055e+01
2.747151346614405654e+01
3.035383922882558139e+01
3.018292025517129318e+01
2.963637277467915965e+01
2.943878367086409042e+01
2.835002577645795796e+01
2.855557307245596732e+01
2.886872452700739444e+01
3.086779925812998115e+01
2.954534013599600684e+01
3.217797650373037044e+01
2.974621682693106450e+01
3.066171522285316087e+01
2.850098171598756025e+01
2.885037968740276781e+01
3.148716362444105599e+01
3.025906972611964108e+01
2.856203642458987702e+01
3.093976430698772617e+01
3.053278099273979862e+01
2.840450496242860012e+01
3.088297093809772775e+01
2.808298345977225452e+01
2.950133106061902666e+01
3.233826094622507696e+01
2.955645865505068315e+01
2.965487716428563658e+01
2.915875128840770714e+01
3.054404582998950701e+01
3.015353856005025435e+01
3.200639125842054966e+01
2.984119745156232995e+01
2.997744866247444051e+01
3.089999980014380299e+01
2.847036590580458792e+01
3.035891651212642017e+01
2.930106665568723656e+01
3.013677293890969366e+01
2.831335855476684671e+01
3.180218993823024931e+01
2.966073639847596510e+01
2.879535911725498565e+01
2.991814836274381051e+01
2.904940466452579528e+01
2.971244889140940160e+01
3.060540011349758416e+01
3.027040581270814101e+01
3.165890868267175406e+01
2.843605099827703242e+01
3.034834118622003274e+01
2.933155839622094163e+01
3.115984646329828678e+01
2.932407373883929580e+01
3.364355625362536983e+01
2.949790082931311375e+01
3.010853096253181960e+01
2.946430385384722328e+01
3.040757204725947105e+01
2.824243736450759457e+01
3.163833896539406965e+01
3.086647135114608176e+01
2.868918061221346605e+01
2.885895974090560401e+01
2.815677650854109970e+01
2.890816772198071405e+01
2.674579535614166304e+01
2.953343092816911408e+01
3.043720420494247847e+01
3.009020989783692102e+01
3.038960460351432147e+01
3.107987515424258973e+01
2.977020664396801308e+01
2.743322446340173926e+01
3.170971811236811533e+01
3.050623187871015674e+01
3.048704427928991123e+01
3.201015171426420380e+01
2.927599349904253501e+01
2.952680404182893170e+01
3.172591134750734554e+01
2.953305630393344572e+01
2.933727337417440850e+01
2.937022495628075447e+01
3.172948737625767990e+01
2.873385323111925516e+01
2.771741780915945697e+01
2.917707929783477283e+01
2.810422378712513591e+01
2.993900958574573323e+01
3.017202668336349092e+01
2.924491449649725539e+01
2.944687011660352383e+01
2.857922267121814031e+01
2.991005227409149114e+01
3.094214930529899732e+01
3.056243418806561962e+01
3.130738391247058772e+01
3.065461056251004379e+01
2.948081353272356608e+01
2.954703469450858577e+01
2.852856987278932621e+01
3.179073143934967050e+01
3.123128185280138069e+01
2.943591509751692925e+01
3.046885112260133255e+01
2.992800310428947697e+01
2.898523917195281641e+01
3.135066884961900158e+01
2.990271631559590304e+01
2.951245728307915073e+01
3.045029552796751560e+01
3.144399627528897057e+01
3.261431922827139829e+01
2.996355426768640129e+01
2.756170672785772524e+01
3.045425950880424537e+01
3.114048796638996564e+01
2.908407744110979110e+01
3.082057909363904713e+01
3.067851192758829271e+01
2.962619356851973151e+01
3.317869668483378831e+01
2.900396614678305340e+01
3.004882451335249627e+01
2.887464684522910474e+01
3.100662949853204609e+01
2.940031263453991528e+01
2.780973415434000628e+01
3.035140171700461309e+01
3.120121821311846588e+01
2.875041794156930663e+01
3.009003861467108365e+01
2.836919900403825778e+01
2.902247010212650835e+01
2.905936747279118748e+01
3.080645454287798657e+01
3.023740562732093906e+01
2.838281132039050192e+01
2.699615064962961597e+01
2.714304755624205967e+01
2.843762312434379425e+01
2.900670361487292226e+01
2.856905544340632375e+01
2.959502421010236972e+01
2.914390376601217980e+01
2.987589302972205729e+01
3.191335387342514807e+01
2.941302442297157782e+01
2.918291944135643590e+01
3.091668351157525052e+01
3.202853160736759008e+01
2.889017403280580965e+01
3.140917939247072965e+01
2.851350787101680595e+01
3.030796374898497803e+01
3.116656106519712210e+01
2.982139320416726491e+01
2.969059885258581133e+01
2.830552558351603309e+01
3.121517290867198824e+01
2.767594322052097766e+01
2.973256016444515026e+01
3.060100205858841349e+01
2.943622011516962189e+01
3.082625030450874704e+01
2.842824328749064478e+01
3.131207608604891846e+01
2.883957077057053198e+01
2.970516393627311658e+01
3.024728898018811307e+01
3.156846735100389267e+01
2.963363930476014119e+01
3.163968744684793322e+01
2.870435205401608414e+01
2.897041592459153492e+01
3.083843857898165908e+01
2.991851139664237280e+01
2.914158188270081595e+01
2.909212312437268366e+01
3.159268684588187881e+01
2.794590741549953350e+01
3.160281554920119262e+01
2.749253360424965464e+01
3.178980982866710647e+01
3.053894282034690377e+01
2.914679724764635083e+01
2.976589829077821392e+01
3.248424528312589388e+01
2.992502449465612457e+01
3.093229312610428750e+01
3.121897568273172752e+01
2.847588100034151282e+01
2.891533182396354817e+01
2.994091623711162597e+01
3.077296777455523369e+01
2.873314727193215390e+01
3.136321633667688147e+01
2.993137134347432138e+01
2.809600780245698814e+01
2.998929986843528894e+01
3.136617238699487231e+01
3.134113032342967387e+01
2.900787496553321532e+01
2.766873672542320861e+01
2.754041775355923605e+01
3.032001613902354009e+01
3.005716132697735432e+01
2.724658305859368213e+01
2.900003756980246195e+01
3.045987752176876384e+01
3.003848276557278396e+01
2.947227749909648509e+01
3.117179849791904545e+01
2.769573317364057274e+01
2.697023575692219666e+01
3.100063545469042836e+01
2.881663287969250931e+01
3.103926785480005890e+01
2.989218048758498725e+01
3.160678382534661068e+01
2.961650656967508866e+01
3.147818338731535448e+01
3.055464314118255231e+01
2.790864240974507027e+01
2.887602918210395586e+01
2.938415002025160305e+01
2.985151786730337164e+01
2.833031732899511468e+01
3.082356841060854791e+01
3.248528534249930999e+01
3.114235851799727683e+01
2.916004175904715723e+01
2.938575092086126972e+01
3.116832187049550029e+01
3.112276446841539368e+01
2.851602408244292519e+01
3.120176359911144459e+01
3.027033557746244696e+01
3.104070018762750038e+01
2.844757669776415909e+01
2.823746464469363815e+01
2.599288076877847331e+01
2.796760459777852503e+01
2.956062619481096121e+01
2.898860757324337811e+01
2.993837654020619965e+01
2.751027995993382547e+01
3.050284678004778272e+01
3.015147320192168934e+01
3.031652332801700211e+01
2.839959268028623640e+01
3.182809016260233292e+01
3.116793022057737517e+01
2.835835639882560599e+01
3.492422565718131722e+01
2.876361342595977533e+01
2.912591769371889683e+01
3.000589165400119285e+01
3.060862950600311194e+01
2.936622765036662486e+01
2.933907985289541998e+01
2.911834434587514053e+01
3.018880863949448212e+01
2.890707012354250338e+01
2.740741877006291816e+01
2.874170149810765906e+01
2.725899844387189219e+01
3.286807947540395247e+01
2.949534825741104527e+01
3.125018210864419288e+01
3.010545934342685825e+01
2.798109268241393721e+01
2.862541540521383254e+01
3.043310996307873495e+01
2.988258381492252269e+01
3.135315036562394297e+01
2.819632182485862160e+01
2.912747261565675672e+01
3.004480393601503607e+01
2.926128486602469891e+01
3.029406102568835024e+01
3.025706441145251446e+01
3.031371327710380825e+01
2.734712512828642517e+01
2.955884862105065736e+01
3.085245092449276427e+01
2.766313526892099972e+01
2.734207991744769473e+01
3.295957426276594759e+01
2.770410456816565414e+01
3.159574713930055623e+01
3.026769454150889516e+01
3.109101606136476548e+01
2.922897380323029637e+01
3.183480691028859866e+01
3.003969719371138680e+01
2.810395216082612180e+01
3.014965313332738006e+01
2.978316098228464170e+01
3.102916723874557903e+01
3.056618595624136603e+01
2.897326699546319517e+01
2.879419655978646020e+01
2.872770434182237764e+01
2.959244720645084570e+01
2.942332872774583663e+01
2.842191795198680992e+01
3.026477307187565202e+01
3.094287376326282768e+01
2.817453168149728882e+01
2.919764676922523350e+01
3.071835213249656960e+01
2.895159743109017825e+01
2.978510072106189455e+01
2.766077637237831155e+01
2.700757735260667758e+01
2.896739808901126167e+01
2.913475046349616449e+01
3.028631014678645883e+01
2.841545281559078973e+01
2.903889306972906681e+01
3.064132789018913527e+01
2.961248837503446651e+01
3.126561335822385246e+01
3.093333103754027036e+01
2.759088796751955996e+01
2.897203804351070033e+01
2.910185225508354279e+01
2.987695219517417300e+01
3.265940285617132588e+01
3.006955871256016621e+01
2.913944583578754433e+01
2.833382712141751369e+01
2.969468745422439326e+01
2.911950075494582535e+01
2.950449349502092389e+01
2.891683952558763693e+01
2.997848646160611708e+01
2.874934949586659982e+01
2.917560127129932468e+01
2.952428231581354368e+01
3.032470496985146013e+01
3.141749016689123053e+01
3.192324011999159694e+01
2.837679740902261827e+01
3.135726806002670841e+01
3.039145123755952582e+01
3.246930472330207351e+01
3.098682804238495336e+01
3.035187970747098518e+01
2.924121381357901583e+01
3.130800216103635236e+01
2.854154870223607787e+01
2.985392194930745902e+01
2.968007109606426042e+01
2.798289875164025631e+01
2.994751293243217205e+01
2.992097173439218949e+01
2.984144881455715748e+01
2.937860573246794615e+01
2.761766927573469488e+01
3.080060348182545837e+01
3.065215369966426096e+01
3.018249678602481723e+01
2.867384240306430954e+01
2.968076754704490838e+01
2.882426176640482751e+01
2.953243691650485303e+01
3.164745689741282320e+01
3.072971864153368671e+01
3.185432562795433498e+01
3.062429350609451362e+01
2.755378510550885451e+01
2.918734053319754196e+01
2.956310277916678686e+01
3.046852383782701423e+01
3.018576390275600119e+01
2.680404106889910310e+01
2.994155554339073433e+01
2.995222647697476859e+01
2.931597869291311298e+01
3.128398028261350561e+01
2.682397751617240189e+01
2.853037733191230174e+01
2.998748726693844091e+01
3.077543258822698746e+01
3.080280069963882994e+01
2.843055515023601387e+01
3.039552475886676319e+01
2.849812166509019917e+01
3.013793320968272482e+01
2.885811162491717141e+01
3.002898953328503850e+01
2.925311906316457211e+01
3.115622235121163897e+01
2.933458828471466262e+01
2.949248942418658004e+01
2.911730847119571663e+01
2.962757428469823040e+01
2.948451686007724604e+01
2.936107564336327158e+01
2.871555456280390217e+01
2.989826454653884369e+01
3.204035506786757281e+01
3.161634097836058288e+01
2.985503579428368326e+01
2.951342504168797021e+01
2.888352705210371241e+01
2.951498243889867723e+01
3.070815103276530422e+01
2.910576234976145926e+01
2.967742102735089560e+01
3.009685456647789792e+01
3.157925571287164601e+01
3.237166048060586832e+01
2.957020494787069964e+01
3.062074032431574366e+01
2.897657540369433349e+01
2.917637777250478237e+01
2.941438361498122234e+01
2.897386119284090356e+01
2.972082300977842451e+01
3.006503892983326409e+01
3.074460206380338434e+01
3.000871379808152284e+01
3.119321812565361896e+01
2.892818607769273953e+01
3.242909518599189767e+01
2.907107551633602327e+01
2.809682118402987427e+01
3.233435399455167669e+01
2.875359067065055996e+01
2.799383043613091360e+01
3.125890683552125537e+01
2.925189387275796449e+01
2.896583312072011651e+01
2.987653029216716050e+01
3.036832303434995950e+01
3.011898099054373645e+01
2.917235729402243649e+01
3.011751199476725205e+01
3.075873509860839050e+01
3.028365062184568757e+01
2.981408257644251236e+01
3.286439613540043325e+01
2.925257084470074176e+01
2.826788305976807436e+01
2.883093640642208655e+01
2.897593795662800176e+01
3.038930315173441343e+01
2.860755162256070250e+01
2.810416905484897754e+01
2.765826710014710343e+01
2.946815236715703179e+01
3.066834665597949794e+01
2.943473850665749580e+01
3.096494610469254383e+01
2.805782934230352765e+01
2.942414382716206589e+01
2.947688479419701224e+01
2.911983729236056107e+01
2.871846802777995933e+01
2.856233737810574169e+01
3.078359186869240460e+01
3.015574207597536827e+01
2.890518890656958817e+01
3.109496908969358131e+01
2.890227826182787751e+01
2.775709276250714908e+01
2.824059579000601872e+01
3.133114880926813228e+01
2.943649892359879416e+01
2.959374968990444188e+01
2.809847208769957660e+01
3.015231930453791520e+01
2.785852059764935618e+01
2.758322699123419852e+01
3.044944839877465270e+01
2.992112142710580258e+01
3.035281739690270086e+01
2.719563550471787750e+01
3.020019845412020487e+01
2.858201634851425510e+01
2.823715407565065760e+01
3.039914303201312862e+01
2.958806178424168110e+01
2.935036453112481425e+01
2.928087379867844575e+01
3.079394646872407293e+01
3.127417755050376869e+01
2.839669573832821925e+01
2.999348226572737630e+01
3.038795517460522433e+01
3.055324229271083070e+01
2.750426506886763178e+01
2.847907347462568950e+01
2.889625136316556819e+01
3.066025957432943727e+01
3.262438260185022898e+01
2.860764818641915497e+01
2.873550062396920879e+01
3.035418441598561756e+01
2.828098993339768086e+01
2.840595389425656236e+01
2.914204098319862979e+01
3.168260437332593327e+01
2.996279114700493906e+01
2.873102844330840711e+01
2.942354038354714874e+01
3.035364123896708932e+01
3.091578144504640591e+01
3.045082364268818154e+01
2.933263275243940882e+01
2.927438457493053647e+01
2.930388788223221397e+01
3.035005796483829599e+01
2.871303893927218809e+01
3.199759358598873149e+01
2.926332914406280494e+01
3.153828499270911934e+01
2.869271865500990160e+01
2.865654166880204556e+01
2.936053487271118811e+01
3.044893471115393524e+01
2.894916819697912302e+01
3.057643905390278860e+01
2.782123436963143703e+01
3.000060238575312610e+01
2.914879261516875530e+01
2.986560188748083533e+01
2.963158171382327311e+01
3.261825676968651777e+01
2.978539271478028283e+01
