mass_1_source
3.289317079373700636e+01
3.179823985621467841e+01
4.034954225733098809e+01
3.409676924589039970e+01
3.486288224420868431e+01
3.107655993506757852e+01
3.326292533986445932e+01
3.694508029319404585e+01
2.891570971414556723e+01
3.171328055258042511e+01
3.759472745639413205e+01
3.106140780760877362e+01
3.871005828785449410e+01
3.361262298687064742e+01
3.158584781128925201e+01
3.155518379403502394e+01
2.907391666127067609e+01
3.377934542903550152e+01
2.827951517503142398e+01
4.040536948375391546e+01
2.888432621406219170e+01
3.674913628436392798e+01
3.833809178818606256e+01
3.408566785665522048e+01
4.030556474805681688e+01
3.460855841827672918e+01
3.635554063675316883e+01
3.765211390625235310e+01
2.894022157865616407e+01
3.558390911710797155e+01
3.922633765614360613e+01
4.135088250509546981e+01
4.052966251205343440e+01
4.454355076342422848e+01
3.260356106779329366e+01
3.055914772127539436e+01
3.473663650463134900e+01
3.503866616594174843e+01
3.512303544037087732e+01
3.524642489723226646e+01
3.074633812067833816e+01
4.235853929204885304e+01
3.872511896168463608e+01
3.147205975024020219e+01
3.062903380052336644e+01
3.250371978703336850e+01
2.766065163624323375e+01
2.880101413356176465e+01
2.788532253452999399e+01
3.880109062266024722e+01
3.556316826069045334e+01
3.411215432743137654e+01
3.436762277427825296e+01
2.895054589895556063e+01
3.328683143121503463e+01
2.754843279413781332e+01
3.651860771145273077e+01
3.335828286657223885e+01
2.995455830408431552e+01
3.229421237441950865e+01
2.944616025477298393e+01
3.005403455600188423e+01
3.195621280037156708e+01
3.434004097522907983e+01
4.511414085178210343e+01
2.888024224566130727e+01
3.236736970886367004e+01
4.166252688340392751e+01
4.041842407357015787e+01
3.811605269559909459e+01
3.172603592174722920e+01
3.557405026020254724e+01
3.495758882267099921e+01
3.185005737212637200e+01
3.060842592504183557e+01
3.599878550946957745e+01
4.636355452465716809e+01
3.044244717114916554e+01
3.617095775998341622e+01
3.104004292397113929e+01
3.107852369369929946e+01
3.324403361708974103e+01
3.003862041112664372e+01
3.586354322043256104e+01
3.567053609517977009e+01
3.995432340894509338e+01
2.784967627037897842e+01
3.495891974977288186e+01
3.212387988003812467e+01
3.433559971736461591e+01
3.313392232037958252e+01
3.993449473311138576e+01
3.457936433393308562e+01
3.997985939506261133e+01
3.177269979495171981e+01
3.041745967079453550e+01
2.952698604372261570e+01
3.558827550501952430e+01
3.295789736100734046e+01
3.222500992260876984e+01
3.515444225605266837e+01
3.470391034305830402e+01
3.628527293920431163e+01
4.525028977464521773e+01
3.037569828620768320e+01
3.614104979967652298e+01
3.166962829849272865e+01
2.793077371526093344e+01
3.938065508209317045e+01
3.453729839356589082e+01
3.317758819895396272e+01
3.154425153940524140e+01
3.399211559894256851e+01
3.176932868769556606e+01
3.408157376396836469e+01
3.007363026744376810e+01
3.109963768571360276e+01
3.122683620150316486e+01
2.804037575598946574e+01
3.099776881130232553e+01
3.534994579237590528e+01
3.583042128248721525e+01
3.010530034556167678e+01
4.123722724350201219e+01
2.978263451805658235e+01
3.161041012232648839e+01
3.075893166196474837e+01
3.102532262709451061e+01
4.097197847802369353e+01
3.432062911772666070e+01
2.918246897256688399e+01
3.327811070980335018e+01
3.084941955788563561e+01
3.392110824372331734e+01
3.087373605224800599e+01
3.059000482631739359e+01
3.264454154754558601e+01
3.099079257777237828e+01
3.148272023118467189e+01
3.595176755205157804e+01
3.790528847348134178e+01
3.432903571485706351e+01
2.945417821633533961e+01
4.107379113274388516e+01
4.542967253915315951e+01
3.614070154514659805e+01
3.289049756391302992e+01
3.716455724851017806e+01
3.105002512640541212e+01
3.394999279457350383e+01
3.517777495108468599e+01
2.852631075131476024e+01
3.224200252781145792e+01
3.628675096913104170e+01
3.752283693743009252e+01
2.894891116319645619e+01
3.659361917876394443e+01
3.626536566462474553e+01
3.964041775232240639e+01
2.856754804095341527e+01
2.884411438972477271e+01
3.242724619389954199e+01
3.163722710770789703e+01
4.300803729963894284e+01
3.619290293409903825e+01
3.528402062757582058e+01
2.939098092648886507e+01
3.059072871354765866e+01
3.010351576347784786e+01
3.003120047165648998e+01
4.329178532002003266e+01
3.662383436628790179e+01
3.318741311227601187e+01
3.364404806765909228e+01
3.274749049643035193e+01
3.047156678520444828e+01
2.810877678638688337e+01
3.954377678286562769e+01
2.736314660280454092e+01
4.523399650637235681e+01
3.362188886779990327e+01
3.695262896812805309e+01
3.652958162957184385e+01
3.243032820386821413e+01
3.229159431346906217e+01
4.053178819449390602e+01
4.387511466458029474e+01
3.141064428350971127e+01
3.166095247185659289e+01
2.828848374061962545e+01
3.105170486207579827e+01
3.115071102222565713e+01
3.181349446875326592e+01
3.272542735884015741e+01
3.530546756711844836e+01
2.973781628821025791e+01
3.398429441464083567e+01
2.928382265674557772e+01
3.230954373625154830e+01
3.818811062143681312e+01
4.033145360544304481e+01
4.248270114284737531e+01
2.971804012036378140e+01
3.752199316557126707e+01
4.029486837904816099e+01
3.290867696458102643e+01
2.804546384772672241e+01
3.035477170911349276e+01
3.897433835289660919e+01
3.241194082159571366e+01
3.709447089184808988e+01
3.788656522339089605e+01
3.889171391336115846e+01
3.527514298410218885e+01
3.483149166171173050e+01
4.006695865025022840e+01
3.688639955590127073e+01
3.085220301673990662e+01
2.950623076523680766e+01
3.553556658863590201e+01
2.918045929621707657e+01
3.363126248522001305e+01
2.779496461318976586e+01
3.118467662352357195e+01
3.049189174621555409e+01
3.774409387929752313e+01
3.420146665499133576e+01
4.196947429104644556e+01
4.246955024847321170e+01
3.116707357747171869e+01
3.865617548279878690e+01
3.360516582878752700e+01
3.673158763293136531e+01
3.205786942206939472e+01
4.014049043258457061e+01
3.030492808569921692e+01
3.221318001404218023e+01
3.230667113670380530e+01
3.858197092550167895e+01
3.702525105311110565e+01
3.013806241557096399e+01
3.127108505048766673e+01
2.898081623390785921e+01
3.518318226171349750e+01
3.517677492966755892e+01
3.496666311860927578e+01
3.703146396985396649e+01
2.844008288809502716e+01
3.416678605336761620e+01
3.525052569867923324e+01
3.178190191174951806e+01
2.807917467680329793e+01
3.359228978642573082e+01
3.324219594912477760e+01
2.968140377061282109e+01
3.799020150398140316e+01
3.833566366805693804e+01
3.508480278380896067e+01
2.988036177440500296e+01
2.968023350435145247e+01
2.905180261661089602e+01
3.295292628975975191e+01
3.136724298463073168e+01
3.587583099617780391e+01
3.322291829690246345e+01
3.053762913211681962e+01
2.979644168131822823e+01
3.683731495986883431e+01
2.795422292642055240e+01
3.459929369875958116e+01
4.490905025832559261e+01
3.608248883791640793e+01
4.076880518850784085e+01
2.790560005984465164e+01
3.660543695250982665e+01
3.969707772332980511e+01
3.800505120661266290e+01
2.968423096564404418e+01
2.923642972343547441e+01
3.534211563308826953e+01
2.810072320025633630e+01
3.595493271988314632e+01
3.784748686256793349e+01
3.738074432667008296e+01
3.207968131050557048e+01
3.736692929084851045e+01
3.052456697523017937e+01
3.041550652931293897e+01
3.617663276233696479e+01
3.676023872109203694e+01
3.300939943730314496e+01
3.733292355150413044e+01
3.480135248267576742e+01
3.213833687018303209e+01
3.312727292209500263e+01
4.020536606023092219e+01
3.470537089870957459e+01
4.290358533691349407e+01
3.207384263315175588e+01
2.890310751400893352e+01
2.843592720412583574e+01
2.833358549603758902e+01
2.883046837985775213e+01
3.567372097529122499e+01
3.387539152689662103e+01
3.499708044853280597e+01
3.259025594489626343e+01
3.317129742393928638e+01
3.486446986842729956e+01
2.837360757853594251e+01
2.982344674084442104e+01
3.287491109515811871e+01
4.795961719109972421e+01
3.719085768539267178e+01
3.155235925151853493e+01
3.045897203984787183e+01
3.717843930698571597e+01
3.996109341457921005e+01
3.871196936796071242e+01
3.403872793312365275e+01
2.967545206282032666e+01
4.110471983611662239e+01
3.769575368921250913e+01
3.160612227648667982e+01
3.701540373921402249e+01
3.071558636102337658e+01
2.816668132766163879e+01
2.924770204707844812e+01
2.992594352355969178e+01
3.353660262768237033e+01
3.208539266192144623e+01
3.895307703273266497e+01
3.651029856525480000e+01
3.627472009372304740e+01
4.503981524678683002e+01
4.583770761989307374e+01
3.013589712295224032e+01
4.679477204500540211e+01
3.738015075673873611e+01
2.925453689953550196e+01
3.949616676627357492e+01
2.840652100199192276e+01
3.548723691739990471e+01
2.961638048658377187e+01
3.428582866575758459e+01
3.290718465085435440e+01
2.940586985299050582e+01
3.773042388548949333e+01
2.959910409278653987e+01
3.983644326940612501e+01
3.370988261440410128e+01
3.473570241113632306e+01
3.304405963126460932e+01
3.240097322996398077e+01
3.152069512009547836e+01
3.886987619898371804e+01
2.976305904348837217e+01
3.802216055045667531e+01
2.989105846239279529e+01
3.765607767792454297e+01
3.387223705833172716e+01
3.898633363131776974e+01
3.395819824746414639e+01
3.008391627733347562e+01
3.443458820192359582e+01
3.124207502199709907e+01
3.994579001466001955e+01
4.497368515178337844e+01
3.205714817329351973e+01
3.594889138377159554e+01
2.922348716038456473e+01
3.497089025453031041e+01
3.594300911423001565e+01
3.793078394838881451e+01
3.119739691780902646e+01
3.137116252111921355e+01
3.250916019960630621e+01
3.107472667405424005e+01
3.175948783897787209e+01
3.456875799334586929e+01
3.424217310502071854e+01
3.540710233798406392e+01
3.187959581393480946e+01
3.087084300913021906e+01
2.887595544605303743e+01
3.568411190840410541e+01
3.257750594661161614e+01
3.581429262166942351e+01
4.380581915438887819e+01
3.190453824993255338e+01
3.356573475515121885e+01
3.159559377931046242e+01
3.119892356725869575e+01
3.528658472265865242e+01
3.906818682642492035e+01
3.244111582111575132e+01
3.649527792413092442e+01
3.767660574316208510e+01
4.363806584999751692e+01
3.146826810023338794e+01
2.966198019925375462e+01
3.232802021379566071e+01
3.541871091808097560e+01
3.333000960361069076e+01
4.604895117545148508e+01
3.715057753843966282e+01
3.141834024843246453e+01
4.134738640547395505e+01
3.132540890370537667e+01
3.533521372906251656e+01
4.821317216673704564e+01
2.869339357137556590e+01
3.122325593219159856e+01
2.932851361914769939e+01
3.135094179310031848e+01
3.975379714716056156e+01
3.050213289583860288e+01
3.508635246169697552e+01
3.809743874646025574e+01
4.031821126316827275e+01
4.125524507120246653e+01
2.929210821813951782e+01
3.648677553497605430e+01
3.073206494114204901e+01
2.990694807307286140e+01
3.660209408854554880e+01
3.551662035111024807e+01
3.891954170565300331e+01
3.900603440902461472e+01
3.538509957639151793e+01
3.710987341782985993e+01
3.542768437971961504e+01
3.513487201461482812e+01
3.905811341742857223e+01
3.321449540138712564e+01
3.475751150099653586e+01
3.546302526259601251e+01
3.865963922275519593e+01
3.377691946002016010e+01
2.897297531184230834e+01
4.290594681534172850e+01
3.370352070033478498e+01
3.653802596745968145e+01
3.569293919090474532e+01
3.808146759048605645e+01
3.902219483031370828e+01
3.591400738455462971e+01
3.254438064289865906e+01
3.363495866919143396e+01
3.165752073816815226e+01
3.785912034825403083e+01
3.084593160964830361e+01
3.093926780357632822e+01
3.274415822530069420e+01
3.431715389698339180e+01
3.149818167130020541e+01
3.077284297154181658e+01
3.115181749010373835e+01
3.867806754429204119e+01
3.533496346901480223e+01
3.900650829107886608e+01
3.443081679355922375e+01
3.812611503188012563e+01
3.182366735538120395e+01
3.473765070701331581e+01
3.270350814533243522e+01
3.395939502522518438e+01
3.256714017648267401e+01
3.066680740927787241e+01
4.156785925294179407e+01
3.275884093872063829e+01
3.055495982495769880e+01
3.196568055283007936e+01
3.239409614055332298e+01
3.186762365433182964e+01
3.132017531758862816e+01
3.149823951985183257e+01
3.150627418098318344e+01
3.443691617807139238e+01
3.400908405723287586e+01
3.796023558270373854e+01
4.303271139884722629e+01
3.007024426785168103e+01
2.811500871664173928e+01
3.262900386873031522e+01
3.967062273371853109e+01
3.334728930591505502e+01
3.722136203498856588e+01
2.845711516870738933e+01
3.167873016815368459e+01
3.569291312395327509e+01
3.450143945488726871e+01
3.803908019024729015e+01
3.204750908004308485e+01
3.152306217398472654e+01
3.408181657617016924e+01
3.059390613647954282e+01
3.487813989663383296e+01
3.672191163171378747e+01
3.676337658480681370e+01
3.469119745617506112e+01
3.714796814668000025e+01
4.748998674069620307e+01
3.915110389812701186e+01
3.572097885761883163e+01
3.139614724127552137e+01
3.298821953315796662e+01
2.937427391641216090e+01
3.213752151971990401e+01
3.956689550230549912e+01
3.543351109887861128e+01
3.632125827750122227e+01
3.274507868322005066e+01
3.435636412316321042e+01
3.470710455770326064e+01
3.419009359931971659e+01
3.427072380027548348e+01
4.608515663051649369e+01
3.000399055339817522e+01
4.115210992417293312e+01
3.931600376500443872e+01
3.191292609903999278e+01
4.141322090306550052e+01
3.235379412120407494e+01
3.812565172729221530e+01
3.890642012135280225e+01
3.080428899551513666e+01
2.842570728954365578e+01
2.944429112856496644e+01
3.645006719137552409e+01
3.001286827301951021e+01
3.302625537702065373e+01
4.383916576813443555e+01
3.752251713775731190e+01
3.889219746504337394e+01
3.142824481597760666e+01
2.844798382546944637e+01
2.995855879044923853e+01
2.978778750143967358e+01
3.408547965686587133e+01
3.566770318442346621e+01
3.890044254797221157e+01
3.629471717690665145e+01
3.202228684006830406e+01
3.756845638556013967e+01
3.426854756958868364e+01
3.618451701730706560e+01
3.078706161023982091e+01
3.349511284880839668e+01
3.882543237506628486e+01
2.813957924581751158e+01
3.697183554874471412e+01
2.826867172829710384e+01
3.522929194805350051e+01
3.694200199931249529e+01
2.982347729904863698e+01
2.870255602862502897e+01
3.189211746999813002e+01
3.439460963405598903e+01
2.972500373704645327e+01
3.280511084220071183e+01
3.237136906492514044e+01
3.145562888974115623e+01
3.407788952923090875e+01
2.987764389653427699e+01
3.445591012103840001e+01
4.111976348415932847e+01
4.860596205285627036e+01
4.312673819084897531e+01
3.723375282974792100e+01
3.419117729626471203e+01
3.234645368213023886e+01
3.398175324218109239e+01
4.003302120956953303e+01
2.766937724276327160e+01
3.964687258952505999e+01
3.477128359857008633e+01
3.041375902179840196e+01
3.216242774496051027e+01
3.433221339548650519e+01
2.855250041646742432e+01
2.999927895854725435e+01
3.040559819978758682e+01
3.520403646773286965e+01
3.815359762305322988e+01
4.678105331365399167e+01
3.061919112046717117e+01
3.771810567948509885e+01
2.974435101269503434e+01
3.973146594847070645e+01
2.980583232645955860e+01
3.157391041972429946e+01
3.087384048414743987e+01
3.677031546023640374e+01
3.492357034432826879e+01
3.381723513325858477e+01
2.896284203510670707e+01
3.118437300485522456e+01
3.313045160352133678e+01
4.519924670500272157e+01
3.109606380250490076e+01
3.364400506595625018e+01
3.673735236921144320e+01
3.106697807059397221e+01
3.064739937821943272e+01
2.831333104519741894e+01
3.917873179292835317e+01
3.266449025347341006e+01
3.300855600979836169e+01
3.442039782216286170e+01
2.842266120226614845e+01
4.155936764043712373e+01
3.474190407975455486e+01
3.340651669897403053e+01
3.718542824474032926e+01
2.987832339274234528e+01
3.387255404495945754e+01
3.506872710153563588e+01
3.624089477314398522e+01
3.830317270630806803e+01
3.081975010613698274e+01
3.231443645777400064e+01
2.694094366789605743e+01
3.059441670930999280e+01
3.408010298181121556e+01
4.382737108126759296e+01
4.036925351279349883e+01
2.640271746208001247e+01
3.390791956231927173e+01
3.751603623240838914e+01
4.295148016069556718e+01
3.225848706278268452e+01
3.523478011016037925e+01
3.755199918708769502e+01
2.826359713244156069e+01
3.199717277845780217e+01
3.072495683100267883e+01
3.113378000286364866e+01
3.084162368350848737e+01
3.681553343882470131e+01
3.586625182864153771e+01
3.005969615462003119e+01
3.518324192592199751e+01
3.895289510687812395e+01
2.867219117729139199e+01
2.844520534628723496e+01
3.405165141655567851e+01
3.479648108792521555e+01
3.449655692169223187e+01
3.672964485222899356e+01
3.455521544836926040e+01
3.660848512680541234e+01
3.938944734314237195e+01
3.125218088965626961e+01
3.412627900491158073e+01
2.879139187849099812e+01
3.551094678548562911e+01
3.682562686243766592e+01
3.480877601172909408e+01
2.908458888124043895e+01
3.248109408663841435e+01
4.268091602026571962e+01
3.001798181431901824e+01
3.225703632352056616e+01
2.780371445221925342e+01
4.034844349588925638e+01
3.829295413568731021e+01
2.653714132060493114e+01
3.897335097760866063e+01
3.393055425735595065e+01
3.532845885881362591e+01
2.938269238888627299e+01
2.885542736725026458e+01
4.368297307923678119e+01
4.277108204375478095e+01
3.409376252576063848e+01
3.321032986840363321e+01
3.129778184291528476e+01
3.330328248771336064e+01
3.600063746793625796e+01
3.282295713498669443e+01
3.594284952130032451e+01
4.659586047208731685e+01
3.184572064516355994e+01
3.641774583169694068e+01
3.170336054409080262e+01
3.138964284874566602e+01
3.503527156085360161e+01
3.146014488554036959e+01
3.620620232013163786e+01
3.536333712588179878e+01
4.040755542137861056e+01
3.322938499462543405e+01
3.151374800777510288e+01
3.146789249708171710e+01
3.523446483552757513e+01
3.647225025810833188e+01
3.616755069448561244e+01
4.204119603763857071e+01
3.736555156415450085e+01
3.542852033103455511e+01
3.012128304241217691e+01
3.553723852562817598e+01
3.093168832233526189e+01
3.012899935402828433e+01
2.904588796642908122e+01
3.458404645358642426e+01
3.510945848174196016e+01
3.755763756910245377e+01
2.802780253974956182e+01
4.477101847657459643e+01
3.284222302931981119e+01
2.944671858059700753e+01
3.367811756494138109e+01
3.000522064152178814e+01
3.681241830049964392e+01
3.075020819469091293e+01
3.138689512179402641e+01
3.341933545732092625e+01
2.694656417966313100e+01
3.710532468710146503e+01
4.452415717662385930e+01
3.853055029978808221e+01
3.265537902177245400e+01
3.996579640219571417e+01
4.393018039351840542e+01
3.447371501739226574e+01
3.105542866182502237e+01
3.525217788245275585e+01
3.555406261338961116e+01
4.021277408535397058e+01
3.000863963590950334e+01
3.963699815200541821e+01
2.886434473659759092e+01
3.984896157631666824e+01
2.815876309040274705e+01
3.423563566674457093e+01
3.822583623951054221e+01
2.689420328928056847e+01
3.390001953643106702e+01
3.356025445602733726e+01
3.817544114853384229e+01
3.913915733403654684e+01
3.646943043427520337e+01
3.059467630951171913e+01
3.952981521498448103e+01
3.359453619172265348e+01
2.872818087364080597e+01
3.172813255307581670e+01
3.131505264114921516e+01
3.110449918471725894e+01
4.258068664820608262e+01
2.894083254652588266e+01
3.683571257896598183e+01
3.560636927396140550e+01
3.082951625941066354e+01
3.244376019059034633e+01
3.438510112406420660e+01
4.234531109213981637e+01
4.179262033570766022e+01
4.073585521668420029e+01
3.286987955029182018e+01
3.703954603225737685e+01
3.733090000597909608e+01
3.307642459756942799e+01
4.414742784782303175e+01
3.994495912130259541e+01
3.118177439530756700e+01
3.819831101161891240e+01
3.285514933984897112e+01
3.308505413014115248e+01
3.611447749635322424e+01
3.555828448849020162e+01
3.813540283907026662e+01
3.536771745777303266e+01
2.698584507792858389e+01
3.747857659347430115e+01
2.950971627292915045e+01
3.856474862378122737e+01
3.044310160850062630e+01
3.054466011530546155e+01
3.151011262396984236e+01
3.315040373693797449e+01
3.756754174298754378e+01
3.114756047562592300e+01
2.976860575740024473e+01
3.239952625484619375e+01
2.810267215063523594e+01
3.261959960662623814e+01
2.968565248424697600e+01
3.923369732367638107e+01
3.303106414711103156e+01
3.433491580057626180e+01
3.340708362609710491e+01
2.753176461765644945e+01
3.190475184736584779e+01
3.741793453435369798e+01
3.766546507855605341e+01
3.679235924145964276e+01
2.980363750881310736e+01
2.960842660074039756e+01
3.185026830907974471e+01
3.695081872493569364e+01
3.077346939200505105e+01
3.337834881615403759e+01
3.319550837594681525e+01
4.144690060807519671e+01
3.057829301184096948e+01
3.477741454799116383e+01
3.292118804618270644e+01
3.397431981010866053e+01
3.510456189512086667e+01
3.393109179418654264e+01
4.327542263490082064e+01
2.831831724875650735e+01
2.845037447344276416e+01
3.028862430830040964e+01
3.079864785356019752e+01
3.508510707874678758e+01
3.277175985999022600e+01
3.907077108228393314e+01
3.517149428764930263e+01
3.226752373038141997e+01
3.980442940769076188e+01
3.626945512259797511e+01
3.304038114433152629e+01
2.780801503528831375e+01
3.284500461029593765e+01
3.154169069570864892e+01
3.121272695152550369e+01
4.041266780514002477e+01
3.163913447731663098e+01
2.989623283922746211e+01
3.342523256395047326e+01
4.163846627262532962e+01
3.543855569883739065e+01
3.344046026869218480e+01
4.245836993686081939e+01
2.972221862783288415e+01
3.196747281529402329e+01
3.123306802308929875e+01
3.267341141507500168e+01
2.934892717319287669e+01
3.968785762927371508e+01
3.023466189007523752e+01
2.860278414985136664e+01
2.930998857554954995e+01
4.374019072487757853e+01
4.373168420527454003e+01
3.546315501551813298e+01
3.930301979351085606e+01
3.323688634925313323e+01
3.569192678828499510e+01
3.097366091533866950e+01
3.733587475285109747e+01
3.547793508835268739e+01
3.027203576324015444e+01
4.362934040986333173e+01
3.243170031693496469e+01
3.400077334302186927e+01
3.792821737995208764e+01
2.753142828901798822e+01
3.260955802927418290e+01
2.895337313729613982e+01
3.542139426800831359e+01
4.078674243456035953e+01
4.240427319510789061e+01
3.371196024426117788e+01
3.254024675459090332e+01
3.247116105596003877e+01
3.606962390846409505e+01
3.850898931177670192e+01
4.471764498681544353e+01
3.583605131329603211e+01
2.925334990891370168e+01
3.175526027724683331e+01
3.112198069290038305e+01
3.629981609243913709e+01
2.971802571890957978e+01
3.495966703660275954e+01
3.190947242610652168e+01
3.319063763327902450e+01
3.348807116899128999e+01
3.472744986790402777e+01
3.368377005733796636e+01
3.383617787626486972e+01
4.273347136460762385e+01
3.267357870901456351e+01
3.075476136971564500e+01
3.520142383865507441e+01
3.061095700585340751e+01
3.453274094732274335e+01
3.145793065015859469e+01
3.326540991970538386e+01
3.373240331694102423e+01
4.551647379621477540e+01
3.361335996951760308e+01
3.286587744297244029e+01
4.311668455109870735e+01
3.653852348782339021e+01
2.945278839190179099e+01
4.448553278674069134e+01
2.970245045853095789e+01
3.069101499239250685e+01
3.699371625119037787e+01
2.916105451468151699e+01
3.788410425033352169e+01
2.959192852137926621e+01
2.996935174884053410e+01
3.494918185640856478e+01
3.909103720611649635e+01
3.083166107999533523e+01
3.189412711832925496e+01
3.539152780096949158e+01
2.950188580783849090e+01
3.465978268040746713e+01
3.361968359862592592e+01
3.573944448742850000e+01
3.518721123791774374e+01
3.641664449599750952e+01
3.240842595682447325e+01
3.050283115094076791e+01
3.046117778145909938e+01
3.381915891913169503e+01
3.050929133377677616e+01
3.443605904849897570e+01
3.390151439279073742e+01
3.263280882308559683e+01
2.947896066224815570e+01
3.410025124990013978e+01
3.327436467954534294e+01
3.251364524801536504e+01
4.127678613479368153e+01
3.342135851763971743e+01
3.245304530276076349e+01
3.408656382737926549e+01
3.360571386143697481e+01
3.815241804348187316e+01
4.088183744202560632e+01
3.208747876924788045e+01
3.262745788744145159e+01
3.365040283011335021e+01
3.577886667822193090e+01
3.338691048229765101e+01
3.196019837438678124e+01
3.084137240886626685e+01
4.310584763324886381e+01
4.288587029680835627e+01
3.122146576649422300e+01
3.072719837740927318e+01
3.379022751147297043e+01
3.319377118407613381e+01
3.333538252851776917e+01
3.102263400556152106e+01
3.776249041389847605e+01
3.634805728508327149e+01
3.992445615750447274e+01
3.388907934377652964e+01
2.977883972159434833e+01
3.085952234841968433e+01
2.950019943134437383e+01
3.050029914309065759e+01
4.429568718328711441e+01
3.025230612124255813e+01
4.046922598189416931e+01
4.258426857189898129e+01
3.819385074097269950e+01
3.372537979499269767e+01
2.805805275567855972e+01
3.225071879279054343e+01
3.712073385224533695e+01
4.028107582091752192e+01
3.381646915939018783e+01
3.794710718500540025e+01
3.655849548563436002e+01
3.356475329106934424e+01
2.858921826016428369e+01
3.180217313564092763e+01
3.326414301145027963e+01
3.536030113951041187e+01
3.486873378888105179e+01
3.048950931215386717e+01
3.431429395955432682e+01
3.471307961965960232e+01
3.886445337152351698e+01
2.840565119218872070e+01
3.712225580685797865e+01
2.922433755691998414e+01
3.140637511474383814e+01
3.656208209410697663e+01
4.147039551574292204e+01
3.901460976995539198e+01
3.743197461777443635e+01
4.116596231106046844e+01
3.367707121383448765e+01
3.447508618222040866e+01
3.484790420186715920e+01
3.288187646420499277e+01
3.030214483101627110e+01
3.826454720240261054e+01
2.963174657856670180e+01
3.713098899474658765e+01
3.399103437394462901e+01
3.159290147332250598e+01
3.390995955799909467e+01
2.826097702084287278e+01
3.225259422987893032e+01
3.423506788819926072e+01
3.478832511527030391e+01
3.919478183252714842e+01
3.631929769556253262e+01
3.000588858833987160e+01
3.108595531487482688e+01
3.610067164432560105e+01
3.451506701763722162e+01
2.853334393391475032e+01
3.342926393889862879e+01
3.098428313665541722e+01
3.272061263417688082e+01
3.302765634148740759e+01
3.776179941920775462e+01
3.633920931616623307e+01
3.409180664130139604e+01
3.426913222360462896e+01
3.531429947396924263e+01
3.615969173498393729e+01
3.402879022882158466e+01
3.443846067944496525e+01
3.740250661575668545e+01
4.301600759492973225e+01
3.356016232973317415e+01
2.947905533210458273e+01
3.934987847750170431e+01
3.589909347313862753e+01
3.326415212074949324e+01
3.263706341289775281e+01
3.436344958710522235e+01
2.986300508639218876e+01
3.708164557193150301e+01
3.649633794202460990e+01
3.834325898103849539e+01
3.141340388172834963e+01
3.259926264345422453e+01
3.324404138832311162e+01
3.333560691920084196e+01
2.810036299134912596e+01
3.348402473041674909e+01
2.868424174621587497e+01
3.502918626561054793e+01
3.698592488897852348e+01
3.495733615069936917e+01
3.102362031710833890e+01
3.421577038072371835e+01
3.509469688181664537e+01
4.263517276572696346e+01
3.219545666224306757e+01
4.254390401232025454e+01
3.552744336660823166e+01
3.373253225379126263e+01
3.592554632841767415e+01
3.342287826234986170e+01
3.647672344683782342e+01
2.799962561233136782e+01
3.547284592663066149e+01
3.268727341751691284e+01
2.893707596413663197e+01
3.071343557964768678e+01
3.387386579441467660e+01
3.112517303777409694e+01
3.650074895079948334e+01
3.576316926539248442e+01
3.303110154437819546e+01
3.389080834263934605e+01
4.078087559218690217e+01
3.996000953447153137e+01
3.044644264932653499e+01
3.002396520472661834e+01
3.434955104552615524e+01
3.302267057979651099e+01
3.537624488993903782e+01
2.965416367862522407e+01
2.740369476651742531e+01
3.539602986217332159e+01
3.559023898871752323e+01
3.618340070484756410e+01
4.228993375974571478e+01
3.219898730421968480e+01
3.267699228344050510e+01
3.383335121856226380e+01
3.703915520346143353e+01
3.905725336743721954e+01
3.283857658135217150e+01
3.110193770891988052e+01
3.467402410540189095e+01
3.406684991634215720e+01
3.343788020283899698e+01
3.338487922487578885e+01
2.900450812568431047e+01
3.008069412695583011e+01
3.445247530187022278e+01
3.684530383865422465e+01
3.512099815737736463e+01
4.555388902598870970e+01
2.951847565764021297e+01
3.636978636158341516e+01
3.006549136569501002e+01
3.784407055086981586e+01
3.493391223976307458e+01
3.126535616742880208e+01
3.583032386050274454e+01
4.262841150591778216e+01
3.655651104149367114e+01
4.532582990121814248e+01
4.115686636878268700e+01
3.426690085458892554e+01
3.131506074989713539e+01
4.440349695809941011e+01
3.096687268589720787e+01
3.917595663469023037e+01
3.102863454376291585e+01
3.351829275792077567e+01
3.381562572761982466e+01
3.691927427404654338e+01
3.550122304394946582e+01
3.494618418241843472e+01
3.406453450363775204e+01
3.093073941503709889e+01
3.101147297735684560e+01
3.180380021029903048e+01
3.304226414192027050e+01
3.230069538740497848e+01
3.450869880448183835e+01
3.248986490770829505e+01
3.803030868423651611e+01
3.477808210493041940e+01
3.669106496762992720e+01
3.576449095590409399e+01
3.954879183524581521e+01
3.240876677192876798e+01
3.145184312366821189e+01
3.312855273579658899e+01
3.290584224030467908e+01
3.330813527427300613e+01
3.847900294523993381e+01
3.362606569288528391e+01
3.215036424702610418e+01
3.753535273075281964e+01
3.694817058193747528e+01
3.000471099679221254e+01
3.195402831620901196e+01
2.982701501176928716e+01
3.376900157852435314e+01
2.869348791791457387e+01
3.019027990057188404e+01
2.926718270058434967e+01
3.487655392801754317e+01
2.705588910792642565e+01
3.581029071249109563e+01
3.336295876658604698e+01
2.927999311529600490e+01
3.621292352459774833e+01
3.717620016698063523e+01
4.249497707555792658e+01
3.338789837272703664e+01
3.597271697270014812e+01
3.180896809239531819e+01
3.653910933845983067e+01
3.012486830767898738e+01
3.994527371800599980e+01
3.108457212000221759e+01
4.237869477214864133e+01
3.374814822245257773e+01
3.616385698908469237e+01
3.393532835861770280e+01
3.823135300346135779e+01
3.147877318069707897e+01
3.472669986354423344e+01
3.402219325351725843e+01
3.449606263287708430e+01
4.244889801984218991e+01
3.082296485406751074e+01
3.638672189639870425e+01
3.160912614623277150e+01
3.816335867401240023e+01
2.851230065720429252e+01
4.090851500127799056e+01
3.443270450471842281e+01
3.169055165036114730e+01
3.374267412035815283e+01
2.794559991216780759e+01
3.123094653430930379e+01
3.405626836138239355e+01
3.580471106283597038e+01
3.114923813743406456e+01
3.733166335299095095e+01
3.258556713077700095e+01
2.921794796393047022e+01
3.087265041754093176e+01
3.566358999669360230e+01
3.072937380954762787e+01
3.507265202673921323e+01
3.357787475224558449e+01
3.833639476614712294e+01
2.887122998348957736e+01
3.599661311932674579e+01
3.740368537797432680e+01
2.841008781141686867e+01
3.569068567835148542e+01
3.663645348178758354e+01
3.082323274133080204e+01
3.040736829499059724e+01
4.019965342711474676e+01
3.618058054607205776e+01
3.237712191323132771e+01
3.389912472631823448e+01
3.882852031494990541e+01
3.684050599581996011e+01
3.760451124103018827e+01
4.205281235242945570e+01
3.005096644925820470e+01
3.237490142257586001e+01
3.876813616486175817e+01
3.710946960594016986e+01
3.013694412695280889e+01
3.657654913335108660e+01
4.237382185151471958e+01
3.600003925332183741e+01
3.368336371773749960e+01
3.189028176530667125e+01
3.010963201257792576e+01
4.048786194825196816e+01
5.031427095275841310e+01
3.029700846414583637e+01
3.302794807234871399e+01
3.774923787395046304e+01
3.817828264957619666e+01
2.634824662342828816e+01
2.974336460277855920e+01
2.707519130119414896e+01
2.914816967225841182e+01
2.923075041251350470e+01
4.015086542922531976e+01
3.106120183301353777e+01
3.231882222296968621e+01
4.523635037151723282e+01
3.601213857757966963e+01
3.061926364124070332e+01
4.295329098158914150e+01
2.982069514367594110e+01
4.144656400654433526e+01
3.380356405503091111e+01
3.266040890424294219e+01
3.024313738394706164e+01
3.244146510558385188e+01
4.523473687116911179e+01
3.080981909001050667e+01
3.414646506392665515e+01
4.031760811468083716e+01
2.835274826929728675e+01
2.940598188546257674e+01
3.945478108470945244e+01
3.715971334427175066e+01
3.573499224263538565e+01
3.041688847154798125e+01
3.328063312851191569e+01
3.127061980473963132e+01
4.318144363547177278e+01
4.383717292732264781e+01
3.017332724095959406e+01
3.807422337302234894e+01
2.906010421734315230e+01
3.526815833583597026e+01
3.844071307182893094e+01
3.250075852588928882e+01
3.888013387872403825e+01
3.343107174770473478e+01
2.835767225328524788e+01
3.167471964740992263e+01
2.802971858702045083e+01
2.995724141376364003e+01
2.859901349206419852e+01
2.841280202441647162e+01
4.200673034594877464e+01
3.836769541106812653e+01
3.261052510524501002e+01
3.957564214765313437e+01
3.535228724547406642e+01
3.860303160218782637e+01
3.367237205820300971e+01
3.824662097813127559e+01
4.077178195529842242e+01
3.168607734651456198e+01
3.628153740457722165e+01
2.890721169284717362e+01
3.743624095201973034e+01
3.318263096988162175e+01
3.095157100056802690e+01
3.205446639063831071e+01
4.476662575401880417e+01
3.465178334623143996e+01
3.694429411747432113e+01
3.349074275463581074e+01
3.703626211586218631e+01
3.683601191078197701e+01
3.757022955729740943e+01
3.371359791174170795e+01
3.851435522034972081e+01
2.776338112240424749e+01
3.372692441980670708e+01
3.129126519335570578e+01
3.094667725723180496e+01
3.316397278524847536e+01
3.473609844139733127e+01
2.899679598093287325e+01
2.873493109945617618e+01
3.727544190517296130e+01
3.553865432477595476e+01
3.816235874331272271e+01
2.884890892282839303e+01
3.115117983693022907e+01
3.597246194276235087e+01
3.455822312352442083e+01
3.265027036411044747e+01
3.177119460311531540e+01
2.805366541719279283e+01
3.839451067743038948e+01
3.228384676701514167e+01
3.393124383611773709e+01
3.051272534588219187e+01
3.340239230326691455e+01
3.005458207821848760e+01
3.206192653891179845e+01
3.621455571590262679e+01
3.350194356418396069e+01
3.674994394668405562e+01
2.747986802482600410e+01
4.853959931694565455e+01
2.918588227633646781e+01
3.237290321342618427e+01
3.445242405805594643e+01
3.966901776454692907e+01
3.533278526566104460e+01
3.797536592447561077e+01
3.502768350639026806e+01
3.950629836156680597e+01
3.603138382452543453e+01
4.196170825697867457e+01
3.843220609804307486e+01
4.116292180202979267e+01
2.906389354471016162e+01
3.442134381922389963e+01
3.903348039814367354e+01
3.463900273044168898e+01
3.247939060995516058e+01
3.035810614951740760e+01
2.884515475616939995e+01
2.977646225899828281e+01
2.933979062929093828e+01
3.552055625782476511e+01
3.023447577855777268e+01
3.075298888668286779e+01
3.212822804966793200e+01
4.005945821730603029e+01
4.151829094388892116e+01
3.193308371654984512e+01
3.248411797039506155e+01
3.410618053924599025e+01
2.948866090556095898e+01
2.969705988523861961e+01
3.616080451325784395e+01
3.543262968902239152e+01
3.651043598789303246e+01
3.267224798156938448e+01
3.447003839165352446e+01
3.455971175254453698e+01
3.271055497319073879e+01
2.979149770933714336e+01
3.050334953504576063e+01
3.263765604178433932e+01
4.053976076601848177e+01
3.436262681263354324e+01
3.729489417064493040e+01
2.926759141695347921e+01
2.812175636782846411e+01
3.715404534575959872e+01
2.991318271303171628e+01
3.675097431154244276e+01
2.900354822614399453e+01
3.213903665501418772e+01
3.260046234906366180e+01
3.298421874292073142e+01
3.854103302016439869e+01
4.286759524146617650e+01
3.938119799927901710e+01
2.859701200900908091e+01
3.535329926045552895e+01
2.873786656292304187e+01
4.113964423846187657e+01
2.960785539095144969e+01
3.036007799448968569e+01
2.674880504419119021e+01
3.658663980508255520e+01
3.339002826645143784e+01
3.119992575670344337e+01
2.803678227628591202e+01
3.073783344623765146e+01
3.487100189190303468e+01
3.262791327488098858e+01
3.830118674682594104e+01
3.583973739535377234e+01
4.084188932823139595e+01
3.052484798638483809e+01
3.646566632423396470e+01
4.232816951667970073e+01
3.273605794982767492e+01
4.149352688341350870e+01
4.044847056849381062e+01
3.396864498555081013e+01
2.867310084659292357e+01
3.197324950167260482e+01
2.875286825328083751e+01
2.956949158721265647e+01
3.641314328707988324e+01
2.932515351425655936e+01
2.883568084653078145e+01
3.182259741435099087e+01
3.344526074533342097e+01
3.333935582555026400e+01
3.372796026786731716e+01
3.859474404410705972e+01
3.974216602093576967e+01
3.463352112138456107e+01
3.093827888380369373e+01
3.254762283006157730e+01
2.812976414131378533e+01
4.231639598765816146e+01
3.296795660823537588e+01
3.347798653839777927e+01
3.302775024174301421e+01
3.212428950465952227e+01
3.917961270951082042e+01
3.990726317641443899e+01
2.892657878036321506e+01
3.496478645876663194e+01
3.945768200130524406e+01
2.742594521822440612e+01
3.099464545944316640e+01
3.691437055688034263e+01
3.276078126538479296e+01
3.173233480308681465e+01
3.131589647513659713e+01
3.116153516167982573e+01
3.355165032075524323e+01
3.663863886809060233e+01
3.476808184355306253e+01
2.791275374245515906e+01
4.598333872855599935e+01
3.183960616942238886e+01
3.610563740474483296e+01
3.188668586499249358e+01
3.355090712152302501e+01
3.454213365039449002e+01
3.100170775239206122e+01
5.308209744272459574e+01
3.033973085581150286e+01
3.004616540893396248e+01
3.230042553040059516e+01
2.973951563464390446e+01
3.291722549458551583e+01
3.144499180366464230e+01
3.572268201726308945e+01
3.150310985642031270e+01
3.236238247637632526e+01
3.221204056884576516e+01
3.060311293905608920e+01
3.283874350468896353e+01
3.064594282044097184e+01
2.885239521645766203e+01
3.080029690008350229e+01
3.441641525195782236e+01
2.929863413130277294e+01
3.299716679663752217e+01
3.519654346793279132e+01
3.476444912062192572e+01
3.983842889298993128e+01
3.099480565925201958e+01
3.242206617281656378e+01
3.781901267235937780e+01
3.068095868966033990e+01
3.935839471542836776e+01
3.232317689851536358e+01
3.289675864614184064e+01
3.349036415939939815e+01
3.804271101050944992e+01
3.823182805366434422e+01
3.273029208196000894e+01
3.818912520585928405e+01
3.870763952048899625e+01
3.397247541715083941e+01
3.286606478066323689e+01
2.655043509223708043e+01
3.445868952864461932e+01
3.676578009258901147e+01
2.993958998216231038e+01
3.372344215754171870e+01
2.882360610732657946e+01
3.750790671767902040e+01
3.041527807689831420e+01
3.747763549315862264e+01
3.174019146401282754e+01
4.247441275596208499e+01
3.939214268840579791e+01
3.112870673015194001e+01
3.236327269808565177e+01
3.632762445090823888e+01
4.173008484074301094e+01
3.688329629339378357e+01
3.602545033088692605e+01
3.791556161797260671e+01
3.110217266398853653e+01
3.426544624304976594e+01
3.865998924274423842e+01
2.929524017203290143e+01
2.946836453285592938e+01
3.282742375132163914e+01
3.485877554559005631e+01
2.931531430978551711e+01
3.482188782360370283e+01
3.013834158665453700e+01
2.867520651923212327e+01
2.800255404116744629e+01
3.761010231776333512e+01
4.245603612794348436e+01
2.959694120671942486e+01
3.465385712211347879e+01
3.911963135035505701e+01
4.507810452426537751e+01
3.294911161898318142e+01
3.210056535116792276e+01
3.330726563618004121e+01
3.106126429092379837e+01
3.464959848538440923e+01
3.242593424060151364e+01
2.877922861455015990e+01
2.925899073343914836e+01
3.631696875415504877e+01
3.619149127642841535e+01
3.399088184883665065e+01
2.887705737842690823e+01
3.560379633080368222e+01
3.791444465985291856e+01
2.978571021064288971e+01
3.035867124486593838e+01
3.080763650489585359e+01
3.462540883486931165e+01
3.547287156178116874e+01
3.044127909024762246e+01
3.396951498548459369e+01
2.704956706189319959e+01
3.432215031535095306e+01
3.312779802035623788e+01
3.614268414304972765e+01
3.140240947702791985e+01
2.831981137142363991e+01
3.234509920033183050e+01
2.931514920163506943e+01
2.996364600364837116e+01
3.665464664568962405e+01
3.100034562591719833e+01
4.420550857511514664e+01
3.832392062189472881e+01
3.286866231136519900e+01
3.501692341110074835e+01
4.375776646535950221e+01
3.697562034010038445e+01
3.372228800205940757e+01
4.282476736471184608e+01
3.525972811925331030e+01
4.060346967052871747e+01
3.659494137246896628e+01
4.118976560909246842e+01
4.079099136441225681e+01
2.997770666697758557e+01
4.101394198547168912e+01
3.318292524890892992e+01
4.260124508782637776e+01
3.570860874077057190e+01
3.231603545416719925e+01
3.558708098467848657e+01
3.521385945918611782e+01
4.067012490156702142e+01
2.960978973660032665e+01
3.425175938459516800e+01
3.406408536818911870e+01
2.798971468717353872e+01
3.655244646115693286e+01
3.200144909624651035e+01
3.394402169346449227e+01
3.166033133245928965e+01
3.633741502305203852e+01
3.664456177927252156e+01
3.241100869311502919e+01
3.472635482579502053e+01
3.193627668511137685e+01
3.994785330491338726e+01
3.408415945525644730e+01
3.040823942120367462e+01
3.016611464541369259e+01
3.359483890582787780e+01
3.620459816486607707e+01
2.874139360368901919e+01
3.866282801888440446e+01
3.816526925037889839e+01
3.672524264249410919e+01
4.153796258130338970e+01
2.841063579255223104e+01
3.724691382412321161e+01
3.237745144184784607e+01
3.584977423714502720e+01
3.723759703114653519e+01
3.613384315328467267e+01
2.980880616967565189e+01
3.411675247952683065e+01
3.811201463894999364e+01
3.857639307522889993e+01
3.126394831564805799e+01
3.487925021093314371e+01
3.543797504248330910e+01
4.127187390036922210e+01
4.390675957914326943e+01
3.906342176373454578e+01
2.858743433739490669e+01
3.817149764844464244e+01
3.486798290196375660e+01
2.848598482953663691e+01
3.977149253809610485e+01
3.542666985929322010e+01
2.959489331903916209e+01
3.132248632894686224e+01
3.846349946191875802e+01
3.330041412929927702e+01
3.454113084296503899e+01
3.609885021726447007e+01
3.429761488387771351e+01
3.535300463464309928e+01
3.811387031788780888e+01
3.709216925652682306e+01
3.366133242126844038e+01
3.217065183606296586e+01
3.140701051639192798e+01
3.379254115229964839e+01
3.132834312527760190e+01
2.818734134339322139e+01
2.886496623692694286e+01
4.409666971309973604e+01
3.841963964241971041e+01
4.468822939459026600e+01
3.453547605819790078e+01
3.110276973490084274e+01
4.659189089592354804e+01
3.881701069978482366e+01
3.543768500563579948e+01
2.809515703676979470e+01
2.873829414229238211e+01
3.091467905572820030e+01
4.024396432499538889e+01
3.302305712838831653e+01
3.549317258972774880e+01
3.037107985518522213e+01
3.415654226811543026e+01
3.576932695883649416e+01
3.324306415288702965e+01
3.862956365371905321e+01
3.225289646664806753e+01
3.079238180834497030e+01
3.535641720110735520e+01
4.231230843700119237e+01
4.027616815652710613e+01
4.334041717331583499e+01
3.476451283770718703e+01
3.115385330027532618e+01
3.108155604496460711e+01
2.987781574718916033e+01
3.195079623866161711e+01
3.135527990232169060e+01
3.034773228280167601e+01
3.854114400989297451e+01
3.022319027996970675e+01
3.218453162383281096e+01
3.054414767562247590e+01
2.949484668558504907e+01
2.857767511483399048e+01
4.095513895721720132e+01
3.301189280045789332e+01
2.849555118682105004e+01
3.678956184716984268e+01
4.568776861177434512e+01
3.805869067776684034e+01
3.323185395580809143e+01
3.614809538469776129e+01
4.040602786257657897e+01
4.189404337023884750e+01
3.443502198856845098e+01
3.978849422536404035e+01
3.409694489964579134e+01
3.309764950755279500e+01
3.488976968610103313e+01
3.280254905946410560e+01
3.901756765439150598e+01
3.050303980077767818e+01
3.643429832294362569e+01
2.880804678548512143e+01
3.745338315257201600e+01
3.971553959754438523e+01
3.402464349986114911e+01
3.717679463219430147e+01
3.928223890248877126e+01
3.137555196110117706e+01
2.854884877901834983e+01
3.532916591228560321e+01
3.325091963695261654e+01
3.610474282967195592e+01
3.263977942497546536e+01
3.239187757865070694e+01
3.442463909329668326e+01
2.862230073540360920e+01
3.434100985589969213e+01
3.063692684016385570e+01
3.635559907398428692e+01
3.954372474944925386e+01
3.478012352672076446e+01
3.749689829125317431e+01
2.958110807385156349e+01
2.631814957362278662e+01
2.914476630113380651e+01
3.766204338907243709e+01
3.109984846652544732e+01
3.701928765778939834e+01
3.782430816525902628e+01
3.054806341827744021e+01
2.817340471209218933e+01
3.368862660525881836e+01
3.339419201271093129e+01
3.389265859569648853e+01
3.110717346215498935e+01
3.035441608526636159e+01
3.825403630271265598e+01
3.379837510415732282e+01
2.891228295368954804e+01
3.918470292804942545e+01
4.093695239849449052e+01
3.543205463925478682e+01
3.917668201701624753e+01
3.309436813218196249e+01
4.339209761186823044e+01
3.139069360868034764e+01
3.469567606622683797e+01
3.032759246714763179e+01
2.924760844588844577e+01
2.815990761439968537e+01
3.874101401764220043e+01
3.175959400528661192e+01
3.451902345445442677e+01
3.170835979309551078e+01
4.465251984582562983e+01
3.773333501496463782e+01
2.973351161255075681e+01
3.237724888293652015e+01
3.362707684197789604e+01
3.505776094983120572e+01
3.752352645345482074e+01
3.295849392860665716e+01
2.924791578428208538e+01
3.156019141446515874e+01
3.011876280941780948e+01
3.166037130312339443e+01
4.360352837795594638e+01
4.440396048060880219e+01
3.199635009405272967e+01
3.054603642808456954e+01
4.099416415488651921e+01
3.493126066605458391e+01
3.226021081531526846e+01
3.000963640508463115e+01
3.260342790020686010e+01
3.161534340431937906e+01
3.003874135605547835e+01
3.725108719805783863e+01
3.839148705544410944e+01
4.077294229324944297e+01
3.242868760325416844e+01
2.946848797210765980e+01
4.776150260642101841e+01
3.032269309061916829e+01
3.049596639998501146e+01
4.196045176762373075e+01
2.885410044122743756e+01
3.138283189864207401e+01
3.046715189096077836e+01
3.185478463568104956e+01
3.461756715427629416e+01
3.027894760938327323e+01
3.962587953615199865e+01
4.105922633318200354e+01
4.287274100687443479e+01
4.345705651214618825e+01
2.839822364451827852e+01
3.893361231503335773e+01
3.220544071278927589e+01
2.908530397036921400e+01
3.350514749041172990e+01
3.731759037169258164e+01
3.263765245220049849e+01
3.160123090280345082e+01
3.398622409864047711e+01
3.651791410622681155e+01
3.764438356302547106e+01
3.128864242379284022e+01
3.932482962957916328e+01
3.979118702541251196e+01
3.306448163981256272e+01
3.000123822654272843e+01
3.758664428517354850e+01
2.996777170957873437e+01
2.998782588422048434e+01
2.993275932337552803e+01
3.638578475783368305e+01
3.311079571761746365e+01
4.528058886687427531e+01
3.340237607961736188e+01
2.999066743892868558e+01
3.288852752789599521e+01
3.172150210052887687e+01
3.209855802276956638e+01
4.474714418908767755e+01
4.196785830353296376e+01
3.273460014313796052e+01
3.036598711897793379e+01
2.911622468054755331e+01
3.896866881043442277e+01
3.643577987295167731e+01
3.011095112826939513e+01
3.217402117963820274e+01
3.010867145392041877e+01
3.392064548269921431e+01
3.158285349181089074e+01
3.023250316379407110e+01
3.123935934658286229e+01
3.338690068010947698e+01
3.191822258826282521e+01
3.461247462991725854e+01
3.143247133091419698e+01
3.202140996793161065e+01
2.866910428551389600e+01
3.109804639879211763e+01
2.953818794316726226e+01
3.360127646889478115e+01
3.274062830971761429e+01
3.400918312110760411e+01
3.629572924239932519e+01
3.245617465775449517e+01
4.014279595274049228e+01
3.872802105615662782e+01
4.071069465504825757e+01
3.519345411729148765e+01
3.426160092844954619e+01
3.119205129775871299e+01
3.801524742101351961e+01
2.984858551934806314e+01
3.367657743896974409e+01
4.470870013266389265e+01
3.942691888755548746e+01
3.459988365578789882e+01
3.170708612027864248e+01
4.479747329285034141e+01
3.268297605622894508e+01
4.128190967576908577e+01
4.665324111753344738e+01
3.293850588292878712e+01
3.568121628906460785e+01
3.979509447181884951e+01
2.922679068622534970e+01
3.665912068817106473e+01
3.599209786742719785e+01
3.889600453310085726e+01
3.072864113714846113e+01
3.182164706466710768e+01
2.940958290302194911e+01
4.148434253311856423e+01
3.648297315960967069e+01
3.538275111313520682e+01
3.892611426567993504e+01
2.952717796292074937e+01
3.750249845445126340e+01
3.398776712773126718e+01
3.538582387195634738e+01
3.080724056388319454e+01
2.697092081038882583e+01
4.357100121524054259e+01
3.415289506659567564e+01
3.200583543699990230e+01
2.947137823945331192e+01
4.306812821515807599e+01
3.082188611230897379e+01
3.942396748982599775e+01
3.242340767227361198e+01
2.710733645806512015e+01
3.335256485027205997e+01
2.845127336373549198e+01
2.901170070438224258e+01
3.909892175691423688e+01
3.363195569279395869e+01
3.621690393444720257e+01
3.118538335780517556e+01
3.606161133757260728e+01
2.921614111631108202e+01
3.392139311586542760e+01
3.724323614444869435e+01
3.551601214943128326e+01
3.008564375446362149e+01
3.940333170350255187e+01
2.912040742858184572e+01
3.277534360562496829e+01
2.951139256899577390e+01
3.225741514682093936e+01
3.525117860570724559e+01
3.345631250741787710e+01
3.748546134299181176e+01
3.118517707282397211e+01
3.318498079386147737e+01
2.964954738257316080e+01
3.631902172859827971e+01
3.028182494857713891e+01
3.749940552141713113e+01
3.504155911637774778e+01
3.678925582260243488e+01
3.205791876653891137e+01
2.882942018753073299e+01
3.466734011427695350e+01
3.798792427773928182e+01
3.447586874058141859e+01
3.436096760273454009e+01
3.118743014050311047e+01
3.478792417302222617e+01
2.949818894009393588e+01
3.067343348383047186e+01
3.237015436253540202e+01
3.230036669980633945e+01
2.935182160402938223e+01
3.341921897804096631e+01
3.406722036507574103e+01
3.127691654186430981e+01
2.972753941511187037e+01
3.338427474823752306e+01
4.083092696794088994e+01
3.505573838147800103e+01
3.161858429032209017e+01
2.778070122022974786e+01
3.955837184807913331e+01
3.792241281214054993e+01
3.714226115523051419e+01
3.251156299667574245e+01
3.361303036030015079e+01
3.836624864741149565e+01
3.205120485495375959e+01
3.067881605494494224e+01
3.082545947778335105e+01
3.274848971784579987e+01
3.077745577271147326e+01
4.066486724519962337e+01
3.555649613692975919e+01
2.752133034964744596e+01
4.000406930778681414e+01
3.242751302441944716e+01
2.908479693349795525e+01
4.064790010009431853e+01
3.013493772712628882e+01
3.526375861629387032e+01
3.164440744654640270e+01
2.845798653944156698e+01
3.678544939405654901e+01
3.581304982381711710e+01
3.415009494430719883e+01
4.087134889708782737e+01
3.206193228423543928e+01
3.209822851644013753e+01
3.884228214136092561e+01
3.517185897880762724e+01
3.770506514443145107e+01
3.301795538098857463e+01
3.260516331847253468e+01
3.107424711925681038e+01
3.820995336290989997e+01
4.412374567430141070e+01
3.092957484009592406e+01
2.785823367252486449e+01
3.263566143240936412e+01
3.180791328712518862e+01
3.827194772470713247e+01
3.123532409600547410e+01
3.561607590118425293e+01
3.096916009682758997e+01
3.077131209510752186e+01
3.470892574237169725e+01
2.740883058300600439e+01
3.126838832190044570e+01
3.306566724325349327e+01
3.521247941391706604e+01
3.501420416076919651e+01
4.147657932673388359e+01
3.443376324395299548e+01
3.205648707291670974e+01
4.012034444101766439e+01
2.980428577851223793e+01
3.321369130843473982e+01
3.637854387182074589e+01
3.906907200520212342e+01
4.166114270153016719e+01
3.280249974119936240e+01
3.220365163222949434e+01
3.498128343897813153e+01
4.493556125278767865e+01
4.118877649357098392e+01
2.959602318309391222e+01
3.712700670227482647e+01
3.538021811361287661e+01
2.758233432934178708e+01
2.766722193848761435e+01
3.012061287080373262e+01
3.349790589732396739e+01
2.991092417611224974e+01
2.829598889654339899e+01
2.796622361467145268e+01
4.610396962332426085e+01
3.189261721320502474e+01
3.709900524564399404e+01
3.265441589723356230e+01
3.138751080131283544e+01
2.957241599762179618e+01
3.618847806100455244e+01
3.205706963815001131e+01
4.853760230846512513e+01
3.066508048289014354e+01
3.090010178210366831e+01
3.198383901157558640e+01
3.427067875878032766e+01
4.035624681194376251e+01
3.441194550898899251e+01
3.330659202869382085e+01
3.280480552547897588e+01
3.249317886072107342e+01
4.233244844772830362e+01
3.322005065531160994e+01
2.996152322068917329e+01
4.359308739316569614e+01
3.368068124873550317e+01
3.589504256862026921e+01
3.817187552641108539e+01
3.292805378520930049e+01
3.236364825097111009e+01
3.232968544497133223e+01
2.856103164256631288e+01
3.506499177870838224e+01
3.249677254389038694e+01
3.454680554752397370e+01
3.024302746367099459e+01
3.224852387148550292e+01
4.164082037577976081e+01
3.403601899063297509e+01
3.393901499487225237e+01
3.399925792795869484e+01
2.985412582114669888e+01
3.218525796151606500e+01
3.733932217480630555e+01
3.443001617775946244e+01
4.339696226277264657e+01
3.060851569423640939e+01
3.313217702973034307e+01
2.856170372858002438e+01
3.181587161006290643e+01
4.162665597868250700e+01
3.277423652448874236e+01
4.170653177067956108e+01
2.879846619914091477e+01
3.113535165960354334e+01
2.918166848442666250e+01
2.916147168550957858e+01
3.139619403969730627e+01
2.843911894629356496e+01
3.310557361201327353e+01
3.191093598316742685e+01
2.831456127883370755e+01
3.826526678059934738e+01
2.844999168981923887e+01
3.673851063671874329e+01
3.382542660598971906e+01
3.470349532099036338e+01
3.631659637044943167e+01
3.312679938694418524e+01
3.431886612967392836e+01
3.440613472525327410e+01
3.862289123678298353e+01
4.170470628030773241e+01
3.287898019836430308e+01
3.930333988145743973e+01
2.992933825345420829e+01
5.027375529878790417e+01
3.903234862973668129e+01
3.251143777187517969e+01
3.579311869256654433e+01
3.034813232911007219e+01
2.991623767777382525e+01
3.349045827783867679e+01
3.441701858712364270e+01
3.581039488780506019e+01
3.673801186374259231e+01
3.200516796785512241e+01
3.814152507453488283e+01
2.950235934022150275e+01
2.874277026001139035e+01
3.122602833324777905e+01
3.032626007307530358e+01
3.373435968315488509e+01
3.433799225863868543e+01
2.630770908997111945e+01
3.909803046747926913e+01
2.899957840246469587e+01
3.165926688659658694e+01
3.226869658325534118e+01
2.958073526915238816e+01
2.890916454480894515e+01
3.383821789065466135e+01
3.143437528195941866e+01
3.550946050146654898e+01
3.521900274763258665e+01
2.954969990145015757e+01
3.253852466444431712e+01
2.921345810830090528e+01
3.993666258526991442e+01
3.855883661679563090e+01
4.285763276066058580e+01
3.830450888895486372e+01
3.858934866020834420e+01
2.994924700827547781e+01
3.709218665184447872e+01
3.175763743298614372e+01
3.866850482138667644e+01
3.413496254724977774e+01
2.940589873319802194e+01
3.637182160347028059e+01
3.482017029960254462e+01
3.409801500508442729e+01
3.248203570196158552e+01
3.366126065776899878e+01
3.723211468858159634e+01
3.685914532625290718e+01
3.389782748070071960e+01
3.368024019009126135e+01
3.239207556004701161e+01
3.207367203821826251e+01
3.321888236855802745e+01
3.465867807882080598e+01
4.670324141726860034e+01
2.949920831444290314e+01
3.493318908914669407e+01
3.323374886433220610e+01
3.479858264575884874e+01
3.698214285102816490e+01
3.780040280179800050e+01
3.876447831537094402e+01
4.441443956210579103e+01
3.687835498061752304e+01
3.290115979137049607e+01
3.657068345410920074e+01
3.524450512675698377e+01
4.269914043563267825e+01
3.752432453542049018e+01
3.986679225153830686e+01
3.799992165837964109e+01
2.795447670893501524e+01
2.847260658891385177e+01
3.032482743416434445e+01
3.123926289529149614e+01
3.082900369811908448e+01
3.130090592486223500e+01
2.933980527526691873e+01
3.139255542324750081e+01
3.426820800159416791e+01
2.865890170095423528e+01
3.224128362896070144e+01
3.318318922160056417e+01
2.985983984550209769e+01
3.030978751773044877e+01
3.163931006650012634e+01
3.010055124661024450e+01
4.305814868281553487e+01
3.505779073048707062e+01
3.458537532861296881e+01
3.845863636919003881e+01
3.536392136368593953e+01
3.215832507244224558e+01
3.494136237286755886e+01
3.495797449811863089e+01
3.384279449342378143e+01
3.387793444993852177e+01
2.981625009668205450e+01
3.405104237043592974e+01
3.297564632352809610e+01
2.981018558209173364e+01
2.929381637733470711e+01
3.190593903259554409e+01
3.818080096908413168e+01
4.165067229707936036e+01
4.362421271866017491e+01
2.971435838276159913e+01
3.705600613858284476e+01
3.261588028012626950e+01
3.139919596488851994e+01
3.396508296245146852e+01
3.560531679071073796e+01
4.071326464588811689e+01
3.037643944309041188e+01
4.806831863498763369e+01
3.461271321870533058e+01
3.700262762477299106e+01
3.738080287050556194e+01
3.075870839252653255e+01
3.780538625199579883e+01
3.787064286660444168e+01
3.652973951272509368e+01
3.280031936792654790e+01
3.904273290299642696e+01
3.250790305640075672e+01
3.718920532204739970e+01
3.242550508748134064e+01
3.420255384771975571e+01
2.961148673707008427e+01
3.400814134427849211e+01
2.743510121993039164e+01
4.241249754084155654e+01
3.165214675518873833e+01
4.602658600021341329e+01
3.894222078363074502e+01
3.555545217950322012e+01
3.064879380492926941e+01
3.157937673171381476e+01
3.111538674954097061e+01
3.176293893545319236e+01
3.569358163337429346e+01
3.553381889592127862e+01
3.463984330035246728e+01
3.141813184391811475e+01
3.185461863447553554e+01
3.824655662200398609e+01
3.250624609621517891e+01
3.429826943508992798e+01
3.381512489482220474e+01
3.529742269334658289e+01
3.277064943121452956e+01
3.568005566176715604e+01
3.191148576492544464e+01
3.695735768223494944e+01
3.655246731399316928e+01
3.707449152282705995e+01
2.988472821472683449e+01
3.756045883758631021e+01
3.631122696142181638e+01
3.208934354701271019e+01
3.136250448664614154e+01
3.429315128491600717e+01
3.426198657145419446e+01
4.327237718968223135e+01
2.974827691815409381e+01
3.241709237534187338e+01
3.189846920066979408e+01
3.185080190735354932e+01
3.406787439739898815e+01
3.881101430848567446e+01
4.302482879200862698e+01
3.148261804781431294e+01
3.428517383268880536e+01
2.977978044095141286e+01
4.081750064590501381e+01
3.408788536674899916e+01
3.505235470866498559e+01
3.174545351474818133e+01
3.566879878709540463e+01
4.165181951108183966e+01
3.095183872736653896e+01
3.420402575311754845e+01
3.269793287020162609e+01
3.970123261710543261e+01
3.170695785399075817e+01
2.908187987651891504e+01
3.023039429721413285e+01
3.128441219164591303e+01
3.681253310472602891e+01
3.637100828310412481e+01
3.637972266130953614e+01
3.060036430918124850e+01
3.263722651917812101e+01
3.336019712305669316e+01
3.008899637887109080e+01
3.329445347042435088e+01
3.259053567637417359e+01
3.138890068469629568e+01
3.328090288339510039e+01
3.676421854357771934e+01
3.490469479339758152e+01
3.289688562159038554e+01
2.963655383814450417e+01
3.438571002236357543e+01
3.025617993657615301e+01
3.227473194128170775e+01
3.528637766045159196e+01
3.389593459347719318e+01
3.066373366008361145e+01
3.416332901712040382e+01
3.728171370041968657e+01
3.064664909253485092e+01
3.334480235954923444e+01
4.575753280986509708e+01
2.846331629536528141e+01
3.162334393345063077e+01
3.186677572964266858e+01
3.248286488727379862e+01
4.026787523223704568e+01
4.116075830819496417e+01
4.056556679613989047e+01
3.163508162097065224e+01
2.773548497403378477e+01
4.291975078150807121e+01
3.229408910229408747e+01
3.010987246640477366e+01
3.300562254831710618e+01
3.028092206336020809e+01
3.649428662247965605e+01
3.242175994723088195e+01
3.689202250870402366e+01
3.448251502107520849e+01
2.836462657333231618e+01
3.949263997287727079e+01
3.657046421464178110e+01
3.145276217172624200e+01
3.383138010510956661e+01
2.886319449939077586e+01
3.633363019466057153e+01
4.668462738129842649e+01
2.757513271383398035e+01
3.048747821946598435e+01
3.371614761568003615e+01
3.501929626264153939e+01
3.110152948831036213e+01
3.249515392117372414e+01
3.664824785120487149e+01
3.993606175793347290e+01
3.543196680586987668e+01
3.600012258263932807e+01
3.905930772015993568e+01
4.062328715379290855e+01
3.361448279457857780e+01
3.346674467147990839e+01
3.398343217369433944e+01
2.901004662061219008e+01
3.376612251501931894e+01
4.401894620200737762e+01
3.003383903397945431e+01
4.214549312260391645e+01
3.828746679147926102e+01
3.814147837811692199e+01
3.315940860261226675e+01
3.097137063935642587e+01
3.862912059059396341e+01
3.163928271441453433e+01
3.126307535315733332e+01
3.735533162285772590e+01
2.832952363872516344e+01
3.479234359705492352e+01
3.466194776957345169e+01
3.639696448318633770e+01
3.088203375804742379e+01
3.713029948229132060e+01
3.593182119647314465e+01
3.322919398331517726e+01
3.200486420816887545e+01
2.993878747930599715e+01
3.381888754664915098e+01
3.781441673172781748e+01
3.290498653472258894e+01
4.080406133631236543e+01
2.984909889280384476e+01
3.879839520292521371e+01
2.893813277338456302e+01
3.376655511456623771e+01
4.424422295919035975e+01
3.275551792446314892e+01
2.883350505376481365e+01
2.886694451786169324e+01
3.543383532195566943e+01
3.346771016740721905e+01
2.798077504288478679e+01
3.082642866252692926e+01
3.246353277121838943e+01
3.314282510462136599e+01
3.313829570796945490e+01
3.799504152391031653e+01
3.840382710973762670e+01
3.703967420036263292e+01
3.011211203648693413e+01
3.035732472556497896e+01
3.053620876765481640e+01
3.512935520401017442e+01
3.194902553871058970e+01
3.888981579315564119e+01
3.550456280596335290e+01
3.375902698428101445e+01
3.349111503768024534e+01
4.175696527455426832e+01
3.143026393098680771e+01
2.856805907337850670e+01
3.659764450877825936e+01
4.123600769265626553e+01
3.545997137323358572e+01
3.043295217964895016e+01
3.781635107698749465e+01
3.511050979450060794e+01
3.278282586597311621e+01
3.306624296385523820e+01
3.400018429467653647e+01
3.841531713621461108e+01
3.548455443354365713e+01
3.138073240620047599e+01
3.316777312158882296e+01
3.737070931427010123e+01
3.721104499433094048e+01
3.414061048157473977e+01
2.971095476183898398e+01
3.304636646034689562e+01
2.953179008805874872e+01
3.337473181569340852e+01
3.497106823145457355e+01
3.111097501259328624e+01
2.976553485686549294e+01
3.249839189924601612e+01
2.911018316450167021e+01
4.508677630343285614e+01
2.969259188945710903e+01
4.257870807373167565e+01
3.408346983805591890e+01
2.881692511331781503e+01
3.054150639706090331e+01
3.935363733124164298e+01
3.288790674385452206e+01
3.471276362596493215e+01
3.422804114563776068e+01
3.078191747252268939e+01
3.874134528061130567e+01
2.994541128908628025e+01
3.423083942558776727e+01
3.978836099981596419e+01
2.823938677639409178e+01
3.487786761300892380e+01
3.285659138958082792e+01
3.693011582543140747e+01
3.192244718738915310e+01
3.581206886817017931e+01
3.230022745205575774e+01
3.525556747022258719e+01
3.302732093215847442e+01
3.130259622719304247e+01
4.256486373398856671e+01
3.192741581797635320e+01
4.067424606433859680e+01
3.256144172803217174e+01
4.110632911973056025e+01
3.386078187831932240e+01
3.793432645793009073e+01
3.309905790602345377e+01
3.053532213128977091e+01
3.628435072583283016e+01
2.895156638611326372e+01
3.104175265738776801e+01
3.484917054419760518e+01
3.927126034616481576e+01
3.758585765321640793e+01
3.465648427391835185e+01
3.285362645310730301e+01
3.056169260180265468e+01
3.336832374042474925e+01
3.426649864803209056e+01
3.567457243898761021e+01
3.362326787105910597e+01
2.970698505992510263e+01
4.165824688600378778e+01
4.381977808109218131e+01
3.739391170334048553e+01
3.556567151394634863e+01
3.971574604587621593e+01
3.635689542017214393e+01
2.953993459413809219e+01
3.738909856318679914e+01
3.089381939836254531e+01
2.931807602379930699e+01
2.997979267330114439e+01
3.554532762438687854e+01
3.150348979503525015e+01
3.305217317061179472e+01
3.504914164557651901e+01
3.393922315084711272e+01
3.882135136954354238e+01
3.967294934529238759e+01
3.253959281914436019e+01
3.954697086745045453e+01
3.260635465448964965e+01
4.014000264068949519e+01
3.530651541285522654e+01
3.957755269450239410e+01
3.179494512696375352e+01
3.583457866944885239e+01
3.401813785239129118e+01
3.230645503143296082e+01
3.406478548725867483e+01
3.796887498274935524e+01
3.197139910523893036e+01
3.328180065468489346e+01
3.618524260317474273e+01
3.741854495103554967e+01
3.032813135133777038e+01
3.944955505490260350e+01
2.790311489178359494e+01
2.875431814429904520e+01
3.558943499260882248e+01
2.891831795198023158e+01
2.892415332958502461e+01
3.527590154938210532e+01
4.079918989138613483e+01
2.788510716716739424e+01
3.284330751526606917e+01
4.103827183602982842e+01
3.458575503280305696e+01
3.643330587620940975e+01
3.593000223765783829e+01
4.487134209705534005e+01
3.450371357109006709e+01
3.185540292028497689e+01
4.230059828980038361e+01
3.522943454821226794e+01
3.144812979404938602e+01
2.942818675659919947e+01
3.259970371838555536e+01
3.169993830207030427e+01
2.890409239497235561e+01
3.334305891950604206e+01
4.190678821513196084e+01
4.336126506962171590e+01
3.038336700072663632e+01
3.478791076660043302e+01
3.276781922544465431e+01
2.903887367292359656e+01
4.227210168164792492e+01
3.115957819510210669e+01
3.263827558003264784e+01
3.050952843551472426e+01
3.302998329199428440e+01
3.675787678121966451e+01
3.494691053088437371e+01
3.627110671866767433e+01
3.282195764434901264e+01
3.573533678803806879e+01
3.833711813347476749e+01
2.807064031942893934e+01
4.528882984214412488e+01
4.536598756538005972e+01
4.046333580908079597e+01
3.746283696578833400e+01
3.460128685207037336e+01
3.193570549174853568e+01
3.298238516106094664e+01
2.949336775689750567e+01
3.678349311620295481e+01
3.244000051837034704e+01
2.817707824361802338e+01
3.495266358574948384e+01
3.878093696470958207e+01
3.727439566238928137e+01
3.121347338347259992e+01
2.872955123207311345e+01
3.553872167199713061e+01
3.697965149751937020e+01
3.506881456794184260e+01
3.638910263265044165e+01
4.107112242198584795e+01
2.886197298821627655e+01
3.683469412957838784e+01
4.305163600618810449e+01
2.995421511343946719e+01
3.781468492659434588e+01
3.870560253558844011e+01
3.734086435564011452e+01
3.186968559405349666e+01
3.794156666464934347e+01
3.008039737622752341e+01
3.812500847552940542e+01
3.564884408635305135e+01
3.241694915098186414e+01
2.968937020580114705e+01
3.898721965333484718e+01
3.823150557532724036e+01
3.871521106769472453e+01
3.743185033415399943e+01
3.584480907286568652e+01
4.126304565150599757e+01
3.023914433097482402e+01
3.479667217072567809e+01
3.357252894716575042e+01
3.651739828376621233e+01
3.256862173211695222e+01
3.684519123041014410e+01
4.051403614163253764e+01
3.176069138184790575e+01
3.425001146041768152e+01
3.690106535187643999e+01
3.994917010460590490e+01
3.752113688473836106e+01
3.046748214734443039e+01
3.127304440731817436e+01
2.958964505499506004e+01
3.223671508692449805e+01
2.710222935147172407e+01
3.527597558358698393e+01
3.062210523878520618e+01
3.202426929647606357e+01
3.946146277276395153e+01
3.254977015691007125e+01
4.459381330510315422e+01
3.562455557361246150e+01
3.768430357270103315e+01
2.902552167722982901e+01
3.107504669000594788e+01
4.055943158170999396e+01
3.402369492603440193e+01
3.271710839121064396e+01
3.011736030275945453e+01
3.129827675778204821e+01
3.735677204161176235e+01
3.978423017791586602e+01
3.718203746501885831e+01
3.011668908247129650e+01
4.042823958385396566e+01
3.011251151234763412e+01
4.045076289002687986e+01
3.380317767473390944e+01
3.766701939301599111e+01
3.038052056861137018e+01
3.451646245511819444e+01
3.616113454908054337e+01
3.456410507130877363e+01
3.038299313266454149e+01
3.739395586558372031e+01
3.825728550161888819e+01
3.400954352423634219e+01
3.342238887921197232e+01
3.450391127691297299e+01
3.087242397804300609e+01
3.589380797111974886e+01
3.705394106070920657e+01
3.767797992573594001e+01
4.101755865454877181e+01
3.320531753213204951e+01
3.228182510493893886e+01
3.628127974647713927e+01
3.856440437005069555e+01
4.080986717090571148e+01
3.286212341836107953e+01
3.279117302449260052e+01
4.041887769742046288e+01
3.550234620967048471e+01
3.485652636155869999e+01
2.886945008304262217e+01
3.570501650974640029e+01
3.630087766193998533e+01
3.948225255654583066e+01
3.552759198371022364e+01
3.499524983805399359e+01
3.148961228298581716e+01
3.245986584001348518e+01
3.407176918304470092e+01
3.397096817726938411e+01
4.039203518413697225e+01
3.136283937956691403e+01
4.025533895909078552e+01
2.931860964369130684e+01
2.771311838744906098e+01
3.478217060955356743e+01
3.947152900153753308e+01
3.877012202876735358e+01
3.624568527412240115e+01
3.218127587500291042e+01
3.774173593394375104e+01
3.191973615604856818e+01
2.977321072412628311e+01
2.937658001639207228e+01
2.976713657023303483e+01
3.429719082609192071e+01
3.485259590438801780e+01
4.222942139559908270e+01
3.267155984480422148e+01
3.763705417269699183e+01
4.117128517353438610e+01
3.554725479226351581e+01
3.136275695421868548e+01
3.678879754348810138e+01
3.563426728288628453e+01
3.958637479515503088e+01
3.010851889130411863e+01
3.539284582818529401e+01
3.759996953444466072e+01
3.057950524544876103e+01
3.174366165165062625e+01
3.654506722943570196e+01
4.185609364878752814e+01
4.062761911717914387e+01
3.244506111244336921e+01
4.689710656749678463e+01
3.013654766126622775e+01
3.170678263922560447e+01
3.213624383254353489e+01
3.660263909601335541e+01
3.414235382164849852e+01
3.023381961181268451e+01
3.185259186354144845e+01
3.517439906588341358e+01
3.486579250302774824e+01
3.831596468304248049e+01
3.100655099057095754e+01
3.200538680092461163e+01
3.301918678516918959e+01
3.173170930868241513e+01
4.880240236465769499e+01
3.604501499243236395e+01
2.890737003602943744e+01
3.369095613176546067e+01
3.942655778891013085e+01
3.640479424113500784e+01
3.046105909852524718e+01
3.993102323659441311e+01
3.427579488356207094e+01
2.880949668361736826e+01
3.573274919325081100e+01
3.919075081263548554e+01
3.839912712812435558e+01
3.296225565306041716e+01
3.449944342697109079e+01
3.576476646895017097e+01
2.829694149540562975e+01
3.528671831602891729e+01
3.712527162391958058e+01
3.004100526571427565e+01
3.215234068587073324e+01
3.375547153098370501e+01
3.557931437154989851e+01
4.169897542070945207e+01
3.331091485361524462e+01
2.811581377359387446e+01
2.982915822114796001e+01
4.128510433113722655e+01
3.745241717158187811e+01
3.303740663594630433e+01
3.362528826360367873e+01
3.262808972955387077e+01
3.509602962286696481e+01
2.652230891186782458e+01
3.056191165063606618e+01
2.885194750886337545e+01
3.814252608330954786e+01
3.448533320479460684e+01
2.918223679507233825e+01
3.611207166838027405e+01
3.161819033706157001e+01
3.212220144666354571e+01
3.422319845111658765e+01
3.193390757317991557e+01
2.927147228842435567e+01
3.395219804779987527e+01
2.852592463740424122e+01
3.263889376405385434e+01
3.640396825578821449e+01
2.928174363996900453e+01
3.662480166260414904e+01
3.478675686046533855e+01
3.441091684853991950e+01
3.559949307571483246e+01
3.020099342019232225e+01
3.245765705010877866e+01
2.794233918550654749e+01
3.385180112292190557e+01
2.961415559096010952e+01
3.758664895419581597e+01
4.415730310142633641e+01
3.906216585603416291e+01
3.270032595091196015e+01
3.517622336080001588e+01
3.269329882950283661e+01
3.586307985246610741e+01
3.322125533607935921e+01
3.454343194532123107e+01
3.354774896177602983e+01
2.774884267424437212e+01
4.012189063709870851e+01
4.561526408243294384e+01
3.377532744898546468e+01
4.414353138038146795e+01
3.121773922091657028e+01
4.341672832936597359e+01
2.974773406760538919e+01
3.011495715471698986e+01
3.807453737751345102e+01
4.203658771261982707e+01
3.566696005744856990e+01
3.343158579406449604e+01
2.784959593314134096e+01
3.041247619544246206e+01
3.047235712413186448e+01
3.729646870204844333e+01
2.959295659653743371e+01
3.370097248326673878e+01
2.897185147538720074e+01
3.673222811681520028e+01
3.356541295436793604e+01
3.010110255143567315e+01
2.891354989441116885e+01
3.996620287573950492e+01
3.695311226902725110e+01
3.354827928793162073e+01
3.037367079985309459e+01
2.963157269291944829e+01
3.971735671189759387e+01
3.979342710649194004e+01
3.613877556606810515e+01
2.897143896495508031e+01
2.944971094149811464e+01
3.315296253745083987e+01
3.010028035259457369e+01
3.363431028350981933e+01
3.418592979004023391e+01
3.437551153540435678e+01
3.562787626850607126e+01
3.448248940629304116e+01
3.116751907196413995e+01
3.460167073769410706e+01
3.254695532192527452e+01
2.774913938416715453e+01
4.092069234628763041e+01
3.435357472440018967e+01
3.729254615844923393e+01
3.294481866697267947e+01
3.087781288333776786e+01
3.237905741837965223e+01
3.267369061850680367e+01
4.414030862259318155e+01
3.269324866153946374e+01
5.008293552531667103e+01
3.733545854924818030e+01
3.538000195672034209e+01
3.528826403993327432e+01
3.641030359268501115e+01
3.023627441818661765e+01
2.889779906878431248e+01
3.512451462416247239e+01
2.898126084870155950e+01
3.446695517648606000e+01
3.714357819045467579e+01
3.293626803982283491e+01
3.697411950726680629e+01
4.278350233696332339e+01
4.053660503223043321e+01
3.690172928938602581e+01
3.372010281563873946e+01
3.314616119404512773e+01
2.942023961372555974e+01
3.345017134360328726e+01
2.905266720035287520e+01
3.513410205099788897e+01
3.361966168951654765e+01
3.582195909576483928e+01
3.919340496796225182e+01
3.428898786275480859e+01
5.381421787297199444e+01
3.271051740467768809e+01
