cos_tilt_1
-3.502057992768980443e-01
-7.712182010453572101e-01
2.020495129461895856e-01
4.026794290183788316e-01
6.930102909153679214e-01
-8.583304317432317587e-01
4.943889408121317497e-01
-4.447531243755450947e-01
5.886324101101630957e-01
5.378592483328614726e-01
2.805540639804799952e-01
-5.467768448175013285e-01
-2.193171472734920802e-01
-1.249273756329053603e-01
4.498045760659691861e-01
9.569432071882214563e-01
9.394947380368621204e-01
2.074618594836674934e-01
-3.097481496816195112e-01
3.550772569712921933e-02
-4.040442665120336230e-01
7.211367452629549035e-01
8.898302824751980200e-01
5.118897451436095203e-01
4.236064289573659991e-02
-5.758006541155233915e-01
1.655529996529304382e-01
1.824286369564710741e-01
-1.426578809771973655e-01
4.070061230029449195e-01
1.548758677801095329e-01
-1.464380529741914905e-01
2.439272751834702935e-01
8.198510151930987755e-01
-6.954467981415592970e-01
-2.039006347637032368e-01
2.267306959081681061e-01
-9.360579586509696348e-01
-3.213055841338314234e-01
1.572128835038185402e-01
6.747031677656527560e-01
3.515661018582795783e-01
5.282289231438314081e-01
5.355091291574997081e-01
2.962417573696007889e-01
8.445859143066990204e-02
-8.333839609730762932e-02
6.105963716291351595e-01
-7.405030632645919209e-01
1.140178389364085720e-01
6.272925302125915703e-01
-2.641775973391994325e-01
5.891138107705894411e-01
-1.478847863248984040e-01
2.268565039784455062e-02
-1.787594820713547528e-01
-6.607107603767152781e-01
5.245231595100889876e-01
2.435685698345214090e-01
3.348261087917555612e-01
8.200523660186911368e-01
2.051263230916851588e-01
-1.793426334797482702e-01
6.136142302882875016e-02
9.121319212321640224e-01
8.469063646369233700e-01
-1.313551963816643187e-01
-2.163394384174754936e-01
7.618864107164758925e-01
4.034216945263257026e-01
7.598325481777183921e-01
4.785100122603509476e-01
2.207529766618753775e-01
2.546850836055180589e-01
8.170888425383919795e-01
4.983990421408360239e-01
6.521990522103393584e-01
-5.584929295595041365e-01
3.019786171894134896e-01
1.845593768423774150e-01
5.454328338120962849e-01
3.519219466238929783e-01
4.052161066285668856e-01
1.296786897862508836e-01
4.030117517232110202e-01
-3.495111277577274411e-02
-1.580494414941307491e-01
-1.973394955860447234e-02
3.872168366131425454e-01
5.216382094715067419e-01
-6.829079976826976095e-01
-1.313096113127482645e-01
-6.469421592553749045e-01
9.713917265515105148e-01
-6.179791953539173210e-01
-5.966301338856484504e-01
8.712729877860512229e-01
9.328256708321586155e-01
-7.242138128904870679e-03
-2.025532521765516236e-01
7.110354143387510595e-01
1.073449906090911399e-01
5.769648490594310175e-01
1.819878556389830648e-01
4.693188972401450831e-01
-6.329147951927728277e-01
-2.124003901156386667e-02
-8.506388146599015432e-01
6.734049490316725839e-01
-2.890378893947587700e-03
7.484187719670132299e-01
4.433900455171248534e-01
7.846421762461476268e-01
1.102226573656306108e-01
4.496341583891700355e-01
-7.687520533165114189e-01
-4.059902177833479842e-01
6.372923031880083355e-01
-1.838134763580411835e-01
7.312380319814028029e-01
3.925728784359940882e-01
5.780887914073129519e-01
-4.218123575640133627e-01
-2.050472177814970376e-01
-9.376119273434005974e-01
8.499604022328884900e-01
6.257764351667149949e-01
-6.262686551570609828e-01
4.523249722645836246e-01
8.978848380628280390e-01
-5.051122228900464251e-01
-7.736133241371104807e-01
8.852548120596899217e-01
5.154700849854432221e-01
1.812767067182192299e-02
6.022803202364704900e-01
4.803551548766641921e-01
3.146653600750691782e-01
1.460952396687406618e-01
9.589301523599408350e-01
-6.520825513511837590e-01
2.269257677594327671e-01
6.085573164567976701e-01
-6.172417576542218454e-01
1.016121093626754651e-01
-4.012631363917171234e-01
8.702726844440130671e-01
8.769223664526326623e-01
-1.918905742341364962e-01
9.662432668332189556e-02
-3.308856066222549130e-01
-1.089836019548906659e-01
-2.299134238235616551e-03
-3.166229267811179748e-01
-3.455704554600515510e-01
-6.995859198565583803e-01
1.935199596625250262e-01
9.985390749802869337e-01
-7.652240339067888364e-01
6.565671574009697420e-02
-3.583605904029686928e-01
7.008291417397858325e-01
6.313877900991111680e-01
7.637417136941904161e-02
9.195766533274537524e-01
8.002794380973619059e-01
2.027531046879844645e-01
2.013909435298731065e-01
4.450693219621756902e-01
7.269250002253988541e-01
3.204263056011737998e-01
4.333815445112141895e-01
6.238774915211173222e-02
5.199460165298057657e-01
-4.478227745219124367e-01
-6.606049896253338716e-01
-2.284916905691530553e-01
-8.460388634036508648e-01
-7.771464185940785141e-01
4.532684746073189497e-01
7.824799358646972181e-01
-7.042275463490499376e-01
-6.882725038184677180e-01
-6.560564759879450661e-03
-8.301232634071447070e-01
-6.710244943957833774e-01
9.964604762413293848e-01
9.858784230782721147e-01
1.690511163622559765e-01
-9.210598416590121129e-01
2.302823481167292630e-01
1.175641527787630453e-01
6.746637069710150758e-01
-1.864943986001731946e-01
4.761404593481773084e-02
-6.162132756346806461e-01
-5.768896175729349984e-01
3.739077690756830163e-01
-7.629042210221593789e-01
3.255472829535269175e-01
5.118006194783384366e-01
1.783359333413126191e-01
-2.383618144319326893e-01
2.272243809571497519e-01
-1.558301325016543844e-02
1.003716640473777122e-01
-6.398609482716113295e-01
9.893725716998257314e-01
6.670425879489638721e-01
9.474101784807721360e-01
-7.406093297455997870e-01
8.591511969211068633e-02
-3.690595384095079479e-01
-9.040745424547567133e-01
4.996146316919203301e-01
3.828907686020127099e-01
9.950304569525603160e-01
2.836340256766500256e-01
-8.959374395440204975e-01
6.640918768097552327e-01
6.459337242156043546e-02
-6.915817672111185255e-01
-3.733623323165050634e-01
-6.584108780233675073e-01
3.762041562101972048e-01
2.858608476369945972e-01
6.933300859859403698e-01
4.123498455991421174e-01
3.633092596207914138e-01
7.704778611458690252e-01
6.440000631090391225e-01
1.294759648571549571e-01
8.598347678874909139e-01
7.877176885497909620e-01
-8.558557769413700500e-01
6.974934694780141609e-01
-6.473231563640846620e-01
4.662774808484921318e-01
6.243090117430542818e-02
-1.191816695313385049e-01
1.000597118670391306e-01
6.942582938620842636e-01
-2.692162420273075951e-01
-2.062050627194291774e-01
2.594593380741192501e-01
-7.340654796729451093e-01
-7.692633438170864979e-01
9.058026412886923673e-01
-3.896635362022787263e-01
-6.612116434330488068e-02
-3.105202420285429477e-01
-5.402963987447362282e-01
-3.120611690126853244e-01
-7.354543113033947810e-01
5.840549619938774084e-01
8.967564651536136244e-01
7.222623257362132954e-01
3.504961489341955061e-01
-1.407428968424768168e-01
3.909578063072664117e-02
6.040319134121232558e-01
-6.700906631767807875e-01
-3.774830030654667268e-01
6.506970731758043858e-01
9.285223956402748335e-01
-2.925212891534486048e-01
4.459876955724444147e-02
-8.176051370716875821e-01
-3.453415579741570540e-01
-1.494112713493098987e-01
6.975661954546240606e-01
-1.342726071057257775e-01
6.048426148036453176e-01
-2.661755797868960993e-01
9.359622453269343945e-01
3.091166773267360890e-01
6.265117955743184641e-01
-5.529092153715795543e-01
8.177066839315020319e-01
4.354526635491310915e-01
4.122651299949724457e-01
-1.772783973634520782e-01
7.461683915435625147e-01
5.043865319886424725e-01
2.492121012075525777e-01
9.481953438928398814e-01
-1.005007468794229530e-01
-2.622995734588294547e-02
2.821601803733629343e-01
-5.759103852855755878e-01
2.383757024643119726e-01
-7.387758216192054361e-02
3.675573818706174278e-01
-2.462059447203133744e-01
-6.286622894705179432e-01
4.479274954756068960e-01
-4.109606158709104839e-01
4.138749781369149283e-01
-7.650327940199545818e-02
-4.489243412457649685e-01
-3.074842628614766205e-01
-4.822841502940584668e-01
-6.792140401964122942e-01
5.255052820188980123e-01
8.535705202174512785e-01
1.404009058867367599e-01
6.445762263878171971e-01
6.469763943630532088e-01
-3.356923567589150115e-01
-2.969407414096137954e-01
6.242128145986481913e-01
2.605076350781761474e-01
-9.913513568954517019e-02
4.473945795479173926e-01
-4.840933835174566213e-01
-7.515784730717557371e-01
-1.196776048389479319e-01
-2.773497407605358955e-02
-2.087488198754858804e-01
9.692623111380664902e-01
-6.988983155165061634e-01
5.299539845461174181e-01
4.465712333251593558e-01
-4.526551385255927484e-01
8.872076411162667098e-01
-1.284715991862350193e-01
-4.549727285280719125e-03
3.458658223200383186e-01
7.658837629546189074e-01
7.107067728418966501e-01
4.672800511015889335e-01
-8.577077406465917486e-02
1.896308711784491230e-01
9.360556204752480680e-02
5.418262527102392090e-01
7.607795860554034117e-01
2.006613494424230870e-01
-6.715937134881675430e-01
5.635492841104665640e-01
1.138227155662319551e-01
-2.088516064075754131e-01
3.126760402459414223e-01
1.847618577035119647e-03
4.351386288764353405e-01
1.305980143481711431e-01
5.328091793507747642e-01
-6.755236102988214641e-01
5.958401774340522650e-01
-9.872369690240859197e-02
9.994195507149136182e-01
2.078843961515003114e-01
-2.920273916374950263e-01
-1.274020342926829308e-01
-2.217889512983704514e-01
-2.393187422063750014e-02
6.419587214726500957e-01
5.638964748100713242e-01
-1.702820319876228172e-01
4.517543277228725507e-01
-2.496578161820110220e-01
-8.514466229977739609e-01
3.634938124040709151e-01
-1.092347330500778868e-01
-9.032428339360372149e-01
5.572448899730514382e-01
4.113731363393204332e-01
-4.187066176319808042e-01
-2.639154271566999665e-01
4.557192483254555171e-01
5.539931612460543553e-01
1.179908067087952622e-01
-7.649470925988592629e-02
8.132425209826568135e-01
9.943839531256702946e-01
6.637265990739436017e-01
2.825574714151507516e-01
3.344067823830241259e-01
9.479687167398913594e-01
-9.542380696790065953e-01
-5.128036354602183433e-01
8.714064831324654925e-01
6.150609989579483017e-01
6.322959248746693461e-01
-2.013844930749889850e-01
-3.990195999341006328e-01
-8.801853065804540188e-01
-2.825191953184602589e-01
1.546141846781598772e-01
6.983998846121265425e-01
-1.140925751485507011e-01
4.163860200574747567e-02
6.238252089464509931e-01
-1.361293024015724218e-01
5.126445198827009886e-01
5.751016881200431419e-01
4.185343264784681105e-01
-9.032797060147647050e-01
7.732462995132729500e-01
5.063111799971052873e-01
-2.399866580213995126e-01
3.981207891072925387e-01
9.647442364052796204e-01
1.675670023393836527e-01
8.057104987330053758e-01
5.397998749043565470e-01
6.173202550968339697e-01
5.815710141534102817e-01
3.106728188072052088e-01
4.118663985923191606e-01
5.965629811447270558e-01
4.169617030385093792e-01
-6.759736591028642216e-01
9.374933628520828455e-01
-3.674382600204211813e-01
-8.581042440684657491e-01
8.592597848108537439e-01
5.593934272545976194e-01
-5.654154907989996509e-02
7.162479113796907937e-01
8.411102568667966350e-01
6.033711399924537311e-01
7.785041869568237738e-01
-6.033767943516417098e-01
-7.077799467664934729e-01
-3.618526638638009385e-01
3.438266822790895239e-01
5.705552612992917938e-01
9.820147347401561588e-02
7.422073434357246979e-01
2.013512972750358954e-01
1.814437291998920732e-01
2.650360293522909805e-01
5.955078149425795386e-01
1.102613975902120430e-01
1.428210113506950436e-02
3.826039211268802975e-01
-3.081537128386640512e-01
8.472302321443625495e-01
3.309819592373540731e-01
6.022349033387847106e-01
2.427201719780063549e-01
9.078133078717468551e-01
-5.968702074290830328e-01
-4.671077199380331280e-01
1.173491227684384797e-01
-1.259129578878906419e-01
-7.059807240791203808e-01
8.742030282128611107e-01
6.009985849088160803e-01
7.031673935743619763e-01
5.463486273047845065e-01
-5.011533807273754748e-01
-2.590367857385499906e-01
5.452545398893582362e-01
7.364182827143689325e-02
8.384695970179292246e-01
2.463844466560919655e-01
9.963962127344053177e-02
1.247744185915229398e-01
3.219619066816129527e-01
2.491306510028179766e-01
9.568104400208621296e-02
1.575700665823250579e-01
4.040312026520108679e-01
-5.469929113009519561e-01
4.755109126677853904e-01
4.666369626064084120e-01
3.276357157813335474e-01
6.216553335960599558e-01
1.643464171479235847e-01
-2.521225083162133007e-01
4.639031174627063492e-01
9.177649703948074222e-01
4.119168549345207375e-01
-5.304870458964996288e-02
-4.209037757333506935e-01
4.818445348770606373e-01
1.078454563884622130e-01
8.230925905913826224e-01
-9.304997768176596074e-01
-3.982532248265695241e-02
4.371412895238073193e-01
6.153886455182463466e-01
-3.662242120370508558e-01
-6.172188594730546596e-01
8.172102345280469748e-01
-7.325066457884462645e-01
-4.629189754083803399e-01
-6.602918539016148225e-01
6.798780739047513011e-01
3.713749977744658648e-01
6.072042541125491910e-01
-4.209555798311171992e-01
7.974072824510921587e-01
-5.942585416104123608e-01
3.280625736315456731e-01
5.302903879086950933e-01
4.516895632535345984e-01
2.371560123348280535e-01
2.396368996933037621e-01
-2.082970820940850676e-02
-5.717762354762083443e-02
4.841283354784758353e-01
-3.233683613590899175e-01
4.665127988717379659e-01
4.354530127119230487e-01
5.543595012784207077e-01
-2.534814432223413960e-01
8.088310179724244042e-01
1.196525860928501217e-01
1.958457254475122131e-02
-8.707424396949302592e-01
7.977234118684383146e-01
-1.601714816697584476e-01
8.215168739661655728e-01
-6.879694365562853964e-01
8.490347280457579693e-01
3.351380763872447988e-01
-4.103743124542762882e-02
2.591075202965036905e-01
-2.513967144975940982e-01
-7.102716775276199934e-01
1.907834856709267057e-01
3.326062903914744906e-01
-7.878606437138019336e-01
4.281964466831056360e-02
5.925210514939018847e-01
-7.049231137294206806e-02
3.658663556719317089e-01
7.320997580127656112e-01
6.023240843117156906e-01
1.326162202503697041e-01
9.728705834324372637e-01
1.247163689150079247e-01
-1.033848045981577979e-01
-6.564111111240118757e-02
-7.829513385654610635e-01
-7.237522500876270026e-01
-6.013964258588876399e-01
-3.961059140424604275e-01
-7.723516404617830622e-01
9.152369522483667641e-01
-8.227629548654477043e-01
-6.819678474806747381e-01
5.787032071853334125e-01
7.372283987807207728e-01
3.171562417165795789e-01
-1.075951920748143172e-02
-8.075277069616934034e-01
-3.913400925190667172e-03
-1.931574233071606528e-01
4.894386679171838089e-02
3.118396441179520640e-01
4.677942699162475071e-01
7.738600887011658491e-01
1.604705773664908131e-01
1.794960692951625691e-01
-8.379019518445262049e-01
-9.667777052408319527e-01
-6.393066620470689854e-01
9.379567782754385519e-01
5.144694992673450873e-01
2.615335810118228910e-01
1.138968188968621092e-01
-2.950343610862639077e-01
1.666392152360164636e-01
9.232819642073596123e-02
-1.940372281884672825e-02
8.858256713948764460e-01
5.678214393478064198e-02
8.931389906700577808e-02
-6.418850198143465358e-01
3.793942271022619495e-01
4.801277084595335087e-01
4.117311687185933322e-01
6.372967398466563571e-01
2.906946419211012267e-01
-3.662170891436730136e-01
9.707777623152393787e-01
-1.731343309733232583e-01
4.486467967001858126e-01
-2.697454534212636590e-01
6.937946480579607611e-01
2.539402371286541005e-01
-4.014953032765638530e-01
3.710087646163391373e-01
7.305609311123950622e-01
-7.031984237045874053e-01
2.444632035214389099e-01
1.850155047358920946e-01
-8.424229963867928550e-01
-8.510313145831142068e-01
-1.700191123657720793e-01
-9.493283027414485264e-01
1.627667301670183142e-01
-7.860341898220375434e-01
-3.155179523160409061e-01
2.401425658534681318e-01
9.928841302902527421e-02
2.050578146084954811e-01
-7.349683328170520946e-01
2.842061063877883154e-01
-8.465546798845923204e-01
2.912995216043402433e-02
1.673374670471207137e-01
-3.188488862481805852e-01
-1.082134170195045986e-01
9.362890435907935682e-01
-3.487404609659319199e-01
7.394978839758246103e-01
2.391722460700962116e-01
-9.553191135670077716e-02
2.183628274395322533e-01
6.127814408679913560e-01
-8.692417950433434237e-01
-9.803774227400736951e-02
-8.840183426783757570e-01
-2.874651133802346714e-01
5.084401898905920314e-01
2.438502790073897586e-01
4.734813778032493370e-01
4.621946451657019117e-01
-5.130168029811675856e-01
2.973326711626547367e-02
7.102619588475887757e-02
-4.713294719452497117e-01
1.960812696225881224e-01
-8.588856250618063237e-01
-8.310484531440737177e-02
-2.131021466461977820e-01
3.392546769333488199e-01
8.014577675091206777e-01
1.116185296936213905e-01
-5.229368845704653879e-01
7.379131115914088213e-01
9.417765060921958753e-01
-2.204502210456000533e-01
2.092419259243139817e-01
-2.787088905038047071e-01
9.554298434489003067e-02
4.049238543995218875e-01
1.597585917202139494e-01
5.200818237773684460e-01
-8.366248444617618851e-01
6.639867502093212970e-01
-9.689033194638516783e-03
1.326472244280019475e-01
-8.664816743956824663e-01
-5.527233402534883488e-01
5.992881452595172354e-01
2.749792177959379247e-01
9.699278244126284809e-01
1.666645307145714350e-01
6.231506390331414957e-01
-6.059231028882743342e-01
-2.825922595676055860e-01
-2.779785091240481454e-01
2.393677856725080766e-01
8.043962538320273969e-01
-4.689441777071360340e-01
5.079387427888567563e-01
8.151721847743615967e-01
7.803489426581928790e-01
1.489418198855400055e-01
-1.796295028119474502e-01
-1.974599942810255360e-01
5.561082551678344643e-01
-3.078559610927990020e-01
9.326222412395116512e-01
-3.893382676408324028e-01
8.881805508494359236e-01
4.492706179296755975e-01
-5.114735894459186971e-01
1.590787617080233474e-01
7.088891014675346991e-01
-1.349305304420752027e-01
4.101210614880376748e-01
-6.472296386187686990e-01
1.974518732012210953e-01
2.931514416308335647e-01
6.382205614534832705e-01
9.763280695541539655e-01
8.394481885806149846e-01
6.035886291132098319e-02
1.405342027053687326e-01
1.483311389538391478e-01
9.382034053548355956e-01
-5.654682740455839740e-01
-9.270336054873881126e-01
-2.918832622806545873e-01
-3.995032992559580665e-01
6.410850887434355050e-01
9.789860763490598750e-01
3.820077356710528393e-01
2.803736735560098392e-01
7.155296184952870675e-01
2.247980079596218483e-01
-1.513151418944582161e-01
6.890853409882466973e-01
-8.754245434867418130e-01
1.554918824333412775e-01
-4.186702666545721874e-01
-1.495830371141363413e-01
6.930857573504406455e-01
9.293973536214841236e-01
-3.169390936539391301e-01
1.758540934097272690e-01
7.148240653709480030e-01
4.306305491265824958e-01
1.008087371393608378e-01
3.892904887836092787e-01
8.081103644624522131e-01
1.550945037225443524e-01
2.782322818384749818e-01
1.906568858398700883e-02
9.813897931538094477e-02
2.832460955595065277e-01
-4.924468820136477798e-01
-4.620147502675151507e-01
1.911336740452370953e-01
1.134707862634409814e-01
5.736463229043731182e-01
4.195603309092993394e-01
8.293496610118632206e-02
6.285362156138378786e-01
5.508451658142662355e-01
7.095211547264855811e-01
-6.491775725131982977e-01
2.232511342102409813e-01
3.359851368937413207e-01
1.784257842650946169e-01
6.975888593117423042e-01
9.022353087841576968e-01
2.310704366546808275e-01
-1.727084841160478335e-01
-2.155894946777293375e-01
7.948330390336888485e-01
8.041746425978540946e-01
6.768448207319428533e-01
6.972517022086206495e-01
-5.064740296066310155e-01
-1.882179849086225779e-02
5.639049613922141324e-01
3.977313195632774523e-01
5.392425058565029072e-01
-5.507111597444076523e-01
7.021592935803787350e-02
4.544807854689850157e-01
-7.468333140454590513e-01
4.143856975272264820e-01
6.957014332674532620e-01
-5.712162761404777633e-01
9.830687894880884015e-01
5.419155331822712168e-02
8.638880254779225665e-02
2.003523597522816890e-01
6.654581820373691725e-01
-6.777752432685443251e-01
5.898134588895774799e-01
-8.306390304527367929e-01
6.386218381539233713e-01
2.816912281211361724e-01
3.269876678993242913e-02
8.116341876451735882e-01
1.450828254580479593e-01
-1.299761944433804051e-01
5.897510322324973631e-01
2.537657331582359177e-01
-8.936624833520867561e-01
4.389771177136271574e-03
-5.222056301983842713e-02
-4.783493261183228706e-01
1.483158596477779367e-01
4.620101749045241180e-01
-1.729710795150492808e-01
3.726372893367754235e-01
9.963765389860940180e-01
1.876850872581516394e-01
6.436046672873558805e-01
6.907225649947329460e-01
6.398653954753896755e-01
-2.064175418589636879e-01
1.076015804693332828e-01
-1.115267099652380162e-01
9.521908735132048052e-02
8.895913099447947392e-01
5.749715685624352535e-01
-5.755421167490252232e-01
7.548936760491200548e-01
-7.740413000622858863e-01
9.082290148004860120e-01
5.978884398066713901e-02
7.065485384190559603e-01
7.549147707687995368e-01
2.069906805355253010e-01
9.764040530374465954e-01
8.499576576702658759e-01
1.045910260135826803e-01
3.390683363879989365e-01
9.489970530682207972e-01
-3.777207386646765919e-01
8.425173864628550113e-01
-2.625995415213582818e-01
4.552969985752343685e-01
5.180495430133531531e-01
-5.917007497612495337e-01
1.863003887019379912e-01
5.655164632906550803e-01
5.882855787357292587e-02
4.088118283868544256e-01
4.738695466152867963e-01
6.339278123349526561e-01
-8.387994515849440669e-01
-1.594374477194601680e-01
5.325695488873667394e-01
-7.071797611600101618e-02
9.530078158164531632e-02
9.324736467754559666e-01
-8.148793339930637813e-01
-1.175220108118418400e-01
7.840995257108301919e-01
-7.870298990886575446e-03
2.675615156168371644e-01
-6.589473145013571287e-01
-2.460672171017943277e-01
-2.995947373467738872e-01
-2.949842776100267128e-01
1.493306911294833839e-01
9.788287933167002519e-01
-4.305305050461988303e-01
1.204773846888659988e-01
6.639949580403327334e-02
-4.274469838664666232e-01
-9.490317768357351413e-01
-8.241816431567747792e-01
7.329029528754021916e-01
6.271084805068299906e-01
3.485235542800652619e-01
-4.678084177929114906e-01
9.963593300281261556e-01
1.188601365020016815e-01
-2.606106288760001721e-01
-5.579129271537174306e-01
8.570625914507372656e-01
-6.824251343111886747e-01
-3.604277073518104002e-01
-4.189309976329624180e-02
-2.500929706268105179e-01
1.319103601211971677e-01
9.582808136321413484e-01
5.320497568041158143e-01
-5.729905623684790061e-01
2.029209117459608303e-01
2.765885169806231447e-01
5.666071569452437728e-01
-9.467931839078036482e-01
9.374198741407174795e-01
5.139752530806284136e-01
-6.373159582033777193e-02
-3.942023985007153120e-01
-4.928815528460240847e-01
-8.694279163874994998e-01
-1.586657671822411242e-01
-4.724662277714727354e-01
-6.304771937630070100e-02
8.970798273318260074e-01
7.264220759260564542e-01
1.474047609673031778e-01
-3.694433525992081302e-01
4.319705041561689995e-01
3.288188343994236096e-01
6.028363165927730360e-02
7.787211095561331620e-01
9.613998843021589469e-01
1.079053569644323196e-01
9.420906572791379330e-02
-1.961483238601915285e-02
2.775580148459211860e-01
5.590516886096043025e-01
3.572051621707701408e-01
-8.650339040418885128e-01
-2.663384925109094081e-01
5.715708939268415029e-02
4.343649707634936741e-01
3.570092636031295119e-01
9.499990788382275397e-01
4.017917775017997017e-02
7.817363940823721657e-01
-9.351184211440727312e-01
4.014243029546916142e-01
-1.449690655367364966e-01
2.971257664728816847e-02
-3.149638312553673103e-01
-8.077705155488118516e-01
-8.426540670117470544e-01
4.851333099954762140e-01
-2.572094339788654205e-01
5.941141788142476621e-01
-1.237336015138008199e-01
1.966132361016088848e-01
1.971711577155038642e-01
-4.179404410415422412e-03
1.897485954353941295e-01
-8.193407569323029049e-01
-1.738107006530350829e-01
5.911486088552162510e-01
-5.485659369259702212e-01
6.375746726981157408e-01
5.560703709183560939e-01
7.420240952415587676e-01
-1.659086568836182218e-01
-4.972588276505712224e-01
-6.451819086442408535e-01
-1.119201102670526748e-01
-1.610865952805794754e-01
6.180929471281061682e-02
4.244455778989864592e-01
-3.327504505478438013e-01
-5.304163779796598754e-02
-1.296854488110731618e-01
-3.004955384527109238e-02
7.839965182088254325e-01
8.548527931860234741e-01
6.817759522566163577e-01
-6.899556219449674010e-01
3.373888810046545839e-01
3.116949222456734114e-01
3.373488461715465347e-01
-9.184427526701061106e-01
7.087149813640551965e-01
9.285090881012326713e-01
7.229669389918613742e-01
-6.039268412168358885e-02
2.297634776690873626e-01
5.648697251985782541e-01
-8.595813729134951786e-02
9.609123283874585475e-01
5.132736806303600519e-01
3.912036394915214821e-01
4.515128590918513971e-03
-7.002004701896165084e-01
7.244969263288427719e-01
1.071821437386328473e-03
4.799361178357626212e-01
6.541290616191973717e-01
-8.614151311367652594e-03
4.051500186658481273e-02
2.130678441619950347e-01
-5.551426486724508891e-01
2.396281834216936607e-02
-8.082119184184624050e-01
-1.335867438339601310e-01
6.558606941327088657e-01
7.558277530030968472e-02
3.636324440955960857e-01
8.462069739725981421e-01
-1.160819525050754281e-01
8.254785452572354076e-01
2.322386856990444615e-01
3.264828060577564250e-01
-6.470027000738953760e-01
3.183534144375940733e-01
-3.778602428873457653e-01
2.000231896095575335e-01
5.530786697029302923e-01
9.021232764404127913e-01
9.748431753910885567e-01
2.079336708629322961e-01
8.215683923688973378e-01
-9.515960180362528220e-01
4.514574419572069397e-01
1.807100852453213252e-02
-7.066140508492944061e-01
-4.799582709766238575e-01
5.075470338721267405e-01
-3.460037181873835688e-01
-2.812458994978419557e-01
-5.442302696238293658e-01
2.167018026294013910e-01
-3.280349060583415133e-01
5.381921921763235250e-01
-1.213012882735912817e-01
7.585737182728434780e-01
8.509809349852002214e-01
-7.933126864590653859e-01
5.900983654764631048e-01
2.023748058634397551e-01
2.846028055959017311e-01
6.312193569618538280e-01
-1.178543881960411044e-01
5.455270763097540554e-01
3.708137062631811642e-01
-1.590209904731085533e-01
1.384337509100436459e-01
-2.631526083845018293e-01
-4.619379257718442822e-01
9.052132513627119126e-01
-5.151892067746192128e-01
-9.309800492203469391e-01
9.240666339361193193e-01
8.239617142495727631e-01
-7.660943123912657138e-02
-2.006253615367994125e-01
3.765579828898016346e-01
-3.380191219387541635e-01
7.603112988672982020e-01
2.121365242349647628e-01
-3.595798591188250071e-01
5.710922399791796833e-01
-8.614054022465297833e-02
-1.775539215946289606e-01
-3.275729248819729267e-01
5.597603195447964364e-01
-7.571151850581634424e-01
-5.249431354522975379e-01
-2.484443729422154690e-01
5.231626955464073747e-01
8.431972598459168688e-01
7.840082924311523316e-01
-5.964615614554749472e-03
8.060694198977871316e-01
3.795206948166567756e-02
-6.411778832167883690e-01
6.224410361989696217e-01
1.083792555428536031e-01
-1.283100708903289755e-01
7.488889477284584040e-02
7.656140788468729363e-01
5.623719363362711388e-01
6.526688264324683741e-01
6.104398448213147477e-01
2.333401425384986072e-01
9.806642028729796179e-01
4.270184177861623964e-01
7.364059564615370590e-01
1.055639329014311650e-01
8.506821311239636252e-01
-6.533243466539000455e-01
-3.852429828960923092e-02
-1.602955491487010886e-01
-7.211011068776851385e-01
-4.197555144963892038e-01
8.581785201831220178e-01
2.926226542531454866e-01
2.908851344020571550e-01
8.704212708669559762e-01
3.434513170944931137e-01
5.874372895052627497e-01
5.391383691265372313e-01
-3.956247895563502759e-01
-7.766518477792556663e-01
6.602135516588797381e-01
8.754320241560986648e-01
-2.292232431926203018e-01
2.329589587134047457e-01
3.996658382670655735e-02
5.007865720022595113e-01
5.852038344882275478e-01
-8.483437484172018372e-02
7.622228563526168843e-01
-3.200705319303211449e-01
1.935128679770172777e-01
-1.601629449038616537e-01
-1.069596669544737866e-01
6.152924897945941662e-01
1.512386612909445149e-01
-6.520552324174500036e-02
4.713173505954377229e-01
-5.712709752635115878e-02
3.564657586889314334e-01
7.713123727075257285e-01
4.109334697241934786e-01
-1.458993480221517092e-01
-2.207369741638054716e-01
1.792795807051838775e-01
-1.548453065843892196e-01
7.851327606257746394e-01
9.624810679948233583e-01
4.623941631654946427e-01
-1.399405924462651940e-01
1.405868542587509207e-01
-2.132509613673768123e-01
-3.463326431312994114e-01
4.751197202916406237e-01
6.064837727404335244e-01
2.817250240526994465e-01
2.715685929790765396e-01
7.186804655401778097e-02
-8.059696641493234726e-01
-8.999960998737023266e-01
-2.049978049171853056e-01
7.384152785280250209e-01
7.711254546004042698e-01
3.330312464106720549e-01
5.567184615195038822e-01
-7.807842901167292293e-01
-7.938268452503725522e-03
2.036221790562781908e-01
9.626566856491658442e-01
-3.075331361621631565e-01
7.979131980829374804e-01
7.183578519271389684e-01
3.836543442740116827e-01
9.411162906904519954e-01
6.726220154168949250e-02
-2.135925782720004829e-01
8.974230847009488921e-01
4.343257412184447497e-01
-1.883051482646125319e-01
3.154825268678584926e-02
-7.840255343182106484e-02
-8.768614155963290469e-02
6.718379331607470251e-01
3.025888679725696750e-02
2.238926514320457861e-01
5.790698353619954108e-01
1.020096865598266039e-01
2.900062215627756124e-01
7.445748799260657469e-01
-4.611575125352897486e-01
7.529073276883637700e-01
5.962861068156071198e-01
1.519219448626985824e-01
-4.058501215342099483e-02
4.602922172828466940e-01
5.560890554000760266e-01
7.799648351411460068e-01
9.173689979804748873e-01
-5.479240968605256779e-01
5.014637026399386688e-01
6.950601135933298300e-03
6.021317758929183306e-01
-3.433401892669285527e-01
5.186052329266072070e-01
6.053098508705199166e-01
-5.054676481327439186e-01
-1.881991939637432110e-01
-5.952948486899711789e-01
-6.035105443236332690e-01
-2.813728376342936044e-01
4.531083462240883541e-01
3.731037943395440482e-01
-3.422781976756584799e-01
-2.715980493527245243e-01
2.457919874340180333e-01
-3.688384721118426746e-01
-6.594880241673857224e-01
4.476316504978176958e-02
4.311538330559151477e-01
9.748986643417846265e-01
5.501195410404846609e-01
-5.161840590454569444e-01
1.548015386765506374e-01
-8.427903018808088342e-01
7.650333694936327644e-01
6.307231750124103753e-01
-1.238076734651212957e-01
8.662256625456404846e-01
5.807796005090173352e-01
-2.895620494697767056e-01
-4.817038922794070199e-01
8.527249465215918089e-01
9.211574393085617540e-01
5.817882567142161898e-01
1.523557590808118090e-01
3.323183658996854972e-01
3.779796651080878922e-01
4.890268360438123629e-01
6.181630543170174574e-01
-3.309140105377412211e-01
1.169880128911307965e-01
5.483207706184350938e-02
7.090828045209520702e-01
7.823962499432333129e-01
-2.069115293165004754e-01
5.567812807073985182e-01
-3.142358955495341138e-02
1.783948198148266606e-01
8.356855151070243792e-01
4.384706666652569140e-01
1.971126390949879126e-01
-6.762949190655689891e-02
1.392785736775041007e-02
7.081762410382273429e-03
7.352548190803406269e-01
4.876097151858847512e-01
-2.042050033895998762e-01
-4.629503278740879080e-01
6.101695247954989076e-01
-2.361241846441225478e-01
6.395951123277351380e-01
-7.870710659448892921e-02
3.757894162705156527e-01
6.313496976629913160e-01
-3.313036968556127282e-01
2.400484572734007671e-01
-6.286839248718025797e-01
8.017271477227303489e-01
-4.955984493752301212e-01
3.187769411062396085e-01
8.823125845211503560e-01
1.246057995530364809e-02
2.714341213495169783e-02
-4.863968542117828031e-01
-5.169342686021017874e-01
7.686747887794392886e-01
-8.248138969726144243e-01
5.793637376370472936e-01
7.765404590879015911e-01
-1.530300685981593745e-01
-4.262052276874223056e-01
6.359922644613078546e-01
2.007577473002013502e-01
-6.244495572989707810e-01
-4.576004522767783134e-01
-2.501073281664209502e-01
4.012967522346505556e-01
4.040924224043811464e-01
8.408912804651647033e-02
1.721518469608028790e-01
-2.029821233530054378e-02
8.172221262837054967e-01
5.952607122473908136e-02
1.180639328837582019e-01
-1.117138025770822024e-01
6.101950940901157416e-01
8.215728229077882139e-01
8.603279222698553830e-02
-9.986320912069074351e-01
9.509989991370643159e-01
8.904788703184185472e-02
6.869008133454482801e-01
1.346212345604302224e-02
-1.418535693730080260e-01
6.573819556168685185e-01
2.789791295258126635e-01
-6.598403310184128845e-01
-5.837614431663571413e-01
-5.030745168641880261e-01
1.956003749750056253e-01
-2.933874694859352483e-01
6.983206759340410130e-01
-5.589734770404805042e-01
3.210440148776072533e-01
1.422317597748398998e-01
4.323482219319586539e-01
6.964350417152403994e-01
4.025390541666995503e-01
-4.784315738015675334e-01
4.275278489463470444e-01
9.686033047125194306e-01
7.396864562963090250e-01
-5.212312266689255180e-01
-1.061541682485318966e-01
-3.828776245267531131e-01
-6.920425529066454029e-02
2.246294107822301156e-01
1.561300316943310951e-01
6.446959903354413379e-01
-9.189956321606305156e-01
3.126813046541357388e-01
-3.328007753429655380e-01
8.250169786600659583e-01
-3.687290303483081733e-01
2.895758124904427855e-01
2.181411601604317518e-01
3.675467270143821241e-01
8.765721439512162982e-01
9.744251012745470675e-01
4.304780679718177572e-01
6.961094693510381237e-01
-1.902710093817226167e-01
5.230555515548133139e-01
-4.953244442179851048e-01
9.832597438586331284e-01
-4.953396149423691108e-01
-5.784054302005148251e-01
-5.727624095158996287e-01
-3.466605754975060072e-01
7.183262704645384522e-01
-2.103267302161231644e-01
7.652660384242378211e-02
-1.234926501797125598e-01
4.298777524169776210e-01
-3.211289526034669106e-01
2.457479561550855451e-01
1.191946453406180495e-01
3.478436071103708782e-01
4.985539110090756454e-01
7.268878948717583111e-01
7.574807401364408443e-01
4.287764352949823832e-01
-1.115785884306694647e-01
-5.411643748038663659e-01
7.525444092806032881e-01
4.674540424694137442e-01
3.703161393662318668e-01
-1.783042213790765607e-01
-7.740751326840217272e-01
5.026333219116191353e-01
3.811828648325171764e-01
5.903939578982169145e-01
2.604809419021357764e-01
9.052735366194344380e-01
4.625246464621264875e-01
-6.893140940704999275e-01
8.657308484798416082e-01
-4.031958742414096797e-01
-3.814538830808985592e-01
1.511288831871137328e-01
7.219831445339865983e-01
6.745318822737694786e-01
5.085840153623696347e-01
-4.108734539212924308e-01
-1.410238475622271614e-01
-1.698176678122809979e-01
-5.907740915282841954e-01
5.575535367762936012e-01
6.501123369593038159e-01
4.437104946655210519e-02
2.706186485210130832e-01
4.866471658228517239e-01
-1.105267268045406759e-01
9.639224388655729392e-01
6.749547147803427460e-01
-7.784419086950252753e-01
-1.449939433744651118e-01
-1.394639879030083740e-01
3.751377587674398772e-01
8.543129254545859252e-01
-4.325986021755941491e-01
4.589048223615826427e-01
4.467644167167785230e-01
1.299814813513547052e-01
-9.368474724936584064e-01
-1.896880075356148498e-01
5.708982296121637434e-01
9.603458579280826912e-01
8.378896565684235131e-02
-1.075375710764760184e-01
-9.193702920595171746e-02
5.803721180719756401e-01
-2.146595736179569835e-01
9.846080706803355120e-01
-5.067016887110417644e-02
1.260294020085992450e-01
3.899130662011482951e-01
-9.021073697977090022e-01
3.952315355010402875e-01
8.174314746282757005e-01
1.895888296291465824e-01
5.472989592509885926e-01
8.124743687278574988e-01
-6.319545152797696741e-02
3.752006209627107847e-01
-5.481224100374505470e-01
6.730366308813449105e-01
-2.672452840279274655e-01
-1.883480505217065004e-01
-1.621582481844543178e-01
-1.811610090671175177e-01
7.285746693530592566e-01
2.811899398937431904e-01
4.272515158177499495e-01
-2.576225710135595093e-01
-2.297369462716715993e-01
7.032882653580077026e-01
3.001459624861050335e-01
1.034575684835763315e-01
-9.769891071030581964e-01
2.703541371712538388e-01
1.628766802270371628e-01
-2.999085784784549791e-01
3.273633626152006593e-01
-8.420667993940953444e-01
5.587248802026550942e-02
8.061255671279360380e-01
5.550522708699656693e-01
-6.168531566472809091e-01
7.122217477030233779e-01
5.353970305140048902e-01
1.311105765671345853e-02
3.418490110506224311e-01
5.862115116955344263e-01
4.347240482658946137e-01
-3.847314511422634253e-01
5.378831558665213564e-01
-1.475238949986741877e-01
6.902720261151713554e-01
4.873712295273254225e-01
6.774733912699945626e-02
-6.585276800902539751e-01
8.553563458553631316e-01
7.416259222122700834e-01
-3.805275030303109096e-01
-2.208951018687175527e-01
9.771467367623367650e-01
8.694574988779403268e-01
3.194459900078194803e-01
7.527739236705984771e-01
-9.223104399906161266e-01
-6.482460904079279107e-01
4.237314870333433459e-01
4.520567059324180348e-01
6.663815614424620781e-01
-1.167303617410388461e-01
-7.360142087903281949e-01
5.721161002482607616e-01
9.971742091458062340e-01
-6.551608836101274758e-01
4.264295549798124974e-01
1.710665823144771336e-01
1.683969869787471374e-01
8.257959887320531767e-01
6.965466260057993075e-01
4.216648339801432610e-01
2.091566207445484382e-01
6.501353262253827259e-01
9.786581489152376134e-01
-6.161586367320183166e-01
-7.045133076440167619e-01
3.533406582081541347e-01
9.523493255253884238e-01
-4.752707116853186475e-01
8.885563596381668150e-01
7.008895974557942665e-01
-5.116512456773827378e-01
1.133110721625342904e-01
-4.659093075594925026e-01
7.597254903788207281e-02
2.555902067252856236e-02
4.549190055221397633e-01
2.022794638006800705e-01
-7.962892597356527880e-01
-5.657790935405832000e-01
6.202719353996716256e-01
-8.921644399729384833e-01
2.304412742290594396e-01
-1.057412218385512387e-01
1.551215626173836071e-01
7.305538690776193222e-01
2.219006593866604815e-01
-5.114465121869740116e-01
9.172205012956379244e-01
-1.928903054138784157e-01
2.052832946288639659e-01
8.002162384743350954e-01
-5.492530688009854972e-02
5.585798086454427658e-01
3.542812267500943801e-01
8.183571036524656117e-01
4.354467431041427750e-01
3.755774169588600442e-01
5.200975864978062413e-01
4.644955385533114933e-01
-4.073537619959891609e-01
3.625992124935696892e-01
3.075715603055632630e-01
1.609982260684343358e-01
-8.980633631640492220e-01
9.854324846543059957e-01
7.498031287864731498e-01
5.699771047721794437e-01
6.984025089440323297e-01
-4.368644728014002276e-01
6.468653897817183696e-01
-1.943837347567465290e-01
-5.695594090100248863e-01
3.832488353699157746e-01
2.464160918674605516e-01
9.817291808982933077e-01
8.024452002064004219e-01
4.887406946921998285e-01
-3.120858774988313211e-01
5.096439388977719309e-01
3.223979689387663772e-01
1.150184988057401797e-01
-4.708427263612363634e-01
2.484486548951228002e-01
-7.538915617566412097e-02
2.109114968841085125e-01
8.173233989364931951e-01
2.056874372000529749e-01
-1.577144954766909468e-01
-5.588196487935919166e-01
8.851554896431595987e-01
8.400247022915791062e-02
9.579759636043364002e-02
-3.838575309846790629e-01
-9.240550747148975619e-01
9.688211526813851338e-01
-9.867520727045862028e-01
9.789704521999670339e-01
-2.709891662782802912e-01
3.860828334931175054e-01
2.519686186335057809e-01
-7.978048306593624739e-01
3.749612387283023374e-01
3.143967834738882750e-01
4.439714684070864559e-01
2.335403580508435550e-02
2.721247052941604405e-01
9.231778607665200864e-01
-2.277776812384940397e-01
6.272198822843449983e-01
1.125270307197871328e-01
5.663757660918502523e-01
-9.071933926306654516e-01
-4.174112213329334575e-01
3.166743523765654378e-01
8.052338538516879973e-01
7.709867912007329904e-01
5.019256535427117638e-02
6.837729080420748007e-01
6.534232020853870671e-01
4.404162927607342959e-01
-1.244646205151705431e-01
-4.771503639439235167e-01
-2.620558338663452891e-01
7.472918711306402173e-01
5.867766807395470297e-01
7.513194022802900385e-01
-2.197177221493657739e-01
5.039988477089069052e-01
6.212139415887273364e-01
-7.285179805848016055e-02
-7.677425772363806189e-01
3.652147990345490369e-02
5.801706107329536177e-01
-7.373619372467553612e-01
-5.827637280855861857e-01
2.724055884362131530e-01
2.206285315313182838e-01
-1.989513564221287445e-01
9.468788783851217472e-01
-3.551545341794689475e-02
4.583756828746356482e-01
1.143243977740918405e-01
4.739706398839265145e-01
2.992147209977156774e-01
1.501421038245095430e-01
-9.085351128619613137e-01
4.283356059178814457e-01
8.180697308026120898e-03
5.127794191786506639e-01
-4.033481945071143437e-01
5.214119779444332803e-01
-3.557184880051482700e-01
-4.437921364766005405e-01
-8.093655702095852167e-01
7.302898747010639902e-01
5.889183697869260214e-01
-6.989839121549228373e-01
-5.988453233285078170e-01
5.599132691921868688e-01
-3.971664747043511245e-01
-2.703691434348812206e-01
2.169978563158795892e-01
7.716170355395142455e-02
5.368051070671913116e-01
6.860424358106501641e-01
-6.126331550961973127e-01
4.942902973887577933e-01
-6.827397792643299379e-01
4.159562627379779776e-01
-7.005795949753365059e-01
2.237076160325125185e-01
4.305695039051412043e-01
6.585747176960177196e-01
6.511571749942016707e-01
7.549595235516589620e-01
9.499267673088392094e-02
-5.104059413218905994e-02
2.475243991637000041e-01
8.606156566606449898e-01
-1.395959580442263370e-01
-9.834536424683525124e-02
4.911509265733274843e-01
-3.393872885609792722e-01
3.700273458078626732e-01
8.945371873012095132e-02
2.532387015873783231e-01
-2.778477818981441305e-01
-3.145729754642297149e-02
2.624439168424637092e-01
-9.729515022844209549e-02
-1.194280447248703171e-03
-7.803362274008940336e-01
7.274989124113367955e-01
5.604187758102147088e-01
-8.245253688881615250e-02
5.880597023712533233e-02
-6.731599908423661072e-01
-4.037883078825010297e-01
8.104270420327015501e-01
9.508229279888927854e-01
9.866642334856182139e-02
2.600712285097889764e-01
-2.021500592970259802e-01
-3.716416666226609045e-01
3.546522401320329476e-01
2.234760718368695720e-01
-2.222604020955053217e-01
7.652139019726640345e-01
9.315806001065947139e-01
4.041280282537542679e-01
4.442520159118125145e-01
-4.831069048266637411e-01
-9.220037930876671117e-01
-1.274435682905390166e-01
5.289017633266770435e-01
8.999470364986419391e-01
7.768683204524553521e-01
3.443459258911849008e-01
-6.178875853152875769e-02
-9.324603218460629783e-01
3.101780138490128347e-01
2.543957122976256979e-01
6.804759650833012152e-01
-3.789665101181536877e-01
-7.746288602366135922e-01
-9.547198857679556339e-01
-9.452838739264620704e-01
2.617117430702412539e-01
2.988993247276283682e-01
-6.377540176584286513e-01
-4.251794816814626898e-01
3.846065192097435914e-01
-9.681335989768713457e-02
2.819156696232367754e-01
9.957126618542548879e-01
4.825606495767062465e-01
1.061702353166469465e-01
3.453140340969246269e-01
-8.349490446403755595e-01
7.786718384287618644e-01
6.203116972470659185e-01
3.355381618311245040e-01
-1.906947350939952879e-01
2.824896923601046828e-01
6.173554623786532414e-01
-8.199688795797199781e-01
1.468930712487042933e-01
-7.084052097817575833e-01
5.620550876329970524e-01
1.138605794199994137e-01
1.501539565875251725e-01
-4.063366809196877760e-01
6.833470930201369642e-01
2.803612380683777605e-01
-1.826655369582527444e-01
2.728793964882633011e-02
1.846065481253104379e-01
-4.735701412090894680e-01
7.047731170436892512e-02
1.249015846591184919e-01
-5.425669671858141668e-02
-3.848040726030738656e-01
2.092439943041283501e-01
6.389865503729014184e-01
-4.564665180870849381e-01
1.187692979405441940e-01
-9.180963219925106777e-01
-3.485680145185099943e-01
-8.456244974431572636e-01
7.294795990432149102e-01
-1.892410999141583006e-01
-4.513247601244477769e-01
-1.287284354193976577e-01
5.044642619066517231e-01
4.847601758072733052e-02
2.261135557150058782e-03
3.647053770077674506e-01
-5.159460972508541632e-01
-1.426557717148758953e-01
4.046105342546214012e-01
7.511562465672325661e-01
2.612517454605168404e-02
9.943956292361504357e-01
-1.498486566442052970e-01
7.348523041901784680e-02
-7.548301671729671369e-01
-3.930437212634803057e-01
6.012106048202331410e-01
-3.019859931124829200e-01
4.010122186751020612e-01
1.427882047878825389e-01
6.348097628519840940e-01
7.868080154953495109e-01
4.834091663157793484e-01
4.646444068260635607e-01
6.469451010316086270e-01
-6.170257294180173657e-01
3.246538505772901262e-01
5.173621411655545677e-01
-4.004791788120376506e-01
7.282662271579761759e-01
7.064040962732227591e-01
4.738009398072116074e-01
2.098402019331586099e-01
4.813248545389784971e-01
3.791006157199597326e-01
-2.289737349679763639e-02
9.447352504704162879e-01
7.142642995832686192e-02
7.131592116689213778e-01
-9.867823407940409242e-01
2.094516090067116698e-01
6.710113120661712616e-01
-9.457504420253978195e-01
4.421493557116171758e-01
4.777994237578244568e-02
-3.480851826941523675e-02
-6.040800803284547271e-01
8.902040562133595181e-01
2.333186127351443429e-01
3.553185113401901435e-02
8.374558492148944655e-01
-3.047433826823204850e-01
8.199213708936948786e-01
1.201627615876118410e-01
2.523365895901348854e-01
8.295651404836570375e-01
3.812906210387124739e-01
2.576209943988466700e-01
4.630135283012461467e-01
6.579320648054874932e-01
5.226105537463022754e-01
-1.946611695349019511e-01
2.289688742628026297e-01
-1.436643262675151578e-01
2.642187184686783374e-01
-3.619721342963544419e-01
-2.506246599235700812e-01
5.797241198198258560e-01
-5.072806131168541288e-01
-5.250225539033480660e-01
8.147304518686824260e-01
-8.733798685350114832e-01
-6.788791380481425941e-01
3.404035828828039234e-02
6.315769959672228318e-01
7.007329751117054029e-01
-3.757209225992931834e-01
8.257850667384311061e-01
7.456785117256633511e-01
7.947182160690059449e-01
-9.715871277430732089e-01
-8.553958284597122305e-03
-7.485009283450239082e-01
5.461436585094670004e-01
-2.524897774690009200e-01
-1.279903310897765878e-01
6.832177507732608568e-01
3.428582384946756156e-01
7.213842814109421298e-01
6.385823657903701989e-01
-1.126435251438957369e-01
8.059968389582311543e-01
-9.616854027862291598e-01
7.697161397575018604e-01
9.299958474312046697e-01
-8.012375434456031620e-02
2.120427896345798702e-01
-1.007954130745702809e-01
3.465937182830716029e-02
7.369440075776255705e-01
1.652229871960770036e-01
4.781150607137779618e-01
2.110658299241901792e-01
8.068942261251299194e-03
4.533011528476108554e-01
-4.763702337028180578e-01
-5.035874964719563307e-01
9.325698344532098449e-01
2.366289078486114583e-01
1.800118881194722464e-01
-9.588954303911235710e-01
8.210718580138937073e-02
3.521466610601799996e-01
7.805505282731581840e-01
-3.332161230230007432e-01
2.146662194787847533e-01
7.385220771807852191e-01
2.139683395417868450e-01
8.183279350238987782e-01
-2.461305976857321165e-01
2.327715251295499888e-01
3.281353948003524756e-01
9.420027063368580089e-01
4.342801511188342789e-01
7.201427117189501681e-01
-5.096772971907970878e-02
5.929654921073651552e-01
4.551714976738198692e-01
8.360702927156488107e-01
-4.534663134507685434e-01
-8.966867198997869881e-01
-3.465453486372496172e-01
-5.134445372402514085e-01
1.053564575255940272e-01
2.205130846031044811e-01
7.045769873607218292e-01
4.313053675463979220e-01
9.833985156331193078e-01
-3.095243601467361771e-01
-4.851518903092449375e-01
7.709770613345330315e-01
-6.886353887710110200e-02
4.809525908938242500e-01
-3.998776656645662286e-01
5.017255817498518233e-01
5.349427338133845300e-01
2.086250745986057142e-01
-2.920661566080973159e-01
1.835077209075623161e-01
-8.653352237089420029e-01
8.774688379204591548e-01
-8.732159180272792698e-01
6.574791357944282932e-01
1.284355599723219221e-01
9.810137487966115177e-01
8.275336677332308932e-01
-4.566664176869040248e-01
6.660456930782747698e-01
-1.509778175167775238e-01
2.805759154400858657e-01
-1.805249750212934989e-01
6.674235973321563931e-01
-5.924444659663925528e-01
-4.701165127748705430e-01
7.461949064146986554e-01
-8.343860182291426009e-01
3.167919787162668532e-01
4.779670535730157765e-01
1.899451960959442631e-01
-6.526011693270548086e-01
-2.370800096010803881e-01
-7.436993807533954781e-01
4.702147888516474694e-01
-2.341539333751519181e-01
-4.835891885815509772e-01
8.045422484835675070e-03
-2.338731573341495257e-02
-9.871939559093131922e-02
6.302863203812233417e-01
-1.624120936692539652e-01
5.919127336761663694e-01
2.723725373304387576e-01
5.938977016171956835e-01
3.949104858287563746e-01
-3.545023242790280582e-01
2.004735513879029873e-01
-2.767777209875354472e-01
-4.036696568648416583e-02
-3.879326848275978512e-01
5.364868603077412867e-01
8.939900700827237978e-01
5.699778792507916858e-01
5.181249525803520717e-01
-7.131360767549952406e-01
2.492922149560522771e-01
1.827803266916382674e-01
-5.423889685196963129e-01
7.531680300466212508e-01
7.685483324070903066e-01
7.699451269258421604e-01
4.383426926196681839e-02
3.690934490100731269e-01
-6.142287402059293244e-02
6.514504071163524680e-03
7.860797439947525556e-01
1.014287037706253641e-01
-3.410019365611144469e-03
3.477848143336684239e-01
4.957818530610196839e-01
7.489590284350224891e-01
5.327974604525284041e-01
-4.208373523836667768e-02
2.896614194723823310e-01
-8.784122591289755116e-03
6.229912270100634863e-01
2.283413427123666128e-01
7.064822692937487714e-02
9.796399137944848956e-01
-4.321348834785522786e-01
4.414900226399106065e-01
-7.528625607645819118e-01
8.658554173693695788e-02
1.396158579988640569e-01
4.790821013458140265e-01
2.012344808834641285e-01
8.190170500221420624e-02
1.381734634985483934e-01
7.358130150059262187e-01
2.767899707707794921e-01
-3.087084392309513356e-02
1.251440450829417461e-01
4.226092122145397867e-01
-7.670344331852735342e-01
-5.751377831564411514e-01
-5.835605206581699900e-01
-8.310101004115802992e-01
-1.623955078169082300e-01
-5.290545019357931755e-01
4.784992456217795342e-01
-8.911870067125073902e-01
-9.107419341229252563e-01
7.280349290737991863e-01
1.123037627055039830e-02
5.646687347199796925e-01
-1.105218132557347355e-01
-1.145116505688879155e-02
-1.429781782253751188e-01
1.488290183078254947e-01
-3.374561926992614702e-01
-8.513676246849458118e-02
2.753003338707918357e-02
1.335378518906088774e-01
-3.717563237629822326e-01
-9.876713544242658738e-02
9.496066034695295477e-02
9.841511597626491081e-01
7.127126830292499493e-01
1.167235311981735524e-01
5.125212029360326493e-01
7.766585275930079635e-02
8.146517864562987654e-01
-3.690869868711633972e-02
9.070955193206564626e-01
7.143786396191835475e-02
3.462623150623868606e-01
2.608604204346392508e-01
-1.859993878090977770e-01
5.121219528713631952e-01
4.246515389421522402e-01
-5.671190953761655329e-02
8.322775471169155392e-02
4.161400565685070552e-01
3.372761446285871267e-01
5.818757837023438850e-02
-9.598884132383285195e-01
7.119744678725121734e-01
4.873355576693438884e-01
-9.834871939321816470e-01
3.462318483781229306e-01
7.967480518181899729e-01
5.724310501337396273e-01
9.469504438816012115e-01
1.702691361060954811e-01
-7.251679847884385799e-01
7.028443474585656103e-01
5.451637313442815325e-01
8.040985543202001651e-01
7.286366032428575057e-01
8.097768895087030794e-01
9.812399757075229711e-02
-7.096373089279391089e-02
-3.461241649674474258e-02
-8.667672200362144808e-02
1.952266948271375591e-01
2.038151211137161078e-01
5.624882392715720991e-01
3.169792921685091192e-01
4.322854474952740889e-01
-2.544603594464230345e-01
-7.066133481381720038e-01
9.569846010671658743e-01
3.097127379789229584e-01
3.041265731736902400e-01
5.116211458163144599e-01
-2.347779266209727989e-01
4.551342543293563359e-01
-2.670699215892257672e-01
4.106504765584034211e-01
-1.472339386680854567e-01
4.486983461605904000e-01
1.385500109339672936e-01
4.668951164712629720e-01
-2.450516089625441318e-01
1.028927741476606122e-01
2.406922568911622762e-01
1.069819548677713450e-01
2.064864927558840713e-01
4.534386418192565271e-03
-2.518335037337067761e-01
-5.888540336580371237e-01
2.125488885776958548e-01
7.087617409608235608e-01
-2.526396469358215269e-01
-1.175458272018914396e-01
-3.653873809335819178e-01
4.140674571913165458e-01
2.219992179552423006e-01
-7.393989572416213019e-01
6.383956345093153573e-01
9.795643614887546979e-01
-1.612828023395799504e-01
2.458757378459267839e-01
5.671044292657726471e-01
6.258060441188506573e-01
4.795986633285446721e-01
3.902304019458079920e-01
1.192058108043389103e-01
3.171267186911869707e-01
6.208870039647257366e-01
-4.052650156662548353e-01
4.448591162893156814e-01
2.033704130346305761e-01
4.078404682619345412e-01
8.702383377299672818e-01
3.457858150289504912e-02
4.376352405727235717e-01
-9.727039457857364346e-02
-6.804588153775062986e-01
-1.058665487719170073e-01
1.064058892181912602e-01
4.973886847996565885e-01
6.167971661776260328e-01
2.336813327812836960e-01
2.278311088402759366e-01
5.749119046172591202e-02
1.335801361839132340e-01
-7.048224008569350385e-01
5.311264771030322906e-01
-2.534725100465890640e-02
-7.740676397153285759e-02
3.175252500600533323e-01
-8.308308694811353812e-01
7.794133914504909333e-01
1.036564317615807640e-01
3.333601444037819772e-01
-1.990784935921247056e-02
-7.780209077821886865e-02
-3.712802055564484172e-01
2.223502488046871228e-01
-2.354806111854825801e-01
3.778979789743214801e-01
-4.119286804469694530e-01
9.857993391197522604e-02
-9.645262146814773674e-01
6.744849053330753685e-01
6.407074024481776986e-01
2.532872424582946480e-01
-7.078807630578152210e-01
9.933953395287742349e-01
-1.709402395347448256e-01
-8.878396670490523723e-01
9.512303043143608416e-01
-8.776657245403018948e-02
-2.968608432894904170e-01
7.039158950436071038e-02
-1.114492393518515673e-01
1.406656622517612198e-01
-5.209514431272803670e-01
-7.819121499959619248e-01
2.081785270477291838e-01
-1.949541515686738780e-01
-2.178531850572684725e-01
9.057437760638799296e-02
-4.596167360030171123e-01
-5.441551067506997796e-01
4.536634929847876418e-01
5.766489915002444011e-01
7.197167931752878056e-01
-7.035201455661480585e-01
8.152070910497596357e-01
-1.481546097057649947e-01
3.752409819063160512e-01
-5.402856395989358296e-01
3.934640640426448344e-01
7.005033811352092687e-01
-2.951808814795363611e-01
6.228872185504880088e-01
2.478616800521205588e-01
4.622038015927130705e-01
-4.753382887200343632e-01
5.791908708361305225e-01
-4.368440310199707133e-01
3.486536237360064461e-01
1.273318386987703221e-01
7.594321299302166928e-01
5.384125904810844743e-01
-2.706394390883333778e-01
1.053875327669865358e-01
4.887210583707684020e-01
5.037843887784286823e-01
-7.838745036469378924e-01
7.653090432838314250e-01
3.093431310587355099e-02
-3.695660013026386831e-02
7.511591432137403324e-01
5.783897178810532003e-01
7.616503260037108536e-01
2.352489078981781501e-01
4.125112677176006604e-01
9.419063051584209978e-01
8.758495367940573040e-01
-3.916748970690586695e-02
5.806415856349277788e-02
-4.558162519699950899e-01
-5.102181603106363816e-01
6.026919445763920802e-01
4.331183081867541196e-01
-7.811565464894421051e-01
1.645161065473851325e-01
2.883931404159538192e-01
8.023784564021484433e-01
3.016534334234950987e-01
-7.009592895368680354e-01
3.377944629855302860e-01
7.727205690278624028e-02
5.104080405287991784e-01
5.300177034681707866e-01
-2.326139228070105980e-01
-1.514865606326448212e-02
2.234351750778477974e-01
4.649086815489825164e-01
-9.566238596783829262e-01
-1.063787314479946317e-01
3.530725624943207852e-01
7.822442190288223518e-01
1.200550957030794563e-01
-9.394819770042105445e-01
-1.031207699230307362e-01
-1.047793957859439323e-01
9.441499352839402004e-01
-5.245320583481180021e-01
-3.482452128158095017e-01
9.705655443337386501e-01
-5.290819076566476674e-03
-1.493575396669939159e-01
7.164636546615297252e-01
-1.579833579872114702e-01
-2.202814415841464479e-01
8.681728959558598913e-02
1.139552105102946133e-01
5.048166942618513842e-01
7.534000468117189042e-01
-4.175961363712143437e-01
9.809992083904452986e-01
6.684588803438644700e-01
2.754132350174228194e-01
-2.346143518482081136e-01
4.880943646824735249e-01
-3.304272097085387411e-02
-8.520706597480164068e-02
-8.188137727987165881e-01
-1.361352824080407087e-01
2.122527112644121972e-01
-6.716534133163271081e-01
4.485646361197289655e-01
4.144911108105046038e-01
-8.843562987474400394e-01
2.725057155426561795e-01
-8.305677795890553661e-01
2.851351538653356874e-02
5.504947667887549745e-01
3.347182413843725612e-01
5.734062065094390759e-01
-3.009595522362980002e-01
6.053925997664660885e-01
5.381263305130544738e-01
6.149234836034764839e-01
8.748354326968400541e-01
6.100166143984024902e-01
1.856681617956042751e-01
1.978829457711786810e-01
8.836330494838512406e-01
6.374076142491832409e-01
-4.837299713644145627e-02
-2.578547272808951463e-01
6.465603899861868120e-01
8.410534407259055989e-01
7.678046239092264913e-02
6.677630701149154246e-01
-7.588031622730840864e-01
-1.587553079927896127e-02
3.042244949248240626e-01
-5.574843539750056198e-01
-2.701756950314387895e-01
-3.853954755990917080e-01
1.892586346973141043e-01
-2.669720270601084744e-01
-5.175350112914167688e-01
-3.913237331348758119e-02
6.728840481550305563e-01
7.165202220353118490e-01
-4.546295179580332468e-01
7.313922562592953813e-01
8.393786611977631651e-01
2.438046456464347533e-01
6.536039473477727180e-01
6.704041018182440581e-01
9.986866095946600463e-01
-3.061344484242113917e-01
1.980587069550746315e-01
4.427394114529983882e-01
-5.463194894589028516e-01
3.145765646441009422e-01
9.758363930679682108e-01
2.979189492383936891e-02
9.973413304369079802e-01
6.493629106261712414e-01
2.847890126829348834e-01
9.056521816685617621e-01
7.515910953588467169e-01
3.186938139304609785e-01
3.119924653620546606e-01
8.667057912718257873e-01
3.714257094915013324e-01
-2.902820770683294804e-01
1.291412371211658749e-01
-1.361049386654729632e-01
2.117801438480405030e-01
6.659901647122500046e-02
-7.465366301584910325e-01
1.050227422524943090e-02
8.415992675005689039e-01
7.120926000515791499e-01
3.023546901313073909e-01
4.464389312560761436e-01
2.674909882313265541e-01
-8.793154376933892680e-01
8.349698972805060793e-01
2.451600861759138383e-01
9.366492584387485776e-01
2.334470104754120603e-02
8.854211694217258843e-01
-4.457990347462677770e-03
6.631431929994695551e-01
1.313440922352540341e-01
-2.319282938285982809e-01
9.397187314135617697e-01
1.085143463656499385e-01
8.734788426549667806e-01
-5.262464907963199101e-01
2.389202734469407785e-01
5.889207665990594531e-01
9.718177863029777708e-01
-5.627197886558957807e-01
-2.286998827213594099e-01
2.320074137010981474e-01
9.113872041497144139e-01
4.534236245465232407e-01
-9.887782858085183424e-01
-7.637871474550746997e-01
5.508229836264015855e-01
8.703108633446901554e-02
5.531812819788836100e-01
2.592680148237724302e-01
-1.595425383815533005e-01
8.720736121126008156e-01
2.988643603491583645e-01
5.012871686763265000e-01
2.742592201337805125e-01
5.884900365909243591e-01
6.307894922879412336e-01
8.230041366765268318e-01
-3.098252511632145767e-01
2.830742277866530876e-01
1.338219809549678896e-01
6.925277175624559023e-01
2.068501284833611786e-01
-5.660546802977493019e-01
4.086116276622233090e-01
2.337023753405569337e-01
1.395531555259638956e-01
-1.166595686012121130e-01
6.901867117686899533e-01
2.683259433147267559e-01
2.831503031775450263e-01
4.172974449765995963e-01
4.356517584387557540e-01
9.731703031293856831e-01
-9.556911138581174470e-01
5.245981913282702358e-01
-3.571970357875802193e-01
5.528583392261254836e-01
2.099317290519456536e-01
3.872554488145076856e-01
-1.300546354446996955e-01
5.658089695866332924e-01
4.262989343903921258e-01
-2.798536385256860104e-01
-4.056608212555637971e-01
9.354623566059222517e-01
7.807993948111566218e-02
-2.143355280417200970e-01
2.212626487830026967e-01
5.765426722591907582e-01
5.637030818695093481e-01
-2.374077024430794325e-02
6.996050308361723147e-02
7.804317990439094688e-01
9.330839411764639824e-01
5.495922276240987614e-01
-4.803366156815941368e-01
-3.822332881820630357e-01
6.278725958194111278e-01
4.528848606895947149e-01
-7.655631509580436145e-01
4.506343188798984101e-01
-3.909424449640133137e-01
-5.132410178661163114e-01
8.121795261609688898e-01
9.972749569828193161e-01
6.279428641420953250e-01
-1.286113492332321695e-01
6.861990587846745759e-01
-7.687247826237350035e-01
8.071314891000589409e-01
-4.977884665177582657e-01
-2.140361900335263079e-01
4.677327996082186745e-01
2.920550001634593662e-01
-2.669888300558747041e-01
9.121313979028773389e-01
-1.447976042918951434e-01
3.372200022478571424e-01
-5.032018556008751586e-01
4.104542098237976555e-01
-9.203959711255961240e-01
1.761660560419014421e-01
-4.913552140196779106e-01
3.648791810236475808e-01
-1.661842434229424126e-01
9.746764901347237942e-01
6.816801811374376685e-01
2.692874445918373438e-01
2.248294855868869513e-01
-3.575239337662858286e-01
-2.765145660342734901e-01
1.848917367750138319e-01
9.979293028211166927e-01
4.726167534206068277e-01
5.832111355243136952e-01
-7.548579388327676387e-01
4.678750274219387051e-01
4.011963751755662222e-01
-2.012023982874120154e-01
8.228868024581842411e-01
5.465813330537639958e-01
-9.957206407328254016e-01
-7.279849134647335962e-01
-8.167812131568535916e-01
3.642945060158764292e-01
2.702241901945647840e-01
-5.297110969872634856e-01
1.357457358417710480e-01
-2.375861896076179036e-01
-4.789946944548722496e-01
-1.776679318204304747e-01
-2.594075042151761656e-01
4.004181601121264977e-02
-2.871421716370634036e-01
-8.248996893280984288e-01
1.845229637671129130e-01
1.240946140059670105e-01
3.311591327633258697e-01
7.995795283679189014e-01
4.383618097680426207e-01
-2.546731978504894744e-01
-1.216588052746322007e-01
6.213984189374776035e-01
3.119983338628945502e-01
1.777621159871307088e-01
7.708042244767657758e-01
-1.221178709522005856e-01
-1.982688574778109503e-01
7.937746705298490690e-01
5.360467933317755174e-01
3.227353387465954349e-01
-2.761625120686723167e-01
2.368846384179638942e-01
5.221284465855509094e-01
-9.808533637595180377e-01
5.740906940147552096e-01
-6.209840878416552634e-01
2.267529043520388199e-01
4.700126766540917989e-01
6.458521520157073370e-01
1.745041406069281209e-01
4.960126283207859643e-01
9.716551861626077091e-01
3.677629209138007504e-01
7.994969693582625325e-01
8.957397999138950739e-01
-5.203770048927982561e-01
7.301390561048268779e-01
5.614518573901435688e-02
3.344067884553880710e-01
-1.710866793403750113e-02
-1.057623813559692982e-01
5.238870588229913583e-01
4.043598741336904001e-01
-2.406282298104902573e-01
5.306891075795198143e-01
-1.471262084339637066e-01
1.661086215513643827e-01
-2.064362648504970005e-02
6.914542466968223167e-01
9.871315743294624134e-01
-3.353550433549641330e-01
-9.954904408207887467e-01
5.778158855934717453e-01
-4.988732287326590464e-01
-7.591215712992489817e-02
5.161613711436562335e-01
9.937181331896185466e-01
3.244246706747845321e-01
2.692256286359009931e-01
5.441622394645226901e-01
5.356709478677829095e-01
-4.163277550869076693e-01
1.795084932755161289e-01
7.886735124030281874e-01
-2.170310405098885009e-01
-6.773304037274399114e-01
-8.479153710290433521e-01
1.440439796157296781e-01
-9.646658706254147564e-01
-2.730638628936744028e-01
5.673748835671272861e-01
4.400192903954127654e-01
4.351800064316846406e-01
3.071516818551368599e-01
8.319221567530257211e-01
-1.967955330825204852e-01
8.062333773894677647e-01
-5.103379784903106647e-02
3.869225759059684577e-01
7.240973174503348986e-01
-2.701358555452550436e-01
4.555404716318451896e-01
9.348010774478923146e-01
4.142617456760750994e-01
-1.172613838606680475e-01
4.823065609789727315e-01
1.061553422865836871e-01
5.499083764669241425e-01
-7.011463265334217931e-01
2.263972688047853898e-01
-8.563932078729415975e-01
5.660953497356664352e-03
-5.075894782051966203e-01
3.189093449346267484e-01
8.097615585496699131e-01
-8.296665877889962681e-01
-3.176429110059985073e-01
6.494547350964536836e-01
1.585018581449212927e-01
9.566017248107882009e-01
1.827764576276179609e-01
1.565063071148069807e-01
-9.936164237732336701e-01
-3.267425817637105157e-01
-2.227307846684456194e-01
9.729691316363067166e-01
7.571354862431874944e-01
2.423757752251550213e-01
9.335242608189565638e-01
-3.146396202949134357e-01
6.058171508726585275e-01
8.130327836303709033e-01
1.109907782832482426e-01
4.446614031638695397e-01
8.741658502055056346e-01
8.696499174619328754e-01
7.559183675060646701e-01
-2.232871969861477124e-01
4.357229598668542758e-01
4.671407754128944489e-01
4.249204092753439688e-01
3.333698445382660691e-01
-3.267807802058775857e-01
-4.611154354822851742e-01
8.073749544976899228e-01
-4.330782887794135116e-01
2.500785454245603168e-01
-6.069992558140853145e-01
3.909223212231798805e-01
-4.564505433739281526e-01
-1.959721511461049170e-01
3.544952819602018024e-01
4.475957633907766686e-01
2.141596453329790983e-01
3.386748774644679320e-03
-7.820122829743871851e-01
-1.920297829297252512e-01
-3.680176225848889038e-01
8.156649147074976902e-01
1.077654748907954790e-01
-8.263946058387504345e-03
-9.582812451411740762e-01
-6.331484663378068589e-01
-8.289998045359712187e-01
2.442074198241495353e-01
-3.567064268247103209e-01
-9.896911666096321891e-01
2.153246640281971380e-01
1.199878677473231459e-01
-2.029495772491118066e-01
1.841181758957417536e-01
-5.689324965217649188e-01
6.146335905211798289e-01
-9.488261545491499804e-02
-5.369793642074104367e-01
1.039926724363915006e-01
1.686796855838324297e-02
2.358461428406742333e-01
5.725869003894600295e-01
8.433831149231880708e-01
6.687398173167312387e-02
-2.912729936758686189e-01
7.640875832932040312e-01
-3.866655019181954311e-01
4.285820500372712338e-01
1.381711773587743497e-01
5.154870982380685973e-01
9.607662543194800397e-01
-2.173863268605985000e-01
2.289228558767221200e-01
5.273200594456793622e-02
-7.874673165386560786e-03
4.382850486680655022e-01
3.337585963112906229e-01
3.067763072010436520e-01
2.023865472377943675e-01
3.051602641797666604e-01
-1.321343977276061843e-01
3.399083570959672285e-01
7.955763420429882160e-01
-7.849817202199094179e-01
6.597619927411558782e-01
5.748954732821440761e-01
-2.770297457936788943e-01
1.474845539625545265e-01
-1.080994302812973984e-01
2.962492860028376751e-01
-9.056088187820893198e-01
6.650447422250670426e-01
1.932608171967423460e-01
4.767737324020244749e-01
-6.689481814899622680e-01
3.688197207454483872e-01
-4.903693753730700156e-01
-6.101454523496168125e-01
-9.598090989888404811e-01
1.778231235647609043e-01
6.415074812307601793e-01
-4.428950191846145468e-02
-5.157609286565267848e-02
4.421146493269836886e-01
-7.135345148790634973e-01
-4.716213139999185233e-01
9.907171691745593201e-01
8.307948351673783982e-01
-8.802037437243484530e-02
3.050842418427019975e-01
-3.691664991501957815e-01
2.661643995208827218e-01
2.435064469638849871e-01
-4.072003834304918635e-01
-1.628040807434611437e-01
8.724366556451297328e-01
2.664512092507993479e-01
3.157129626172983650e-01
8.932673128216215286e-01
-6.395936299098861633e-02
-6.531643636225763494e-01
4.555703074418199217e-01
1.086586726656290670e-02
3.597085329267323273e-01
3.173265592461529394e-01
2.462943081811154455e-01
7.446704007941200576e-01
8.763647323583880766e-01
5.450073434989205490e-01
-4.976698518622126866e-01
2.021563009934349009e-01
-4.432712353714516884e-01
6.541758382834060859e-01
5.052777466616473756e-01
5.739473265347387887e-01
8.944233583959675382e-01
8.604375059249842472e-01
-6.347579286460912629e-01
5.851559510015494903e-01
3.191398636337168804e-01
9.484292187896899984e-01
-1.559058452133459394e-01
1.262987769428004503e-01
5.111702733784087016e-01
4.153244248161837016e-01
-8.123028399384324416e-02
-9.454335187208342539e-01
-5.002554059076086412e-01
-3.296998368415510194e-01
4.896106841041013291e-02
5.830768662704712835e-01
4.619082657574858364e-01
-1.018043541490635945e-01
5.527148706504773079e-01
4.570552288259889795e-01
8.323089806994410367e-01
-7.231664155679778938e-01
4.663662213085167374e-01
9.472711175952658325e-01
-3.268974324022719258e-01
5.120288030755193454e-01
3.525124244063744527e-02
6.494780363794041556e-01
3.466681559519197986e-01
6.606657264677607833e-01
4.219322580528708233e-01
9.370206665931027357e-02
8.189292330219835048e-01
4.899136529248789285e-01
-6.778838557440964863e-01
3.188723432937096702e-01
-5.391830585787233954e-01
-3.518587369368149642e-01
7.459554023768024678e-01
-2.170410687211470069e-01
-3.553118689101438799e-01
-7.823936355061456016e-02
-6.332725896316618863e-01
-1.098932024260551449e-01
-1.351604070213425213e-01
-2.812601886155846054e-01
5.214729480349159507e-01
4.514772158111295952e-01
1.494632690077498105e-01
5.682187088180971068e-01
3.620827013712237252e-01
4.542477863693751838e-01
7.649759840821362955e-01
2.867019044323824151e-01
-6.054642439720926417e-01
4.277630470922028777e-02
6.854472595599256923e-01
4.702741032903971080e-02
1.105624439707742906e-01
7.547440387983161969e-01
6.563472481864687236e-01
-6.657451493811797905e-01
5.500394482141713892e-01
6.918568918450147542e-01
4.169303263129552906e-01
8.461170424686568214e-01
-2.348523588094159065e-01
-4.191536543432471951e-01
-5.942800669435622796e-01
3.539754677867871235e-01
8.149614711729364913e-01
2.871297767176791971e-01
5.356803235863680790e-01
2.444705959854419630e-01
3.135221664666993924e-01
-1.044798904291587144e-01
1.937112699365174662e-01
-5.277474517495530648e-01
-5.153242982081811530e-01
-4.761592048482897743e-01
-9.526761740979393656e-01
6.354511366784362791e-02
2.581363241011485066e-01
-9.586154319468103147e-01
3.727942239753078146e-01
-1.684716674817796078e-02
-8.937971241181583704e-01
-1.638100028894941551e-01
-1.461461631316017251e-01
3.471166909787510857e-01
9.752230291247823146e-01
-9.754322633609004145e-02
5.148421949117850671e-01
1.341815044950046137e-02
-5.219385813900407900e-01
5.604454152368125719e-01
3.295851567779300995e-01
-6.414211880363587248e-01
1.619080761206626307e-01
4.210509409430998606e-01
4.041014915919255990e-01
9.293336095223584392e-01
2.009741918876064848e-01
-6.352809797325711383e-01
6.824740159223380287e-01
4.025245415633870172e-01
-3.539409189293274416e-01
-5.169078907384853094e-01
4.207496093258771830e-01
-2.804460509414936076e-01
1.401983549524917771e-01
3.401024546879422017e-01
6.183441413305770240e-01
2.977499127224014774e-01
6.696366534339521781e-01
-4.472013368336416050e-01
-6.045047724084722240e-01
6.359244634085119419e-01
8.695756571080641706e-01
-3.810160175953654638e-01
1.491241917291242780e-01
9.973479969809768975e-02
-1.575155447427666333e-01
1.732906333340299976e-01
-3.724719827554118790e-01
7.611670113494105328e-02
-3.290849975702331287e-01
3.548696299172009461e-01
-9.254230767583822015e-01
-5.937613020264169428e-02
8.583131253064417432e-02
-3.896130162555722087e-01
-6.820425791337696442e-01
-5.476876248276255632e-01
-5.599417268471500453e-01
3.661416147108986219e-01
-6.885073880847419892e-01
7.256958610262798093e-01
8.300036211310890533e-01
7.124731035938161039e-01
8.192505553915269134e-01
4.563995977519917369e-01
1.206483534112229167e-01
-4.421594698969411597e-01
-3.854684710038458473e-01
-3.466725306134876838e-01
4.782270617624302389e-01
-2.864510086525564464e-02
-5.069604815837704948e-01
6.696607295399290560e-01
-9.774313627424383033e-02
-5.604826637825834901e-01
-3.892850988789928746e-01
-5.024803256823255904e-01
1.701946042780998480e-01
-3.546176022025679386e-01
3.392658158258292089e-01
6.483339952657126704e-01
1.507487391020000400e-01
-2.070789503613856830e-01
3.702262999245927166e-01
-4.418538894266262340e-01
5.191296196340253744e-01
8.860434031903304808e-01
3.952181239868912677e-01
1.018826953308651639e-01
-4.657501740678511304e-01
-9.887826308857393665e-01
2.659605101815019079e-01
2.621926478382576309e-01
1.656675154475053535e-01
4.244723453164487292e-01
-1.963573981184100203e-01
8.596312841616582379e-02
4.552682297813603340e-01
5.255434838778245688e-01
9.005787032548305537e-02
-7.894915846454494401e-01
2.306099055048080881e-01
7.603793911031134223e-02
9.504271679719604737e-01
9.729442615468348876e-01
2.828318272099435843e-02
1.672956850442005317e-01
-1.389070926375467752e-01
-1.214483665712311894e-01
-5.758837202353859208e-01
-5.240160133088670458e-01
-1.528624249149093950e-01
-1.185855207707628006e-01
4.189940649147408380e-01
9.444935109215644164e-01
-1.271419984870486852e-01
3.593991210892970023e-01
3.471762082497942825e-01
-1.235234547192515658e-01
-1.337296279245552832e-01
6.716407946713196520e-01
8.503871308226895742e-01
3.735114570472715667e-01
-6.035466039107781899e-01
2.206378220515594901e-01
-3.131522356899667514e-01
-1.865161522777985803e-01
-3.813686394272434305e-02
-3.533395061825687911e-02
8.041734858972623412e-01
3.969370320891869586e-01
2.953661757579664759e-01
2.461767873531879314e-01
6.269383966227326521e-01
-9.967671607497931019e-01
2.650563515423639549e-01
3.432093796837847322e-01
6.862764505783670865e-02
5.433675516906720793e-01
-8.506758899311853694e-01
-2.939878776771736035e-01
-4.353467612803772063e-02
2.428626599225590654e-01
-8.509045347074917220e-01
-7.072999270271257410e-01
-3.460453551055345245e-01
-3.673079388240853560e-01
5.552355094878566044e-01
3.948539750015414018e-01
7.862784063258778655e-01
-4.508853656306199276e-01
-6.783088619198758273e-01
-5.406172677368676904e-01
-4.784397983479231620e-01
-2.274990801188003231e-01
5.685342110576876440e-01
-4.968684100860375728e-03
1.137386624818002012e-01
-1.876711595956269130e-01
-2.795629243074465031e-01
-4.673479170431918406e-01
9.070517936001845083e-01
-9.296659117772534398e-01
-2.255113856979291120e-01
7.272976279703848856e-01
2.442616040793960941e-01
7.362838544411899333e-01
-4.918007482253020091e-01
1.242174874854568983e-01
-8.657937294328078570e-01
-7.038025806043597399e-01
-3.983951208863851789e-01
-8.138368903352068973e-01
5.483492959797023336e-02
-1.984281724981263456e-03
5.323298415446118259e-01
-6.359256263386446895e-01
-7.397015103598710839e-01
5.494220768694813017e-01
6.948652526938928764e-01
4.256350290938397118e-01
3.713544314013030034e-02
-3.289886053935118237e-01
1.739076092943004914e-01
4.805742416593714039e-02
1.883193060781546135e-01
4.525908630027624113e-01
6.504689975868661600e-01
-3.008197991979344454e-01
5.047118350146779786e-01
1.456554481823275626e-01
-2.622749822356567617e-01
3.606349683219863822e-01
-3.702236911419368864e-02
-1.101274053821402893e-01
2.670623890691767310e-01
-5.979641227224209432e-01
-3.590545474045306884e-01
3.866108325251291222e-02
5.043471067228882943e-01
3.998396580192102312e-01
7.449891343090433993e-02
8.332116762150104661e-01
4.472641451471395246e-01
8.878542517662377787e-01
-4.784155092848321189e-01
-2.189756636958882507e-01
1.623745419918933008e-02
2.133441933425835324e-01
8.550687074884409933e-01
-9.352378518788830863e-01
6.919732871037852506e-01
2.088055004236726575e-01
9.231659887458150138e-01
5.961907491648866797e-01
-4.142456781713875213e-01
1.484214074885913115e-01
-9.287995811701562632e-01
9.404417694274893602e-01
-7.271935690906152772e-01
6.813637188640404574e-01
-8.910488349766366722e-01
2.861879742134161297e-01
1.564549073629810105e-01
-3.863372813632181546e-01
5.373333821539412192e-01
-4.109305804965984188e-01
