symmetric_mass_ratio
2.402651320646039534e-01
2.449550608021383580e-01
2.243628502214968790e-01
2.475933088749326105e-01
2.385884734150802988e-01
2.476270771901148693e-01
2.432529055269399554e-01
2.381098242334224735e-01
2.498609169615370051e-01
2.495875827915197409e-01
2.298899026979445148e-01
2.492401632488003282e-01
2.285656311696571685e-01
2.436341690165992058e-01
2.487466322546506292e-01
2.492711020690196455e-01
2.493819365255937892e-01
2.437069984151280788e-01
2.499637346180885733e-01
2.171839807810302392e-01
2.499949975439754724e-01
2.366257923948940911e-01
2.312905059151903475e-01
2.416552280389524798e-01
2.260169204617759608e-01
2.404750704183569732e-01
2.334851618555171260e-01
2.297752472329683271e-01
2.477781130937750931e-01
2.352364851494168907e-01
2.260392532985030234e-01
2.213650863470090213e-01
2.242836086334935863e-01
2.263216748211017426e-01
2.462151210167916049e-01
2.461696437854456743e-01
2.389155325661748153e-01
2.321678963895625891e-01
2.386442798891123263e-01
2.398091421127238609e-01
2.489572336907303340e-01
2.071220792081715778e-01
2.295636512615386315e-01
2.474558980847120782e-01
2.486105653703203355e-01
2.457977696600540662e-01
2.499636614833977977e-01
2.499120302394537141e-01
2.490031743415477561e-01
2.220435829388251459e-01
2.360024441872762002e-01
2.399269398725496494e-01
2.381564999439862718e-01
2.499619655751383895e-01
2.440404213186953275e-01
2.498830484342317027e-01
2.361145081600389273e-01
2.431803174357133335e-01
2.489312922496803304e-01
2.455209996631256275e-01
2.490349004091531870e-01
2.499992884710262320e-01
2.421707967994958521e-01
2.463541651951498823e-01
2.171181631876200058e-01
2.499989034989169301e-01
2.481569520738141910e-01
2.134210417913739999e-01
2.213736064756729738e-01
2.306482600904265767e-01
2.459808285210829670e-01
2.424601458935499998e-01
2.459398894732142404e-01
2.482691328448026202e-01
2.482892191941798998e-01
2.392886860853655484e-01
2.104846652034772780e-01
2.485391009334769474e-01
2.366193706381631567e-01
2.492324149825164981e-01
2.492653306917766431e-01
2.434773695859718534e-01
2.495645610462341457e-01
2.391977357968523565e-01
2.394970077397057251e-01
2.243079373527453735e-01
2.499782143676697321e-01
2.428246534206086604e-01
2.495088940386157028e-01
2.457518648521039850e-01
2.456490336954194331e-01
2.341686297830104235e-01
2.370824334446825499e-01
2.287101245745983558e-01
2.464214525107587261e-01
2.469859454797915799e-01
2.496647776345976844e-01
2.423329128675773270e-01
2.493672231997858535e-01
2.433195579103086814e-01
2.453396450130723438e-01
2.428939957948589579e-01
2.349203616046693643e-01
2.064049963727161152e-01
2.491514639437579226e-01
2.332304872205309132e-01
2.499104487791964924e-01
2.499989946128368667e-01
2.277947053892470097e-01
2.453958259386576357e-01
2.410029159917334851e-01
2.498470382105542342e-01
2.469047036564526731e-01
2.462381306355649058e-01
2.419977919709805081e-01
2.470841774409963942e-01
2.493263162500721219e-01
2.493204239222248930e-01
2.496854358618122438e-01
2.495979799772758134e-01
2.417327674069837673e-01
2.473457903942470892e-01
2.495450827319325715e-01
2.127660872919447943e-01
2.486137246349794661e-01
2.479691195545842275e-01
2.470108117489536181e-01
2.496643929433721432e-01
2.228738611096082733e-01
2.462022348921400206e-01
2.480467675420001961e-01
2.343808150455513606e-01
2.465255318749726421e-01
2.447729161809012455e-01
2.461100062383745068e-01
2.490807299876712511e-01
2.432885387390623100e-01
2.442129673494699282e-01
2.482671260642433653e-01
2.379721836183798511e-01
2.250994332339215642e-01
2.442306064913505048e-01
2.499133245223729149e-01
2.091590417750246733e-01
2.044690764108653414e-01
2.328503272225172782e-01
2.485618258457353569e-01
2.416151198330808159e-01
2.496069475432226292e-01
2.402406909165906157e-01
2.338785650021094342e-01
2.496808644596573423e-01
2.452934857756347009e-01
2.456859845667641318e-01
2.384971613685917535e-01
2.490956452682325795e-01
2.293027153598732049e-01
2.449762472810223246e-01
2.346619271056065992e-01
2.498569610367400995e-01
2.475503482019428547e-01
2.478157140600290020e-01
2.489434600175669254e-01
2.142021181786418482e-01
2.431507574155592766e-01
2.382823420767012090e-01
2.497746200801473360e-01
2.485743656227858422e-01
2.493702099340701084e-01
2.483731611790088722e-01
2.158663819973475895e-01
2.411038429186866949e-01
2.455236010661461521e-01
2.454051995729662483e-01
2.470585476175243267e-01
2.496262191413751441e-01
2.499878618773208883e-01
2.197791225453931963e-01
2.499929583052757642e-01
2.113484374850095326e-01
2.443919348259977753e-01
2.416263707055527343e-01
2.253026034050429616e-01
2.477952215974717765e-01
2.493083129037302059e-01
2.294196640439508106e-01
2.334123447181177813e-01
2.499066827066026009e-01
2.495102654668555631e-01
2.499958580391107021e-01
2.484199725669216097e-01
2.484846242008722228e-01
2.455877101366075177e-01
2.456811471157126781e-01
2.325921173886142113e-01
2.499091036210218386e-01
2.461573173274461401e-01
2.496218910319178974e-01
2.457142293274141021e-01
2.395097466959948129e-01
2.366892771073299817e-01
2.220558809090897034e-01
2.496963396446479633e-01
2.423784379086760810e-01
2.215952033020281153e-01
2.487034792602350608e-01
2.499469572955646812e-01
2.495832147886132835e-01
2.250571080046447070e-01
2.471187788806233354e-01
2.311800876007711614e-01
2.305809729125317953e-01
2.271496242680355604e-01
2.464028640916429147e-01
2.445726713443354683e-01
2.248615797072354983e-01
2.431863990266755482e-01
2.499884637891364725e-01
2.485810698997866219e-01
2.296056843459894914e-01
2.491539310362316795e-01
2.448776476175267836e-01
2.494648554574821486e-01
2.457349791353564961e-01
2.491766006560582891e-01
2.357336349219165961e-01
2.435515727642086070e-01
2.205042332819378281e-01
2.183204211072821144e-01
2.498094710079533931e-01
2.272927477260452689e-01
2.434372514928612730e-01
2.437499805366978578e-01
2.486773064188705917e-01
2.132293892656495771e-01
2.499817548504078557e-01
2.417217074627419360e-01
2.464150289078164413e-01
2.325906794930773791e-01
2.357414952800945263e-01
2.499811713110976219e-01
2.490553740670595206e-01
2.488637213968191708e-01
2.400845747236002026e-01
2.390659933742391996e-01
2.374971797951594688e-01
2.373892505231244843e-01
2.499766309698208955e-01
2.370799666896384605e-01
2.364766108615230233e-01
2.484639733462630229e-01
2.491779906779375553e-01
2.451620442169023251e-01
2.476833773908961589e-01
2.494430562282823893e-01
2.339269441017225448e-01
2.398546050178403666e-01
2.379820045947103335e-01
2.497878486883092497e-01
2.498810829688282442e-01
2.490247011707135971e-01
2.436188421378043256e-01
2.482070474054870191e-01
2.381281922762145398e-01
2.499580037880522743e-01
2.499235370114795407e-01
2.489825188400814071e-01
2.381737608778955739e-01
2.498757349532506611e-01
2.362489780786062310e-01
2.140545013857369228e-01
2.354503105645406325e-01
2.285087942903322178e-01
2.499756423263962413e-01
2.450223632587792966e-01
2.234704510068201144e-01
2.319400153084529292e-01
2.467831313511050506e-01
2.499898339823937443e-01
2.366839515951978390e-01
2.497206086809934666e-01
2.389330870500902537e-01
2.428918428493544446e-01
2.345422327354472480e-01
2.492006916584859066e-01
2.455335727940565482e-01
2.477628115858804547e-01
2.487760514675284862e-01
2.375842845739861708e-01
2.289506286755587927e-01
2.470383725390997431e-01
2.204386183156870627e-01
2.408896729952663129e-01
2.465459410795248496e-01
2.408490567327420950e-01
2.340955235081107755e-01
2.370510112347708476e-01
2.264087385598895497e-01
2.449993581338618387e-01
2.499994565887178055e-01
2.499506861597365071e-01
2.494866149981473658e-01
2.499858807838095665e-01
2.356524675241050970e-01
2.471832822367683868e-01
2.387447340815651575e-01
2.490942117908443165e-01
2.467503564880324518e-01
2.470871650781638618e-01
2.497467192378635126e-01
2.490027466181976845e-01
2.471058797647632532e-01
1.895934314851734637e-01
2.351102696970863437e-01
2.479657756158679671e-01
2.482637994433147532e-01
2.290458128286572137e-01
2.165319933994880042e-01
2.355894334759780495e-01
2.485923952496262024e-01
2.499999426474693864e-01
2.359665056262755523e-01
2.371618777139720413e-01
2.484819499582657798e-01
2.349416834619157124e-01
2.494326374564150850e-01
2.499366876843892027e-01
2.498609804586857108e-01
2.497636808255830343e-01
2.438124279148470575e-01
2.496654946744304993e-01
2.199194699707801293e-01
2.339621926057977586e-01
2.341940870334709157e-01
2.069347961516376233e-01
2.213983852744607905e-01
2.499676296962515809e-01
1.963330407951116019e-01
2.401319047399197160e-01
2.498066430717290898e-01
2.225289407978218448e-01
2.499041634606798956e-01
2.457875106184422009e-01
2.499687612388036828e-01
2.410232955620522088e-01
2.488476977450906902e-01
2.469548054924678160e-01
2.336476831914131858e-01
2.496203254317410636e-01
2.341557390863450439e-01
2.430342533668408689e-01
2.412777508277976768e-01
2.476185663081370003e-01
2.440862218076350343e-01
2.436566697005918269e-01
2.243155585633619942e-01
2.489302042045744845e-01
2.383842961466473565e-01
2.468546330733895622e-01
2.389800346345477555e-01
2.480707963427761786e-01
2.316085151776964002e-01
2.460048297098341996e-01
2.471676448183127983e-01
2.422470174238645912e-01
2.465904643296023546e-01
2.200442391318977731e-01
2.092769364958136924e-01
2.493250480078255116e-01
2.402951874499802687e-01
2.495893211022574276e-01
2.417210800289710804e-01
2.378257111420267467e-01
2.406369437254841093e-01
2.485682813175793260e-01
2.490151491581436005e-01
2.444160154281807551e-01
2.488447308337980723e-01
2.438611363266056931e-01
2.429579357248658755e-01
2.447516352594575895e-01
2.428169967832087550e-01
2.488641210003386950e-01
2.492883600221810769e-01
2.498100914037690579e-01
2.380311833744803152e-01
2.446254447682410238e-01
2.334445271842592040e-01
2.228336248772596062e-01
2.475147583986984368e-01
2.407467435574106029e-01
2.434176947798453172e-01
2.454457898093560519e-01
2.363165704700100067e-01
2.421157973088211290e-01
2.473221939265348446e-01
2.246228287450368899e-01
2.424603169418352855e-01
2.228286068467107139e-01
2.461414389061153674e-01
2.497180954152593280e-01
2.479524350799604815e-01
2.329876364119857213e-01
2.439719758041751785e-01
2.122244113073112337e-01
2.399186632882623627e-01
2.499175266170501897e-01
2.157447459463903428e-01
2.496427666997315942e-01
2.443562355981378498e-01
2.098857163873307508e-01
2.485998578053996710e-01
2.498889994399496328e-01
2.485512945909948423e-01
2.450669492734268984e-01
2.284204634139171686e-01
2.481293904110494775e-01
2.384098655772342867e-01
2.345310118397978538e-01
2.391362291178069088e-01
2.321315953175558944e-01
2.492633767605619555e-01
2.237649837170330724e-01
2.470168825452545569e-01
2.494039691504934264e-01
2.417489748677144057e-01
2.382281016603224333e-01
2.384324694311323323e-01
2.419062214508598818e-01
2.384601920084237769e-01
2.420586424004511350e-01
2.436126047546197104e-01
2.464263517279106364e-01
2.422453826906268148e-01
2.411133060292731389e-01
2.444617481184604424e-01
2.310913646401836219e-01
2.393409566741933614e-01
2.450378701201234299e-01
2.499347026007410211e-01
2.122960408205310789e-01
2.464960712463057646e-01
2.344262351303037506e-01
2.269011908405247913e-01
2.367936571245977395e-01
2.302908344419834774e-01
2.281878784651373837e-01
2.452538814530181022e-01
2.483668440377340692e-01
2.469658327838323286e-01
2.409629169301604201e-01
2.470739519106141535e-01
2.458068705072141702e-01
2.474350023726905601e-01
2.421620429063071900e-01
2.475180511611108081e-01
2.498906742186244312e-01
2.494628389235696575e-01
2.358739696076313785e-01
2.460711114711717218e-01
2.212760532273499725e-01
2.455510965093974374e-01
2.338818041216675359e-01
2.486649780441128610e-01
2.407142173281740793e-01
2.443855172065112213e-01
2.378007193469736380e-01
2.474665885691418599e-01
2.486894818723252853e-01
2.133430090285217406e-01
2.483867861190587611e-01
2.487685894704805278e-01
2.470182588098264187e-01
2.438381160456336849e-01
2.478239225283785652e-01
2.483891556807953094e-01
2.467472532592261958e-01
2.479944098827514543e-01
2.387344306035076857e-01
2.401984727594730085e-01
2.293041735140403381e-01
2.129860990772330376e-01
2.497516291346298933e-01
2.498199247101996201e-01
2.454706467330236841e-01
2.314155652442493050e-01
2.445298477999407749e-01
2.352343556746754050e-01
2.496702907011314476e-01
2.465525766101109573e-01
2.410711192499132849e-01
2.390468685115285374e-01
2.309843363988421938e-01
2.451570769322708732e-01
2.424118673518209088e-01
2.403577618121132964e-01
2.495984451138568705e-01
2.442069593990601195e-01
2.450986818898396036e-01
2.283445511274558859e-01
2.433519207822453789e-01
2.368483931115169250e-01
2.171375410806564710e-01
2.236108401792064326e-01
2.370951127050511809e-01
2.499489728926536647e-01
2.426092703427159269e-01
2.499924960912779381e-01
2.464603573291885841e-01
2.340327966360270517e-01
2.399105448247919048e-01
2.248097799241316475e-01
2.494675978419918783e-01
2.414315085187465348e-01
2.437364155154509715e-01
2.433536761825482730e-01
2.420045551341701018e-01
2.091809046857371068e-01
2.486028116017864054e-01
2.208141457912516092e-01
2.212936208502935265e-01
2.458575644224469392e-01
2.224071601748417448e-01
2.443456989660154066e-01
2.220547387569270226e-01
2.314930100878062058e-01
2.466486402461713634e-01
2.498533874651493736e-01
2.499407072336172764e-01
2.433294353501612439e-01
2.476439936657160723e-01
2.445024599389697684e-01
2.095917808837211849e-01
2.315293861166221878e-01
2.298670667002119250e-01
2.430883150843156926e-01
2.482344871129416042e-01
2.499755561052554309e-01
2.494374116028450494e-01
2.431573651036742223e-01
2.363638960576107118e-01
2.249668153801060999e-01
2.387076944732701989e-01
2.473441766426406618e-01
2.415189290109001907e-01
2.464268163847030957e-01
2.379909755548704486e-01
2.477676597331536501e-01
2.432144556331855278e-01
2.382827238610070175e-01
2.499935271277331228e-01
2.352786326271446293e-01
2.499605590641773012e-01
2.353410966480713462e-01
2.262992350991340773e-01
2.489822691670303678e-01
2.498088166553062706e-01
2.461457022650149484e-01
2.431050386044998068e-01
2.499957092048829266e-01
2.440663665475830690e-01
2.491156793133704195e-01
2.489446635646969386e-01
2.448140663876300638e-01
2.480631425611081742e-01
2.416043707061611978e-01
2.248916657109833461e-01
1.870306417734579063e-01
2.119882277450351737e-01
2.399914724651736886e-01
2.412023325097839288e-01
2.416154356882544152e-01
2.488136208484608425e-01
2.220788140655162446e-01
2.498980644475453927e-01
2.192590176009212022e-01
2.401801514384529768e-01
2.485889612776373825e-01
2.478643466860006306e-01
2.354489633632453061e-01
2.499776006139126372e-01
2.470373936987720342e-01
2.486037760647097361e-01
2.404702330157286461e-01
2.340011482251718178e-01
2.130751716003474738e-01
2.499789235590520742e-01
2.308151493664396814e-01
2.499937407949170964e-01
2.285705355273265349e-01
2.499836163909691100e-01
2.482482685830022795e-01
2.473981846752556779e-01
2.282268822563677801e-01
2.428266694086557431e-01
2.388176151147762549e-01
2.483757452081312156e-01
2.437656083236083293e-01
2.448979777885069709e-01
2.008137819427161241e-01
2.455208774023269758e-01
2.417629856215989526e-01
2.321533868866926531e-01
2.495303150274615356e-01
2.489209199791950211e-01
2.498922001887428357e-01
2.255422395845729511e-01
2.446072236695996660e-01
2.484750246661588113e-01
2.428808103835762011e-01
2.499952658539431327e-01
2.146783823097094257e-01
2.399409544012989504e-01
2.466139260484671580e-01
2.239462271281688899e-01
2.497534607993694700e-01
2.448339168155663492e-01
2.386803254436239696e-01
2.409968111830465831e-01
2.261207392687989703e-01
2.495214947453832932e-01
2.473962670982239320e-01
2.499875664249733287e-01
2.496359067096576845e-01
2.421878920652063283e-01
2.268217004912690682e-01
2.216823928844995351e-01
2.499939252346894125e-01
2.429195964134110985e-01
2.245741753965402321e-01
2.236989141488149313e-01
2.495816370533184836e-01
2.391520132509204200e-01
2.331728462779441013e-01
2.499998949579489427e-01
2.474506498277569966e-01
2.478105566786670821e-01
2.491363645136959459e-01
2.499636267563450920e-01
2.331315850897253961e-01
2.402764566613422581e-01
2.497627941508849536e-01
2.418205952485179000e-01
2.318724872355315825e-01
2.499329149896401814e-01
2.499885283758005450e-01
2.453569308433473095e-01
2.437155905361005070e-01
2.351190428362141538e-01
2.328550985478700652e-01
2.440523393046795386e-01
2.284305327908729977e-01
2.239244534227453343e-01
2.478451989160574964e-01
2.412270155538327743e-01
2.493833091996980056e-01
2.417921554070280588e-01
2.434140961676745651e-01
2.463561957822651138e-01
2.493390260347984055e-01
2.464522984233407932e-01
2.197596635813706956e-01
2.499113316802024642e-01
2.488990462729409048e-01
2.499861561942738064e-01
2.160307273551129170e-01
2.239546087930005258e-01
2.499864687997485069e-01
2.213164841692806251e-01
2.425359302890299495e-01
2.376748351353050737e-01
2.499607786794865449e-01
2.499903661782145459e-01
2.118410276713260099e-01
2.104172639299369263e-01
2.430638126814156363e-01
2.444151546533288588e-01
2.454426159304731458e-01
2.442835740399183497e-01
2.425669290752680562e-01
2.489472890574878639e-01
2.419493953231913186e-01
2.095039296835032872e-01
2.481970878591518437e-01
2.387111985806624759e-01
2.497959045611994611e-01
2.479466011356435962e-01
2.373724637044492825e-01
2.471938291461757975e-01
2.358681247401759884e-01
2.333585106246595930e-01
2.373233315578738012e-01
2.488052919347462921e-01
2.482098519970908357e-01
2.490410073016712245e-01
2.354528126095909724e-01
2.431804450332165357e-01
2.413517269137218924e-01
2.310959421437851768e-01
2.293698505454054570e-01
2.370126088800199593e-01
2.457276859327259810e-01
2.333644768551109694e-01
2.473480840550164317e-01
2.499089079714048034e-01
2.491409151352661222e-01
2.394595688765354113e-01
2.387069701523390208e-01
2.404183396355458469e-01
2.499497663957329363e-01
2.084288882789404329e-01
2.460376712259996768e-01
2.496678762118525186e-01
2.432972479715639069e-01
2.495340381455839474e-01
2.312582230052512011e-01
2.493338771807147025e-01
2.493405713916811428e-01
2.470631298951493082e-01
2.499980582349847769e-01
2.425910937806585455e-01
2.125412185659570075e-01
2.349895865989609645e-01
2.474813934665313908e-01
2.283724553067714991e-01
2.100326678687669535e-01
2.454628588897296015e-01
2.489015173613109699e-01
2.392045982235418700e-01
2.330145147509161685e-01
2.296620970032379194e-01
2.485174508956630168e-01
2.299381025696766168e-01
2.498490111300503691e-01
2.184100730002876134e-01
2.498453642860808399e-01
2.463394491656734631e-01
2.426341729489760457e-01
2.499810856822235750e-01
2.491238675021074100e-01
2.485071997079297823e-01
2.198154090522059512e-01
2.361586264938613511e-01
2.381273115564821463e-01
2.488672677574240710e-01
2.206881041376270725e-01
2.453323013793092533e-01
2.499690240755810255e-01
2.479519806797793324e-01
2.499867315792959899e-01
2.490653128896804513e-01
2.182433089741306342e-01
2.499984512618685373e-01
2.300513639464957238e-01
2.391328824941925391e-01
2.499578439847117139e-01
2.471054330424370393e-01
2.421082210543295810e-01
2.138288221262695521e-01
2.080987009259515630e-01
2.263014105713804236e-01
2.447688225850093435e-01
2.301273383003733797e-01
2.427518135263061205e-01
2.483421921650038333e-01
2.140761392748469771e-01
2.176890760608443665e-01
2.457796232014325122e-01
2.215315833773819632e-01
2.431741588259886677e-01
2.493267636308798274e-01
2.376578945236102192e-01
2.375266171028908024e-01
2.260130049276147801e-01
2.385312840939245449e-01
2.499854567857876242e-01
2.302224248360449643e-01
2.499699471629129310e-01
2.340119079528399926e-01
2.499118100341252424e-01
2.497455364382101528e-01
2.486597535246325430e-01
2.443033138959926354e-01
2.321638054020992437e-01
2.478851247014505210e-01
2.498927345432202518e-01
2.486283278377751926e-01
2.495018128235375887e-01
2.493119419244326229e-01
2.499876401470433052e-01
2.223721144334928068e-01
2.456255866145678202e-01
2.410881141740587041e-01
2.436959024613747082e-01
2.499975838121176464e-01
2.436829828351196048e-01
2.477082813533578731e-01
2.384698265353552005e-01
2.462958527209797022e-01
2.497854869482748486e-01
2.491884360676436816e-01
2.466882855753258774e-01
2.331897577301804414e-01
2.487724827021267626e-01
2.432389221126076695e-01
2.408138458099292334e-01
2.251453411172325836e-01
2.499929079943496169e-01
2.383893531204419880e-01
2.441865181875198521e-01
2.438966493721885509e-01
2.393837498960644516e-01
2.359710100570219515e-01
2.136771008385426607e-01
2.492828334927343903e-01
2.496454702445094487e-01
2.478254963388321352e-01
2.493777436686890336e-01
2.345530159285982019e-01
2.475916136543744872e-01
2.280221545533613059e-01
2.478155376948964761e-01
2.446015470275443027e-01
2.169081871286612229e-01
2.329974327006593959e-01
2.462955960980812709e-01
2.499932445462618447e-01
2.459831832222633685e-01
2.489646935881871803e-01
2.481904341457609464e-01
2.242490033371340175e-01
2.483596309656986856e-01
2.490653871406595943e-01
2.353545424442389233e-01
2.133368044029839705e-01
2.385105963882044322e-01
2.441723505087279866e-01
2.246276360790344928e-01
2.478844470553922819e-01
2.465098802240394127e-01
2.477618028595978406e-01
2.431448832777669544e-01
2.494484769677954017e-01
2.235630058416533394e-01
2.491284439624939784e-01
2.499338124744915901e-01
2.487156954550779064e-01
2.109263422316976500e-01
2.178310149486429315e-01
2.350946795294861780e-01
2.292466435594421037e-01
2.394041600962502903e-01
2.425072564942879205e-01
2.489975628177712175e-01
2.284389805492645087e-01
2.380343703296780855e-01
2.486262801118261367e-01
2.106683459938011316e-01
2.452504324587924944e-01
2.458916194242163622e-01
2.357841757697843044e-01
2.499266317061552833e-01
2.471452410854809711e-01
2.494255596373853578e-01
2.419705662841647731e-01
2.165958325926021777e-01
2.251622481428512124e-01
2.434921037432592195e-01
2.449857794105597120e-01
2.439352144885210127e-01
2.359932937442815182e-01
2.334633320519708954e-01
2.065634685330669795e-01
2.400789915625905491e-01
2.495542510639241207e-01
2.454356739289386968e-01
2.492627396360493353e-01
2.429831917066213598e-01
2.498649596371609327e-01
2.374088044021144817e-01
2.474001884322770406e-01
2.461864665351828629e-01
2.460427839756478552e-01
2.414069420547758638e-01
2.413419761516235051e-01
2.449343477186614604e-01
2.110410794519265998e-01
2.435135395490528598e-01
2.468695753832620687e-01
2.476378090743236449e-01
2.477739386887896633e-01
2.401223989038182294e-01
2.483231709213171712e-01
2.443298095181619944e-01
2.431194602030969376e-01
1.972998307919708871e-01
2.435578442347681727e-01
2.464341342351351605e-01
2.113231451258455185e-01
2.420897787779711929e-01
2.499181115851202284e-01
1.969282243634420393e-01
2.499655613557084655e-01
2.456204339119734126e-01
2.347740450662277045e-01
2.496775452355234071e-01
2.350137730109268797e-01
2.495403237675820063e-01
2.499350194774770662e-01
2.459083252281696885e-01
2.184622855958503473e-01
2.487150603075171940e-01
2.475709850136496859e-01
2.363115155801129574e-01
2.480449073950900252e-01
2.422693347542696218e-01
2.479142531087215606e-01
2.358674610524396920e-01
2.384732222381922284e-01
2.360960444618646070e-01
2.446951638595327716e-01
2.495809933884174658e-01
2.494976124239172977e-01
2.466894207721197496e-01
2.497100499467205525e-01
2.428095658831304904e-01
2.483578700295486219e-01
2.484789279985318011e-01
2.491727161438524463e-01
2.411596338497259129e-01
2.453383558712038948e-01
2.474221193377103278e-01
2.166741696015684338e-01
2.437046366102980921e-01
2.474602163094203611e-01
2.338646674565535988e-01
2.438943529807814647e-01
2.266279894524921290e-01
2.254085900030142475e-01
2.440344123851193869e-01
2.450870096869234016e-01
2.456424899481694235e-01
2.404223184228594379e-01
2.438255646586597047e-01
2.449463473162242222e-01
2.496274536682466239e-01
2.110237825512528975e-01
2.261882759007045884e-01
2.499952384133179994e-01
2.470754955523346841e-01
2.475569644213680143e-01
2.458505790160511739e-01
2.434815514843582107e-01
2.457462124412982396e-01
2.358090506697440025e-01
2.344689752763683688e-01
2.287230262071189291e-01
2.481729020630282223e-01
2.478596896082715384e-01
2.488854515652862698e-01
2.499407938149052211e-01
2.486367027251870365e-01
2.067778951655649400e-01
2.490852747231377950e-01
2.237058832539065845e-01
2.349637761169089678e-01
2.358576400452915833e-01
2.465233371648235527e-01
2.499429741421241025e-01
2.451291932385167016e-01
2.329960314686945477e-01
2.212228458976704670e-01
2.431676713515903976e-01
2.246654938704001625e-01
2.332008811286161165e-01
2.398242703082898997e-01
2.497590597217823338e-01
2.494067140751665412e-01
2.401225975814795244e-01
2.358176398678580310e-01
2.417350536492200441e-01
2.474309098354204595e-01
2.368328233929127002e-01
2.438011864223944836e-01
2.158021852195769197e-01
2.499976098314183048e-01
2.245283678177240339e-01
2.497441534733835233e-01
2.498738252613397492e-01
2.382169561656902468e-01
2.238926967338226437e-01
2.273047479044350838e-01
2.263793952549887634e-01
2.369021243880941319e-01
2.348282925109541619e-01
2.391774829837253480e-01
2.412547845283870007e-01
2.416985593094786999e-01
2.493465924227856734e-01
2.309673176942571016e-01
2.493777832657590732e-01
2.406411207937123597e-01
2.464272675255654022e-01
2.493839519187228404e-01
2.465701928290309763e-01
2.498155328806213327e-01
2.464293541823090183e-01
2.406393333203144802e-01
2.474250405955273624e-01
2.314174095029290223e-01
2.315269252269248068e-01
2.497923280469714347e-01
2.497866987591653987e-01
2.363817504680634229e-01
2.417934865677802136e-01
2.496754946226404925e-01
2.392506686767185975e-01
2.499592586451139242e-01
2.447517669592695622e-01
2.434290928271783949e-01
2.379436196956804805e-01
2.360110427735037930e-01
2.430536008658463476e-01
2.415425435497243756e-01
2.468103796721878573e-01
2.386083564720359040e-01
2.410213387018632358e-01
2.422570139219717977e-01
2.399636133650066561e-01
2.176937737119345184e-01
2.468867913544757209e-01
2.494667086175061665e-01
2.377993819176486001e-01
2.292270465920834555e-01
2.489109381424911005e-01
2.457873921340016365e-01
2.421601769405003490e-01
2.488431294341934830e-01
2.388625838380308841e-01
2.381571762204815201e-01
2.217781141739189332e-01
2.473647116200105855e-01
2.473444425330722785e-01
2.426187855874137600e-01
2.432277488590266490e-01
2.496265237163135531e-01
2.477771942717363063e-01
2.498580321479180466e-01
2.394578616134075133e-01
2.273703655593924122e-01
2.450171373777424721e-01
2.491145466933869235e-01
2.434026741949368022e-01
2.399907200982460964e-01
2.177342708891020495e-01
2.424949193205835352e-01
2.067816659346874419e-01
2.394298249504285270e-01
2.451513964557129888e-01
2.444672295942761364e-01
2.417092459405384142e-01
2.370533617390769565e-01
2.499011830323031591e-01
2.443005727212948230e-01
2.466439490563648029e-01
2.492800336080304435e-01
2.467277923254908301e-01
2.351864324051837485e-01
2.481791740303970206e-01
2.387618410582242057e-01
2.438692289342684338e-01
2.408779146091469536e-01
2.449008229924106161e-01
2.151529498234954763e-01
2.175810657043457663e-01
2.454295280183399208e-01
2.494339855218482838e-01
2.439809195494363481e-01
2.475330079376505121e-01
2.333983919914094929e-01
2.499565174928405076e-01
2.498657042210153112e-01
2.397775491643771850e-01
2.297591305124662975e-01
2.371031494689587737e-01
2.160322984037152949e-01
2.482275861461563371e-01
2.458778087156067715e-01
2.441520462117575396e-01
2.290843975457638459e-01
2.285185294755958108e-01
2.467158279152807943e-01
2.499348559206838460e-01
2.420340315404787557e-01
2.497394023483520686e-01
2.419655542068501197e-01
2.458764245404596593e-01
2.499485384360740081e-01
2.494010439619318287e-01
2.410288551269607338e-01
2.438615184961165361e-01
2.424706874140921675e-01
2.203106212620308813e-01
2.499933226093991046e-01
2.403749008315310964e-01
2.483154110755030897e-01
2.311930422168601285e-01
2.429400668239051209e-01
2.466905499521028222e-01
2.327421288139333855e-01
2.164376497606125549e-01
2.338381483127662530e-01
2.010790051769018594e-01
2.304079439373323268e-01
2.421368047993053274e-01
2.453940385907154575e-01
2.031444973528156728e-01
2.474112700550572808e-01
2.300739672583457240e-01
2.471321042169034587e-01
2.431696014417723817e-01
2.438352591040165163e-01
2.348041766037186895e-01
2.356007005086003248e-01
2.402602957124019278e-01
2.451331311448551598e-01
2.484701470434237391e-01
2.499365459965741665e-01
2.435520119233365310e-01
2.442684537169788339e-01
2.475172650964017895e-01
2.405986591081597237e-01
2.498698364309515363e-01
2.294390813872529966e-01
2.389379961237303729e-01
2.357621454255676985e-01
2.354754245566949844e-01
2.180623210170999915e-01
2.434180401126259941e-01
2.461180001792795113e-01
2.470870811199833150e-01
2.491177348746747011e-01
2.474195647534054576e-01
2.341482614648703053e-01
2.414845745913321851e-01
2.453551179597980303e-01
2.251579932052842903e-01
2.332805042603275369e-01
2.496515369574490995e-01
2.455370797601890975e-01
2.492803079981316117e-01
2.434887750897502812e-01
2.498908235903714581e-01
2.463897974949379455e-01
2.498538514067877581e-01
2.399436710478433654e-01
2.499638343139193863e-01
2.365124248250728423e-01
2.485103026344470112e-01
2.499976052320073971e-01
2.310383341139803648e-01
2.425273532720358116e-01
2.216820987790562858e-01
2.427309972064858046e-01
2.376315675086077828e-01
2.468343483540309524e-01
2.297444439813984551e-01
2.493695614799450733e-01
2.288184510548530448e-01
2.473000342882819280e-01
2.231799260672235330e-01
2.458429841007929439e-01
2.426051975465849386e-01
2.470338971524810578e-01
2.260703512815017135e-01
2.498147474819941427e-01
2.406428642473931179e-01
2.463752770624991761e-01
2.345857128912277878e-01
2.325301454879860619e-01
2.494816774564595774e-01
2.290599558240147271e-01
2.486829004689413425e-01
2.298429565770096217e-01
2.476243664883200912e-01
2.338588208311817018e-01
2.447525774029842838e-01
2.450602219699324624e-01
2.477778469964680153e-01
2.498924155960054738e-01
2.495776570976283304e-01
2.389007893779737379e-01
2.392390999006188956e-01
2.478600460715144338e-01
2.294942133685564933e-01
2.440946992206418087e-01
2.495345013108298537e-01
2.481261499050811670e-01
2.321420597321685320e-01
2.469012851080562010e-01
2.401330358531140463e-01
2.423115993655454992e-01
2.355321755274498163e-01
2.495614387357741326e-01
2.380086199203761688e-01
2.452835841425442809e-01
2.486211794593257418e-01
2.386432921118911699e-01
2.333573615566388870e-01
2.484068047041797511e-01
2.480297644108681032e-01
2.281464290603152090e-01
2.294567900208131228e-01
2.430544047248125450e-01
2.497527639575287395e-01
2.173773624895066758e-01
2.338074118297712445e-01
2.362478612458014660e-01
2.227573853371695722e-01
2.486236628028583862e-01
2.430281677557692421e-01
2.318022320923898705e-01
2.273625156097227595e-01
2.492313251303807653e-01
2.422361252857650471e-01
2.282826115740664852e-01
2.372414103498287352e-01
2.394028856623124923e-01
2.436564457539807660e-01
2.495057240204522631e-01
2.238909613553232703e-01
1.939705315953980103e-01
2.493889368350023783e-01
2.488483098673990035e-01
2.331748697223576250e-01
2.353212839579677529e-01
2.499436629469822257e-01
2.498213868345013633e-01
2.496179095585184526e-01
2.498987168027157757e-01
2.499733826971414774e-01
2.253183990370473400e-01
2.466063462292114317e-01
2.449123827867519809e-01
2.065153944384173212e-01
2.406816659247774937e-01
2.497408602943833045e-01
2.189966249410200405e-01
2.498437860605430272e-01
2.313318790975691930e-01
2.466366984207554736e-01
2.469097227370197212e-01
2.493357183889927942e-01
2.459764424609666988e-01
1.957520697637049334e-01
2.467477755291829222e-01
2.427633376852943448e-01
2.215794565748845646e-01
2.497847037398305825e-01
2.490328499402217899e-01
2.289028735254691194e-01
2.290747458547650328e-01
2.489904535935474617e-01
2.459843477084166508e-01
2.451024464899536626e-01
2.459986334391540408e-01
2.239267877390080930e-01
2.224754788615773970e-01
2.477844931712204768e-01
2.347041245195365389e-01
2.499998582970262007e-01
2.405526527865849973e-01
2.299302442631601107e-01
2.452022565111962593e-01
2.270054994677132565e-01
2.438537868386101704e-01
2.495813285239309731e-01
2.448012765958153536e-01
2.489759365066872843e-01
2.493006182444862662e-01
2.499436169097878635e-01
2.497398254072615009e-01
2.193129167417271763e-01
2.385334382296708799e-01
2.455569118924779415e-01
2.257027569449053250e-01
2.391361705921219438e-01
2.213252340230573989e-01
2.453420001091387859e-01
2.309336856991315856e-01
2.227198834323559085e-01
2.468017279468554259e-01
2.305890270229220274e-01
2.490461962060857015e-01
2.437669415195063416e-01
2.458530259981849819e-01
2.497207652439586978e-01
2.440325360107085118e-01
2.113674553321853444e-01
2.393776993118999497e-01
2.319719560313610873e-01
2.453042700157951617e-01
2.350068022567347870e-01
2.379763708932350619e-01
2.422225763005400323e-01
2.440573827892559833e-01
2.302106859972116448e-01
2.499766889874757703e-01
2.410212911392644319e-01
2.482278228831300559e-01
2.484540702047192962e-01
2.457778420357426830e-01
2.380599764646814109e-01
2.499775820127663195e-01
2.499940884398467733e-01
2.291302869995819058e-01
2.323575152954924783e-01
2.296653190840631520e-01
2.496689838200299993e-01
2.481922644716131887e-01
2.316762340306162682e-01
2.425980375274702783e-01
2.441738672943103428e-01
2.460202302837093125e-01
2.499794917607362499e-01
2.238451314906811651e-01
2.464322338473875218e-01
2.453394993720321438e-01
2.477996942811599157e-01
2.481843531346418219e-01
2.471689638408401390e-01
2.465530136131312555e-01
2.398993036939505163e-01
2.430437576281208600e-01
2.359334722510512961e-01
2.499920912351634439e-01
1.926363726970798940e-01
2.489158764593360218e-01
2.490781817464183812e-01
2.406507014696247782e-01
2.317616700601939361e-01
2.410413752644065544e-01
2.293704045401285530e-01
2.443829918927906963e-01
2.198850497627197753e-01
2.355230616400427190e-01
2.266024020891796442e-01
2.232594201972984138e-01
2.283916388140314613e-01
2.499980598812779897e-01
2.371238570382299959e-01
2.431673253686450209e-01
2.372902040481803532e-01
2.457363040434767665e-01
2.496236850329526802e-01
2.499429683155928450e-01
2.498309859392081334e-01
2.494723778025785266e-01
2.465311283834458189e-01
2.495543233338979872e-01
2.465459930996304894e-01
2.487192873928769921e-01
2.222191353774803091e-01
2.207980047279859415e-01
2.471785569141947692e-01
2.451374701150763058e-01
2.434330987146099412e-01
2.499059706853404839e-01
2.477156233169950650e-01
2.397004925085648441e-01
2.451294957707093325e-01
2.408819778828249214e-01
2.456379745441549800e-01
2.464082881088159871e-01
2.485087399035607880e-01
2.469177852745972346e-01
2.495055282482359638e-01
2.499896948460424706e-01
2.444883110373925195e-01
2.307118198936770892e-01
2.467390265323492482e-01
2.322357526110608583e-01
2.491751029488563085e-01
2.499725325659676867e-01
2.357152632697931127e-01
2.498310844786141571e-01
2.428615435052352278e-01
2.493923665314642657e-01
2.484960967582519886e-01
2.474310988510325660e-01
2.495920407425842868e-01
2.229621614350826564e-01
2.272752332803319730e-01
2.344244535089577419e-01
2.494910314641946569e-01
2.382105315989854755e-01
2.496650925821390643e-01
2.337354025917255107e-01
2.499971757554694529e-01
2.458667606262508465e-01
2.485413636197920939e-01
2.277388305604856333e-01
2.440972788328973353e-01
2.464191256468820923e-01
2.499023352247444485e-01
2.493927193154260313e-01
2.363950767646427475e-01
2.484727380268259289e-01
2.248104860997297283e-01
2.315498362674079103e-01
2.243655785206671860e-01
2.496300269671923033e-01
2.397866783918347067e-01
2.293147987164328716e-01
2.449250730504594353e-01
2.305389827806780256e-01
2.217639456002385157e-01
2.483709267265004905e-01
2.499939945060345170e-01
2.449419655520248262e-01
2.488600807347197963e-01
2.499906942994920556e-01
2.410003022728982036e-01
2.498970847017120689e-01
2.498918983547932793e-01
2.471482377696448685e-01
2.450010422348494199e-01
2.430639951596844095e-01
2.389906679783095622e-01
2.272950887497781070e-01
2.145012320371108561e-01
2.383086533189784639e-01
2.494080788012960903e-01
2.447766729655330986e-01
2.498744216476399549e-01
2.219281843469089188e-01
2.437771920756532096e-01
2.414368162488210734e-01
2.404273571812610144e-01
2.497967475844245777e-01
2.320617174175307607e-01
2.221878539380898465e-01
2.482479626277274420e-01
2.445560378360510656e-01
2.240747090493755422e-01
2.496143282881957137e-01
2.499041633932257700e-01
2.371076533208975601e-01
2.466463204116660923e-01
2.469308031748859988e-01
2.467171341883895308e-01
2.497828569970348134e-01
2.477200042996114127e-01
2.347519010292709318e-01
2.409490537388833675e-01
2.498334389328166483e-01
2.073827432764314138e-01
2.465180014387655660e-01
2.384548236751173889e-01
2.445800643514816353e-01
2.459898081237371636e-01
2.405667869251877922e-01
2.460825300560445239e-01
1.974336206754676026e-01
2.486898748596092501e-01
2.495990988102779473e-01
2.477299866825951047e-01
2.484536814184612752e-01
2.446001934848862913e-01
2.470905537806936392e-01
2.372926638476917649e-01
2.431099529260642156e-01
2.461004614340485397e-01
2.427510298604900474e-01
2.484695846167978284e-01
2.443930656428572046e-01
2.470418698096589483e-01
2.499848997465139999e-01
2.484292054216393486e-01
2.408273843247614454e-01
2.490291191526856629e-01
2.430087189880117682e-01
2.411063613294852914e-01
2.314113779918037239e-01
2.309387366316992540e-01
2.492396118970476582e-01
2.427573053523239821e-01
2.251100218045869183e-01
2.498769217547849308e-01
2.246635960268744958e-01
2.462882871383529626e-01
2.422552795634997369e-01
2.497919336629767506e-01
2.219145291520950303e-01
2.277847246985452989e-01
2.475811904549054254e-01
2.264167362590813470e-01
2.231953200642853852e-01
2.437201628191675018e-01
2.469684784645487519e-01
2.499662536076096286e-01
2.424831840300269714e-01
2.345729241928089792e-01
2.496220926974158094e-01
2.418986079604314166e-01
2.498529640430929288e-01
2.313382361190920167e-01
2.493851797422459715e-01
2.172611929810225329e-01
2.489248865987283565e-01
2.236582401400572517e-01
2.286037533972641034e-01
2.495423577411282900e-01
2.474940703379244211e-01
2.361851112435704170e-01
2.234497947372498239e-01
2.380467086771662633e-01
2.248503279589596227e-01
2.345537735132222912e-01
2.459607679802388869e-01
2.432431485622995049e-01
2.290006512785141835e-01
2.490093035350326445e-01
2.478838467002005552e-01
2.489720608972952332e-01
2.475546733651137754e-01
2.499796103510061041e-01
2.362178669364501105e-01
2.492984226147072213e-01
2.489140236457330069e-01
2.494870223226176298e-01
2.356070748515635693e-01
2.175657860732394255e-01
2.481369104110527080e-01
2.458070171492670597e-01
2.388880023299131128e-01
1.998410149479438458e-01
2.472452507852540837e-01
2.486826672968950047e-01
2.495936217683222269e-01
2.498894353614361796e-01
2.374193707971704592e-01
2.472146442362187779e-01
2.499782665698641049e-01
2.499670571390943952e-01
2.369448501865658308e-01
2.332407534294623774e-01
2.411759487822156267e-01
2.481698047309059685e-01
2.356521318795648523e-01
2.393051751882034894e-01
2.499835575174240709e-01
2.478804857628537361e-01
2.498286282226013233e-01
2.376954699929271497e-01
2.384323052365644735e-01
2.467622460384570338e-01
2.488358176621732754e-01
2.499769261972116519e-01
2.413473852565651279e-01
2.494861853378796401e-01
2.360291868511366353e-01
2.486359334722343106e-01
2.499999355476210383e-01
2.477260853926673556e-01
2.488352296830608767e-01
2.493764931351269420e-01
2.339755469713200864e-01
2.469708507693562649e-01
2.224263308573283804e-01
2.317996966186835761e-01
2.456075514705861884e-01
2.444528495838396986e-01
2.093460145114116877e-01
2.370060730110240266e-01
2.446394596242887631e-01
2.145621675783675186e-01
2.440078083245594553e-01
2.261966257991679108e-01
2.362587004828045623e-01
2.169350727686549796e-01
2.214696572443169698e-01
2.488217535059175645e-01
2.169475793851143863e-01
2.441761693737602712e-01
2.014565219196150225e-01
2.392677440786162846e-01
2.463218959021375165e-01
2.390050843479953058e-01
2.381545314419713233e-01
2.098993906585813474e-01
2.493950869636290257e-01
2.431955940985400522e-01
2.356894501874940984e-01
2.499872826450436625e-01
2.338335782579120947e-01
2.460481985803282534e-01
2.418314012545028369e-01
2.480402448861293019e-01
2.305903879371024312e-01
2.315535187377474324e-01
2.487687196223332398e-01
2.474652424437759346e-01
2.495620524690441155e-01
2.395660675183916843e-01
2.434211440934606063e-01
2.499756925941428176e-01
2.491509247447014352e-01
2.456573961479676105e-01
2.352743630350944415e-01
2.499091073146695596e-01
2.333425077754389676e-01
2.378579982105032686e-01
2.289759291258080254e-01
2.138715988321285844e-01
2.498932798174408887e-01
2.280574652154679360e-01
2.455826256833006094e-01
2.455359365386438619e-01
2.313662923330345178e-01
2.377492798637086679e-01
2.467109423353769371e-01
2.381807250601293557e-01
2.353998969434570598e-01
2.339433693224101662e-01
2.485416704450924830e-01
2.360758729087701624e-01
2.387290980213888636e-01
2.251470895299703956e-01
2.078295996248930855e-01
2.267396106809939083e-01
2.498352909335910255e-01
2.389265092326795514e-01
2.397741849864077623e-01
2.499998527345002886e-01
2.373304326359372274e-01
2.430888957700761133e-01
2.480330243978609850e-01
2.474531218087116791e-01
2.287572162656690555e-01
2.477431979122253214e-01
2.334334762210309999e-01
2.356510084383753034e-01
2.345613314895224066e-01
2.394355649500607697e-01
2.300997387690358054e-01
2.343863234919364158e-01
2.442482554572264764e-01
2.458175040957175095e-01
2.496091503101928732e-01
2.375810044864057335e-01
2.480427254904555845e-01
2.499957477008343532e-01
2.496464843280305212e-01
2.130782949285028594e-01
2.283325178894857199e-01
2.133471285255463534e-01
2.369786379414164090e-01
2.499288339448161034e-01
2.195283256725278909e-01
2.350135603901076786e-01
2.438070598960189739e-01
2.492150777609077328e-01
2.495350353565878032e-01
2.462130284261849766e-01
2.183679737174965274e-01
2.407729966858675741e-01
2.388510429948846880e-01
2.472227519056267586e-01
2.441243664556660975e-01
2.411567545357719278e-01
2.421728273331645032e-01
2.403458607975756944e-01
2.449501969622103204e-01
2.494623516035051891e-01
2.456742329319680784e-01
2.205160238039274301e-01
2.263309815965143523e-01
2.121632858018862311e-01
2.374691469100143615e-01
2.440692049745152026e-01
2.472800993502627387e-01
2.496048022991446125e-01
2.448770596972687785e-01
2.499401717136700285e-01
2.485892809264034498e-01
2.227482287309246745e-01
2.487838111648160155e-01
2.476030459513825499e-01
2.498768118453172093e-01
2.485631089510427216e-01
2.499962569803104440e-01
2.191339060100770120e-01
2.463373846570537096e-01
2.478491321641206058e-01
2.239975468153947435e-01
2.073537358391610297e-01
2.390792404423705830e-01
2.453550170537315833e-01
2.380080480629082895e-01
2.201796532252899841e-01
2.187724969705553690e-01
2.401085434057529111e-01
2.210056983110565698e-01
2.455098680089328189e-01
2.419944569443770732e-01
2.343693588830416674e-01
2.461963005916980585e-01
2.288223028780199675e-01
2.481565018764168296e-01
2.370334009242162088e-01
2.497601294539889827e-01
2.299350770751855122e-01
2.254292784661580396e-01
2.349690231523116901e-01
2.443132254325307007e-01
2.303524417360188481e-01
2.493168739797199662e-01
2.499657272730604896e-01
2.423156967670499484e-01
2.470551914214657030e-01
2.438278994376969766e-01
2.495819226316579043e-01
2.497051594628319493e-01
2.451417195000588911e-01
2.497817521108999239e-01
2.397905514549479866e-01
2.460081966818226107e-01
2.420186571145382382e-01
2.326831715837784365e-01
2.400801924551966837e-01
2.425431129395210217e-01
2.484278315359514933e-01
2.499900448606001691e-01
2.499930082701933010e-01
2.344403996840362103e-01
2.488167830295113792e-01
2.419848664355514212e-01
2.353659416485450184e-01
2.479199038352848383e-01
2.499033582660441510e-01
2.437612797105177531e-01
2.446518261584245957e-01
2.394127298882581523e-01
2.492881710439008025e-01
2.499969975612017503e-01
2.284143154088828231e-01
2.433425149089093742e-01
2.499905891975939543e-01
2.301409316091059531e-01
2.254557779133312956e-01
2.405701649293279232e-01
2.296102638001503993e-01
2.456797467385596900e-01
2.105021822066145409e-01
2.483454119887465450e-01
2.475147714462811177e-01
2.475137817495399462e-01
2.499516055333065589e-01
2.499993633075119626e-01
2.294859573327386326e-01
2.492010476616234871e-01
2.452622182034984444e-01
2.466377498844465055e-01
1.998191238166349137e-01
2.359508616655663915e-01
2.499168795239500585e-01
2.437704868311981743e-01
2.411071529063010255e-01
2.394609239928395528e-01
2.317246104481899549e-01
2.428919140455015058e-01
2.484856495720352276e-01
2.453630000930804300e-01
2.499360102960812569e-01
2.456938060815049008e-01
2.183032544887536508e-01
2.173911232595660270e-01
2.466135202564161411e-01
2.486450852548132140e-01
2.216089283494443174e-01
2.346748443535844886e-01
2.463768138259139762e-01
2.499977196065989449e-01
2.490542684445860855e-01
2.466792509288843194e-01
2.489775363656286100e-01
2.386031178992235047e-01
2.320485126560194733e-01
2.173502750419051277e-01
2.483862244233576710e-01
2.492604902170827419e-01
1.946054373647243263e-01
2.498625564973153967e-01
2.453879749908342289e-01
2.241029550975964790e-01
2.492495252280954032e-01
2.468569761777308080e-01
2.478973862907561110e-01
2.468456690222210204e-01
2.411692325028062245e-01
2.487430242210056930e-01
2.201040377292636241e-01
2.327465185947562576e-01
2.199059809553233213e-01
2.157796145723963332e-01
2.495160083799823625e-01
2.373608183890688617e-01
2.467450393763836181e-01
2.499584151589598902e-01
2.443761009850220489e-01
2.390648010356155595e-01
2.481097116957979298e-01
2.482754010604953931e-01
2.415033099577831022e-01
2.381218953674018590e-01
2.326575347127951277e-01
2.498822764279169384e-01
2.264584015953121365e-01
2.373983230097681252e-01
2.419701860975997931e-01
2.491140301885546582e-01
2.359124738566620583e-01
2.495472534590013891e-01
2.485133176650232978e-01
2.498466731980154842e-01
2.346924635398230097e-01
2.455846061461322005e-01
2.267920628158887619e-01
2.351055223535066241e-01
2.480234607164980287e-01
2.465371085235834314e-01
2.452704206634186979e-01
2.471729205056615863e-01
2.158683762083301316e-01
2.199505141894445015e-01
2.396839335463518961e-01
2.494094561356761108e-01
2.490717194911055421e-01
2.342796654495014064e-01
2.327228070603607479e-01
2.492121231378549850e-01
2.473634842527242250e-01
2.495422729102687587e-01
2.475031825524526274e-01
2.482986419438450165e-01
2.489090448571757153e-01
2.478750752829649850e-01
2.444654619836168219e-01
2.473523508894488743e-01
2.459056103746289079e-01
2.436344797338424739e-01
2.475760682480267483e-01
2.495852668335624969e-01
2.461956911038724605e-01
2.499207052882148616e-01
2.432542040589976140e-01
2.477744822654878165e-01
2.423597976672307586e-01
2.394679403228293646e-01
2.439903848850908108e-01
2.201187889274058285e-01
2.336828314200272427e-01
2.260312129719039831e-01
2.356779565950254673e-01
2.410581915353927074e-01
2.462016713487806541e-01
2.347617822641966667e-01
2.498813394664657073e-01
2.430505980689250112e-01
1.959278475147343268e-01
2.389652119577546918e-01
2.422764472666946167e-01
2.464159762389489805e-01
2.141454881011818634e-01
2.495865283127890744e-01
2.283307087626730847e-01
2.169209690073383157e-01
2.377080373316703688e-01
2.342602359845019910e-01
2.276001878618302832e-01
2.496145006062170657e-01
2.380781952099556564e-01
2.313254118598076225e-01
2.354491508799381183e-01
2.496868700010446140e-01
2.481206723304270889e-01
2.494339711849567209e-01
2.262983994958084888e-01
2.456884466896242236e-01
2.443756634844721498e-01
2.289255347762682857e-01
2.494902899899984761e-01
2.321358539031785628e-01
2.454060696655470108e-01
2.348864360190868472e-01
2.476984552770576387e-01
2.498519919172992598e-01
2.220082905988042810e-01
2.338775718833017991e-01
2.415730834712584429e-01
2.497719444921625009e-01
2.044677928307425396e-01
2.494109612126565456e-01
2.218105739790821040e-01
2.458709193045529873e-01
2.497793756987442548e-01
2.420408546992224852e-01
2.499482528445581830e-01
2.496888018595004588e-01
2.263395145061748992e-01
2.458822312701071933e-01
2.335296983417472771e-01
2.426905367545824921e-01
2.377228665729836099e-01
2.470096525048531555e-01
2.494644431648059824e-01
2.336851775647628415e-01
2.369737468408353864e-01
2.483528230310010354e-01
2.145255469263092629e-01
2.496708819453884176e-01
2.444055689497996731e-01
2.492335359887048463e-01
2.411292962108225746e-01
2.393161462044043064e-01
2.459965732226087887e-01
2.391398171466718181e-01
2.451294096526254462e-01
2.398285706692618313e-01
2.489799554332093046e-01
2.375588331684186927e-01
2.491712255036627466e-01
2.276714966137540208e-01
2.384244923092963264e-01
2.428511736727343717e-01
2.465199348749165242e-01
2.499666583803858699e-01
2.384798195502660090e-01
2.389408225877001357e-01
2.446893005542886412e-01
2.378906470106765536e-01
2.452789189195114239e-01
2.474241274703490312e-01
2.499526812730568370e-01
2.496540428531145162e-01
2.466909146278445097e-01
2.495215822994769350e-01
2.497378435910022620e-01
2.470208589573011371e-01
2.390868307451113062e-01
2.483160039234582062e-01
2.499594899499648359e-01
2.462441258748960804e-01
2.157347543147565549e-01
2.474352530380629633e-01
2.452410573351927470e-01
2.499941293584742319e-01
2.195779268859568700e-01
2.246279505253998554e-01
2.398481293983629192e-01
2.497272359993341351e-01
2.494368011154892983e-01
2.361078613475294241e-01
2.470782211853375654e-01
2.455603779713969315e-01
2.446626127798570416e-01
2.496626578830245524e-01
2.481562902484407696e-01
2.192332000188401686e-01
2.393011475887186768e-01
2.499243026141699520e-01
2.255179918312922860e-01
2.419293167430308922e-01
2.495076286404011301e-01
2.186286567953865390e-01
2.496833330540427776e-01
2.420452897637473955e-01
2.466120644397556128e-01
2.493799144165428083e-01
2.304493731916573973e-01
2.400605166430861415e-01
2.405236300772674585e-01
2.222188021928583890e-01
2.497279887417823419e-01
2.458384684616592430e-01
2.237405878393124714e-01
2.373162165997295958e-01
2.331687393161437916e-01
2.395418524546259198e-01
2.426157482099279006e-01
2.451151082268664405e-01
2.332662735240395302e-01
2.063350002947823281e-01
2.481804640332795631e-01
2.499975120201171630e-01
2.453438166331862180e-01
2.478410163009705791e-01
2.238786598635390812e-01
2.465451015322925599e-01
2.354953146617537185e-01
2.471253845098832502e-01
2.486060152391148526e-01
2.432878178686351534e-01
2.499643833898083645e-01
2.479007404411673055e-01
2.422892299003429062e-01
2.440582364052951703e-01
2.342258934328760589e-01
2.141026527117265987e-01
2.446380402352323902e-01
2.435646652488157871e-01
2.326232603033712987e-01
2.487263724108296215e-01
2.485502370573346997e-01
2.368295011726866683e-01
2.273422747800908361e-01
2.270345313006395804e-01
2.487454306166601847e-01
2.463105811572129933e-01
2.458439295103091726e-01
1.943584046525772546e-01
2.214988797024669553e-01
2.492753765199254568e-01
2.284001412783131235e-01
2.343520752736730217e-01
2.499918155829881916e-01
2.499096695758865339e-01
2.499095031511668341e-01
2.412808830383388892e-01
2.492565473301235068e-01
2.498031867210349644e-01
2.499101429537169405e-01
1.998508755834013384e-01
2.434929883880809220e-01
2.339611822817116993e-01
2.426110630931556655e-01
2.499553433875143504e-01
2.488529826280335144e-01
2.408453736651197385e-01
2.429818115474703943e-01
2.238674245771328231e-01
2.466829548853256282e-01
2.484569312323459678e-01
2.455182368755641498e-01
2.462377020034255681e-01
2.225549949494385893e-01
2.394249970652633785e-01
2.466986804976567249e-01
2.496966624954069791e-01
2.442176764543352585e-01
2.204291006909909756e-01
2.495915825887771444e-01
2.499835416188871118e-01
2.086342793280176466e-01
2.483210489295145096e-01
2.365625686686745888e-01
2.386467204019935839e-01
2.459543609198300840e-01
2.494987314119182786e-01
2.480183734773989401e-01
2.496978572554214293e-01
2.395259858885118998e-01
2.464376515656432343e-01
2.438826653087649843e-01
2.491170758471040192e-01
2.498876070605716981e-01
2.146944705605905446e-01
2.472943543198281302e-01
2.434248248466851228e-01
2.464381769565534841e-01
2.491592554163455930e-01
2.497153822164759340e-01
2.313514418880286139e-01
2.405446326848697525e-01
2.120798712236124373e-01
2.467013010100831405e-01
2.450741616531649236e-01
2.495043030112319427e-01
2.491054340787520471e-01
2.317588999413748296e-01
2.481301508371109299e-01
2.242275392997472305e-01
2.497010248528278853e-01
2.486865282944109301e-01
2.480145866029936086e-01
2.499249635642463163e-01
2.462618872993079522e-01
2.496676849715985247e-01
2.418089877039528990e-01
2.472275110069224735e-01
2.499735823685047265e-01
2.379688502147041529e-01
2.499713082466195335e-01
2.307681481760313347e-01
2.431775290826289349e-01
2.433233739859730349e-01
2.351979402764914351e-01
2.413090138487462566e-01
2.414600715357900496e-01
2.426867165060649367e-01
2.286671074278921190e-01
2.148692791945303326e-01
2.479823092809055607e-01
2.297028449209891909e-01
2.490127427769247281e-01
1.877628724492808598e-01
2.324339418746862174e-01
2.469424483031621986e-01
2.443037826586659800e-01
2.494623862089458410e-01
2.467221974424779196e-01
2.470443808246897688e-01
2.459949132046269082e-01
2.325879733348560074e-01
2.333389457072370665e-01
2.478723353976782229e-01
2.384031781227367031e-01
2.498447054102964360e-01
2.490464955158110394e-01
2.492047502040176110e-01
2.498460419852636949e-01
2.460546081641258320e-01
2.395827305108401140e-01
2.499991182007675616e-01
2.255206677998728704e-01
2.499314776795354964e-01
2.462577638832435800e-01
2.471610769236293748e-01
2.499618485233507936e-01
2.494939801140795832e-01
2.445999154453362134e-01
2.468536793987138045e-01
2.377141084149384798e-01
2.352179734389640287e-01
2.497240248655507311e-01
2.453193019705759426e-01
2.487811692171460476e-01
2.367729401332510086e-01
2.149375590674618142e-01
2.185674261537523533e-01
2.331830221654947743e-01
2.368069574556168067e-01
2.499836329651654032e-01
2.340031184251553376e-01
2.492090670149111342e-01
2.267734123280237823e-01
2.462678369367842235e-01
2.488613278227114478e-01
2.389996463952826222e-01
2.400490892128011311e-01
2.460227898007316116e-01
2.459999745461262655e-01
2.420453586493536979e-01
2.372659916152907444e-01
2.293769115883363963e-01
2.404246291672337554e-01
2.450111125319336947e-01
2.488861013374093489e-01
2.493401249532420649e-01
2.467056775423747683e-01
2.458264145378011023e-01
1.891887037953464135e-01
2.492787820661109266e-01
2.445299333678069287e-01
2.481316045300520079e-01
2.363889308528030198e-01
2.376258552604079699e-01
2.388316594575201623e-01
2.324582093365790691e-01
2.028488711560204605e-01
2.259303333399718117e-01
2.467747220229847271e-01
2.449045950205112343e-01
2.346979707053785391e-01
2.307697817285926378e-01
2.239440455855816470e-01
2.294633965866384739e-01
2.354061789675678251e-01
2.499483062291701918e-01
2.498632208745515115e-01
2.472604528691395853e-01
2.499635620483671716e-01
2.488350589925547862e-01
2.482608933473891555e-01
2.496284277962841913e-01
2.488332716584911453e-01
2.428713923307190825e-01
2.499435688662794697e-01
2.495420519307942064e-01
2.460368727538378153e-01
2.485858636974465630e-01
2.484605089094841512e-01
2.445305279381476959e-01
2.496585669555881071e-01
2.028285239037459498e-01
2.422427192454863487e-01
2.456306878598059629e-01
2.305119367028149735e-01
2.382773232064360480e-01
2.471546255040988904e-01
2.379375693684173398e-01
2.423982202811024722e-01
2.459088226962830859e-01
2.416065365904110918e-01
2.498868989832242482e-01
2.489240487905106936e-01
2.451057544275025424e-01
2.498762324548465530e-01
2.496449558774933575e-01
2.473299361316333156e-01
2.281790867082300611e-01
2.170253692298061143e-01
2.160868706080258661e-01
2.498092277548756845e-01
2.394480539541654351e-01
2.439611189710862438e-01
2.464735678842359390e-01
2.440283602183306588e-01
2.409810363239159037e-01
2.165299191177334215e-01
2.494769945592263671e-01
2.071989563049910221e-01
2.417203858772981884e-01
2.402125732324122687e-01
2.334163991361782597e-01
2.492463461457494478e-01
2.307704249000306629e-01
2.363089014171452784e-01
2.374863869158438945e-01
2.464336264045086378e-01
2.268553635098575216e-01
2.477856658978482285e-01
2.413548552327552665e-01
2.486058603946271761e-01
2.425627170543249722e-01
2.498177155920075776e-01
2.460129092349862823e-01
2.498821619999982702e-01
2.138131048407797274e-01
2.441830027515380641e-01
1.994609703952079371e-01
2.292298069447145648e-01
2.441794147605944321e-01
2.494611368677329966e-01
2.446138471319538876e-01
2.467293697894930860e-01
2.446292487339626065e-01
2.434239199669017972e-01
2.435719273471239898e-01
2.467418913513388379e-01
2.496312732422666381e-01
2.466501121218571402e-01
2.321622616473235923e-01
2.459250751351187980e-01
2.401684651814340876e-01
2.470380580641813040e-01
2.409950846498079557e-01
2.458536125372388914e-01
2.264017495601295393e-01
2.495105726572958704e-01
2.384645936349983897e-01
2.434729576565682063e-01
2.374834502815379167e-01
2.489023420358770222e-01
2.322533262285477740e-01
2.409413533348649383e-01
2.495620943040838535e-01
2.494568917001136199e-01
2.404402018752200831e-01
2.416334045074811920e-01
2.148971016793384536e-01
2.491999640906778779e-01
2.485509608349391886e-01
2.478692669364874479e-01
2.480116331079234848e-01
2.430358509857238614e-01
2.241666857592622963e-01
2.205075182144362322e-01
2.484370347153082303e-01
2.434704167958943177e-01
2.465867447512608557e-01
2.228884489106998656e-01
2.423004628080353273e-01
2.360955429245087944e-01
2.462125166657426478e-01
2.441410264465363189e-01
2.323707396183294083e-01
2.482506623833423687e-01
2.435861495090371198e-01
2.494032515583149701e-01
2.341342201126838662e-01
2.468565888176082745e-01
2.487885854832827259e-01
2.492872265282967403e-01
2.471325948753163304e-01
2.381191813058547713e-01
2.338582328462768811e-01
2.389689704274536308e-01
2.497834450054124134e-01
2.474975990916504220e-01
2.447809854244946959e-01
2.499979683891261073e-01
2.419705387789719830e-01
2.463077965823983750e-01
2.455611013668106413e-01
2.455385896078434993e-01
2.397115247652998604e-01
2.407789144998571385e-01
2.478638070070464661e-01
2.493708245730149875e-01
2.485950463417335998e-01
2.497082360904660236e-01
2.458431347605797013e-01
2.463238811973320896e-01
2.413043305531289429e-01
2.466366119784783317e-01
2.426706003916508647e-01
2.295608303593703881e-01
2.491339350914110462e-01
2.425115489448821937e-01
2.142169449259929692e-01
2.495963083583122022e-01
2.463518944126288635e-01
2.452002770680352384e-01
2.479723797911029537e-01
2.212439740316674286e-01
2.243354047931546968e-01
2.275961974259000931e-01
2.482518992310463468e-01
2.497976002470407852e-01
2.199390439600215075e-01
2.478395472285977175e-01
2.487039289613494353e-01
2.499006519512950442e-01
2.489581730272705518e-01
2.413120103306272690e-01
2.429278074460504699e-01
2.276778274008712244e-01
2.437712754870528520e-01
2.499993483197023303e-01
2.357259761749456173e-01
2.424202387044249174e-01
2.490311384056423660e-01
2.436398960196220209e-01
2.499768483764973348e-01
2.381591895145944993e-01
2.083277859107203200e-01
2.498799526232202972e-01
2.458541928019040146e-01
2.455139348567784985e-01
2.321215141113919522e-01
2.483835362262717394e-01
2.488455764642476531e-01
2.390665374306367164e-01
2.289616272969934030e-01
2.337419161685702629e-01
2.421707728099074253e-01
2.303193102449985208e-01
2.216872510467388091e-01
2.428508422455420146e-01
2.390673380600702447e-01
2.379899840864366789e-01
2.496632380523337302e-01
2.447557628517462447e-01
2.147904724640085639e-01
2.499984990558101194e-01
2.181165913697095948e-01
2.364494288824947887e-01
2.307357130061116202e-01
2.415914680191627306e-01
2.499610523718661104e-01
2.288193843962392782e-01
2.416930136339944246e-01
2.484219079912904915e-01
2.379985837014107763e-01
2.494797575671292567e-01
2.409350008264768417e-01
2.346541102912872989e-01
2.390703743468171605e-01
2.499324966496004330e-01
2.373070221078728559e-01
2.347110729520954786e-01
2.375836861943088074e-01
2.490030861342477919e-01
2.497192612582367910e-01
2.475013058467131488e-01
2.354352545532251428e-01
2.427566477822707958e-01
2.348246344146516229e-01
2.462389908251541581e-01
2.276487047662565100e-01
2.493732648907908134e-01
2.438013353641669267e-01
2.024775889539186524e-01
2.464664311660830220e-01
2.499091840405051057e-01
2.498537479614753865e-01
2.410885596380797635e-01
2.424493680889759084e-01
2.499986137823995147e-01
2.494452492068906790e-01
2.435120721554982770e-01
2.495516255906671532e-01
2.407417591509858901e-01
2.297321868770839937e-01
2.310846668084910738e-01
2.399148898108970918e-01
2.499538966904325255e-01
2.498930766462476583e-01
2.482334261779813867e-01
2.403831643848733379e-01
2.475583932011423127e-01
2.305620000935374725e-01
2.334263743527602297e-01
2.485042384963209172e-01
2.495722456059216443e-01
2.108938356777220191e-01
2.473966120122583212e-01
2.499735177271268927e-01
2.278501488495555671e-01
2.087040364017985483e-01
2.394686070932261768e-01
2.499686570092451710e-01
2.298157650846227307e-01
2.423315206534959465e-01
2.494645061995626745e-01
2.480855125661229899e-01
2.395868810651993752e-01
2.439936466692054773e-01
2.405535965752760019e-01
2.499784593100063956e-01
2.497290074932156378e-01
2.308354018736392121e-01
2.322859501372931401e-01
2.429848757091802036e-01
2.480911116190437360e-01
2.441231626533606758e-01
2.484342497140686612e-01
2.454271039754190309e-01
2.370304128555552059e-01
2.456266740154502970e-01
2.487054227853755517e-01
2.418103879129410161e-01
2.496744103725745678e-01
2.227787556551080184e-01
2.483333591976534249e-01
2.232767828208007399e-01
2.446103749885143175e-01
2.492344725491069390e-01
2.496874050057724392e-01
2.312046354223629419e-01
2.459718013156433347e-01
2.447582884446939389e-01
2.428411371486082770e-01
2.480375719984211358e-01
2.296167910767352160e-01
2.499261341577860840e-01
2.464498629818371589e-01
2.225564917023254152e-01
2.499535286271783174e-01
2.432000574425370598e-01
2.446228580115607232e-01
2.364203986286619874e-01
2.477287059566639360e-01
2.368441677441783244e-01
2.499307445833642838e-01
2.414158413936115521e-01
2.496629928677418786e-01
2.470564815073123255e-01
2.069282695615602130e-01
2.472285897704897539e-01
2.393679190973794779e-01
2.434665673947800368e-01
2.292802275194792683e-01
2.458613217118550687e-01
2.288431564175588406e-01
2.463809254021081530e-01
2.493594459698809940e-01
2.358110154809567871e-01
2.487076385763190289e-01
2.492422567648086285e-01
2.438037724898311220e-01
2.170319967992875021e-01
2.386416188023024743e-01
2.462684650384100726e-01
2.412208988192533488e-01
2.491439840727474042e-01
2.430171959545292526e-01
2.389159030347124402e-01
2.393886729406147218e-01
2.465446667408541792e-01
2.499447685951465548e-01
2.119954615779572893e-01
2.041917340687429416e-01
2.231746042970145505e-01
2.348258850016767540e-01
2.243758424039187793e-01
2.321582979212557796e-01
2.495002194732201251e-01
2.308551805222578968e-01
2.479049262112247298e-01
2.499976098572825600e-01
2.490055386214755084e-01
2.369780054407686076e-01
2.479449909191949186e-01
2.480654317730918712e-01
2.376932536482718739e-01
2.456335126084183695e-01
2.287359460425011648e-01
2.316744199412271443e-01
2.475925122940717815e-01
2.242252375384113094e-01
2.453909632324821621e-01
2.185617063866300558e-01
2.454797681015186972e-01
2.202780176412588442e-01
2.482295119082657819e-01
2.453919393880191202e-01
2.415979004616768677e-01
2.479164932110387021e-01
2.364305230908021749e-01
2.390366336777415002e-01
2.445975512297975385e-01
2.440233161791040550e-01
2.398663432448601418e-01
2.371539004805836015e-01
2.493571918689579114e-01
2.298118697606658933e-01
2.499357466001317085e-01
2.494851199770461159e-01
2.401269426562173126e-01
2.496826133642791046e-01
2.492886632124165780e-01
2.358808274838064267e-01
2.295779160236786354e-01
2.498071090455813437e-01
2.493672627882355664e-01
2.055544462030028385e-01
2.454145400639328178e-01
2.448053075960054947e-01
2.338390116232123284e-01
2.095249668475530902e-01
2.489654630284653669e-01
2.452138085183310501e-01
2.299156758030965475e-01
2.399208921089878987e-01
2.480792067806886492e-01
2.499111607207558650e-01
2.449503130000668383e-01
2.480469531893342572e-01
2.479614247875187860e-01
2.469186343237578241e-01
2.312978676243820642e-01
2.120821673021618670e-01
2.474873015703212553e-01
2.411617638203855940e-01
2.485245690074756597e-01
2.499291727306950928e-01
2.081748132483230984e-01
2.482307370541469160e-01
2.441320433344276453e-01
2.499235812619387542e-01
2.386223347159187047e-01
2.383771594360216406e-01
2.434581374133432952e-01
2.378896646318734431e-01
2.418111446885323479e-01
2.449543885585207526e-01
2.251996093050847303e-01
2.498204115338484854e-01
2.132812645054062706e-01
2.079569168585914118e-01
2.301233978295481319e-01
2.291620799165682287e-01
2.411343741949067698e-01
2.470792276719748770e-01
2.479777444120145891e-01
2.499270573127223283e-01
2.296672846657141498e-01
2.482041985134404716e-01
2.499467480003469133e-01
2.411630488195221633e-01
2.198512083409565054e-01
2.341764818524078029e-01
2.488618062207278991e-01
2.499990607638929163e-01
2.385741527560218123e-01
2.316813389473968421e-01
2.442638004527905027e-01
2.372182489385625259e-01
2.172437420223549964e-01
2.499917124728734674e-01
2.374406500120517516e-01
2.177401105504951639e-01
2.489386417990095413e-01
2.260047741246751785e-01
2.168058297618725427e-01
2.267000533269607210e-01
2.492872876835108831e-01
2.279866093920661918e-01
2.484471586398810106e-01
2.222902144907791810e-01
2.446870256293475210e-01
2.476045433856392253e-01
2.499041401670399620e-01
2.270906494425503908e-01
2.356088267493096911e-01
2.427532283614875774e-01
2.279200774193699264e-01
2.478750134799846405e-01
2.160227289324240241e-01
2.499527203283882226e-01
2.412331766478841288e-01
2.473858715681620246e-01
2.350722758488013597e-01
2.417551334338465252e-01
2.313625868571143329e-01
2.217942191862029011e-01
2.471749750367341070e-01
2.363754303327239570e-01
2.389808251259079031e-01
2.141285073942277850e-01
2.410447595155077449e-01
2.493157261001333891e-01
2.493966786687103199e-01
2.499552543834672458e-01
2.407479698801602286e-01
2.499864122986920900e-01
2.409963145464585343e-01
2.495605836236207409e-01
2.479431412860631512e-01
2.276334124281251536e-01
2.434930869332619097e-01
2.123361131483415543e-01
2.382203227392198641e-01
2.311233435641174838e-01
2.498942840135245369e-01
2.483841428432724818e-01
2.246891422917708658e-01
2.432775523113195615e-01
2.399178191708452590e-01
2.486686321892906948e-01
2.418426972448770307e-01
2.418025111122197590e-01
2.126152579905308537e-01
2.440762363738557261e-01
2.496601429816252549e-01
2.278379149055290154e-01
2.494581929354278416e-01
2.387171817522234230e-01
2.427619579787308191e-01
2.281139052854167792e-01
2.494125970375483115e-01
2.439572301241187957e-01
2.405368704202356100e-01
2.463405340202815541e-01
2.484052311880664554e-01
2.294566755390648749e-01
2.371290963123170725e-01
2.462146192307216874e-01
2.463408307269138731e-01
2.390097337700747560e-01
2.474290614520621157e-01
2.376258213139668674e-01
2.393890090050543040e-01
2.355728755381583939e-01
2.235405201402748121e-01
2.439816697959776293e-01
2.459614862881313868e-01
2.319902664350530219e-01
2.240391268787973178e-01
2.194095688584176695e-01
2.429363929227650043e-01
2.467837381947324826e-01
2.189670531515770513e-01
2.411916267690090709e-01
2.477098455264722943e-01
2.497374315028279557e-01
2.464269586214754004e-01
2.408099513729676511e-01
2.190868575287015785e-01
2.434057143336096907e-01
2.380737891263197126e-01
2.485703114353820797e-01
2.496613655791106445e-01
2.435925181376401294e-01
2.424286888572444176e-01
2.208456334940495369e-01
2.472747337777740639e-01
2.213289809587485335e-01
2.499900580041246878e-01
2.498709011470157393e-01
2.412885636084886043e-01
2.192787011845109824e-01
2.310603610221552418e-01
2.402302514335081796e-01
2.475076971989751407e-01
2.446141516994937704e-01
2.495277379213927393e-01
2.496375648944028636e-01
2.499755932465530794e-01
2.499946954117008013e-01
2.491659485727075740e-01
2.418111256259479203e-01
2.183837198673944102e-01
2.443216557260549648e-01
2.390230411624564566e-01
2.147207275027296913e-01
2.427593622945034002e-01
2.489260833657675198e-01
2.279365126628405402e-01
2.376750223762504055e-01
2.269808621958887274e-01
2.479517283689603169e-01
2.368026050594334020e-01
2.257054752421065458e-01
2.498685368851507049e-01
2.466038534916796809e-01
2.373664343847703417e-01
2.190021621105419092e-01
2.320728476089811421e-01
2.416193084610355479e-01
1.971609930957669010e-01
2.497072575131990824e-01
2.472293066109229054e-01
2.498400883371889036e-01
2.422774476021441470e-01
2.361580771082010533e-01
2.492555659722611727e-01
2.461733422857866893e-01
2.425477856462902870e-01
2.412133503290906922e-01
2.202643409002991992e-01
2.481272324755794956e-01
2.465531259461735958e-01
2.463017323863891106e-01
2.478764024725955972e-01
1.924352446497852864e-01
2.416365557530350539e-01
2.499762737624347531e-01
2.465830068876269932e-01
2.302834611823434408e-01
2.276915334932854140e-01
2.498726318666111001e-01
2.161328777703481752e-01
2.417724888656374860e-01
2.492828435848002955e-01
2.406638085949377170e-01
2.250628601025670972e-01
2.339663930776570699e-01
2.451851947804896126e-01
2.434774695400014066e-01
2.390575827182833124e-01
2.499082855687897176e-01
2.394119006894342150e-01
2.326598495381746179e-01
2.477567805526110223e-01
2.462492359899015604e-01
2.462237299662983492e-01
2.421378865460657726e-01
2.246886945380399681e-01
2.450638885477771922e-01
2.495437676518727776e-01
2.493587067521146894e-01
2.276183793751695439e-01
2.291186331774876794e-01
2.444404618082781366e-01
2.421243864287526970e-01
2.499265053289524974e-01
2.468986665739964503e-01
2.499701191877538031e-01
2.499698919106222161e-01
2.495828782415080160e-01
2.288323909168981651e-01
2.404239326218793327e-01
2.496374420136573957e-01
2.333060991650586224e-01
2.469183593984513869e-01
2.473297479513283659e-01
2.379479320166799361e-01
2.496788851333507919e-01
2.492150587964710728e-01
2.472506898298297562e-01
2.497215358732485790e-01
2.416458649365893219e-01
2.398145086246377400e-01
2.497636675028529762e-01
2.280696131667835913e-01
2.423754053616597459e-01
2.410320919667198469e-01
2.389943580922298250e-01
2.480240799447591127e-01
2.464563324856324789e-01
2.499915812136236093e-01
2.456586696566315231e-01
2.488079344912986768e-01
2.351447796790876454e-01
2.246010254658050431e-01
2.266815542775929559e-01
2.478137116619940905e-01
2.416613101890836002e-01
2.422771411229377170e-01
2.345233164699578321e-01
2.417313357941698881e-01
2.458533706349062542e-01
2.409194239605715049e-01
2.496761265591961321e-01
2.168437887616745385e-01
2.100986896881868737e-01
2.417432314046427666e-01
2.129713128411157286e-01
2.487081250193703130e-01
2.158926795879989591e-01
2.487151518755455204e-01
2.497131057494660911e-01
2.292400669662421342e-01
2.132541586835342839e-01
2.328392927164082693e-01
2.448811725206530288e-01
2.499938588613580537e-01
2.475796519867880796e-01
2.494607579185862123e-01
2.303837042791508638e-01
2.498038911065059153e-01
2.413111227713924944e-01
2.499989917027122532e-01
2.376266971855403309e-01
2.410859985640789738e-01
2.481175792812842507e-01
2.497554404709699805e-01
2.288047691330046540e-01
2.266280194599169240e-01
2.478036218732325713e-01
2.496200102356122552e-01
2.492940003326540310e-01
2.088656583098232045e-01
2.280744649161410564e-01
2.342374367880229735e-01
2.487972230141863028e-01
2.498368304420050257e-01
2.437385053759244247e-01
2.484939741615509456e-01
2.435513861073361486e-01
2.411059939501097038e-01
2.447355931966803677e-01
2.396785090897295134e-01
2.394072926796361189e-01
2.498378529904619338e-01
2.429206340679588572e-01
2.395017362933692662e-01
2.495810670154244015e-01
2.191444208332179455e-01
2.431710665364287816e-01
2.404366181117986445e-01
2.388600445584405652e-01
2.445202252392072728e-01
2.485179002533708104e-01
2.472093254782621319e-01
2.112830009564390377e-01
2.436941367196785446e-01
2.073349840370254937e-01
2.401338416205367199e-01
2.384550143674700473e-01
2.373367277956466292e-01
2.420936884965974589e-01
2.496622227980506703e-01
2.499720626623097297e-01
2.443097334025374767e-01
2.494890389754882143e-01
2.405444492244278587e-01
2.440325511768408895e-01
2.442747981714290251e-01
2.458515200104765819e-01
2.095270097489112526e-01
2.350402038669924532e-01
2.345599163658954045e-01
2.410689744647484256e-01
2.456955732932906422e-01
2.496176657602929561e-01
2.424300855958697598e-01
2.499788058173265937e-01
2.345852834330474923e-01
2.468568488257571192e-01
2.372378671377124437e-01
2.344855842822911873e-01
2.379604356367761575e-01
2.023039279078478192e-01
2.448137965985149045e-01
