mass_2
2.690510071953339732e+01
2.836912442659515676e+01
2.457416258638604845e+01
3.172461990141066579e+01
2.818532804224272681e+01
3.184126436059038312e+01
2.948990395576614532e+01
2.670975544821049752e+01
3.454978513466974022e+01
3.382225653246589303e+01
2.511622836755994470e+01
3.164371745342952380e+01
2.490343619508069040e+01
2.816920931485102031e+01
3.268823472500338312e+01
3.347147684540713897e+01
3.252934671937961753e+01
2.919734980428871296e+01
3.392333366365744496e+01
2.266395618073252294e+01
3.447912508949526966e+01
2.899041165445822443e+01
2.674909651438940017e+01
2.905197589673636216e+01
2.515911109136547807e+01
2.762224944726803599e+01
2.615912991450327496e+01
2.506041204112758791e+01
2.980290686347025897e+01
2.722102059694337939e+01
2.470725601036858166e+01
2.394860963102444984e+01
2.542538594984404554e+01
2.627765401254231392e+01
3.066477417968783215e+01
2.955962939661907640e+01
2.742847096961277487e+01
2.451917988178854912e+01
2.766941463570295312e+01
2.834745124159198681e+01
3.236926373943263258e+01
2.103451961452926966e+01
2.624653670719497711e+01
3.204464827311507946e+01
3.366360524190422865e+01
3.072131881334494707e+01
3.382287294350614815e+01
3.468162879580498981e+01
3.081166096830790480e+01
2.325126931786588003e+01
2.563249166044287364e+01
2.685258162781770253e+01
2.674501386525025026e+01
3.350260186524997863e+01
2.958663621443277236e+01
3.192402115082467873e+01
2.653594482360160001e+01
2.760118933292871901e+01
3.210983080696817638e+01
3.037815280987286215e+01
3.248453446658936628e+01
3.662028151468534531e+01
2.766266312809598205e+01
3.006882619177432758e+01
2.366439014641684579e+01
3.630899325799859412e+01
3.347521252319980078e+01
2.116648853426840304e+01
2.462214920446325550e+01
2.719567223986337723e+01
3.033688520924041043e+01
3.068732562532165531e+01
3.008350056896039248e+01
3.212363974767512076e+01
3.199552356470598369e+01
2.669830752707519039e+01
2.254014495057975864e+01
3.104516647447965383e+01
2.638471788340983792e+01
3.352873305213838506e+01
3.415253377011393354e+01
2.949357865029456960e+01
3.262055217764039128e+01
2.838095922769106494e+01
2.863685670770288283e+01
2.510724736313292027e+01
3.308589197650246660e+01
2.882675722239972771e+01
3.433033781628288494e+01
3.135654618106519109e+01
2.964182384086760180e+01
2.704609611747883946e+01
2.679365377985154950e+01
2.564862753652174021e+01
3.001472401084084396e+01
2.926527019598247392e+01
3.275739099849446490e+01
3.077669187971142506e+01
3.350441928843042660e+01
2.814093758643118193e+01
3.053425919242645037e+01
2.928585638445679606e+01
2.761514665425248083e+01
2.108182550713491210e+01
3.244901253948999198e+01
2.478022028326815018e+01
3.408937807749155979e+01
3.435547254519987348e+01
2.617252065095963331e+01
3.008744779593248353e+01
2.705116973759920640e+01
3.553869389101335230e+01
3.256259651225544616e+01
3.081096390229812343e+01
2.973928975750661508e+01
2.977281871894703258e+01
3.291085581854112263e+01
3.372262828669082779e+01
3.117344006376193022e+01
3.421328550279547898e+01
3.057764247135558122e+01
3.266923303920933108e+01
3.251695853211577258e+01
2.124102045409661699e+01
3.057205442253768268e+01
3.062439645666109556e+01
3.126426465128187715e+01
3.434655488462662021e+01
2.410134238314616084e+01
3.209289322313775727e+01
3.045960100820773064e+01
2.353764728415662333e+01
2.974635263915332217e+01
3.015362562269564606e+01
2.943249442843788088e+01
3.268508403520887384e+01
2.864068683513786695e+01
2.770399140192356313e+01
3.222015115781461247e+01
2.742282321431700609e+01
2.331166914914650690e+01
2.890536008669155166e+01
3.404589506379428343e+01
2.023228425984320822e+01
2.125399838466197266e+01
2.506036315357167865e+01
3.503721354476396499e+01
3.000088967634490800e+01
3.443955047916168866e+01
2.769924900692962311e+01
2.532948524367093057e+01
3.209512153212815377e+01
2.956461371827371210e+01
3.120913440155836582e+01
2.804384712059929186e+01
3.158118492538400091e+01
2.394485892451529807e+01
3.257890585997955668e+01
2.693513724771998952e+01
3.362055109835516475e+01
2.922925101764788991e+01
3.213804242274193257e+01
3.275927713599941882e+01
2.280290328600231575e+01
3.105393087226996585e+01
2.740979999687073132e+01
3.390544436789486582e+01
3.214356697459074752e+01
3.371552910790485669e+01
3.148241529119308169e+01
2.402503575308280404e+01
3.011550017336128349e+01
3.132846785486560748e+01
3.072212277889441268e+01
3.121285448220572079e+01
3.375356397423944088e+01
3.272558737941481866e+01
2.306436643896701000e+01
3.194917402133652828e+01
2.470196006465813809e+01
3.001704636966201178e+01
2.897978746103341408e+01
2.248661234936896491e+01
2.991244481237632868e+01
3.182060371084144990e+01
2.531914835156932497e+01
2.872055391679889524e+01
3.697017195001624401e+01
3.268303562501186832e+01
3.361119975799414306e+01
3.203537605480507722e+01
3.195065494779331772e+01
2.963675703870730516e+01
3.056933042780133647e+01
2.516179577638823162e+01
3.395796022087050403e+01
3.077084908137129204e+01
3.276714224216242144e+01
2.988743494321916216e+01
2.931197611332481756e+01
2.854327179139343329e+01
2.559162646389336260e+01
3.239638657997206650e+01
3.010561302191001332e+01
2.345110087512680863e+01
3.223423305201906430e+01
3.440528602160345883e+01
3.280558694877535686e+01
2.484627696375352102e+01
3.258422237882745520e+01
2.535436249108936480e+01
2.526190501788539322e+01
2.342447489338564282e+01
3.086322044904196105e+01
3.074443764383975264e+01
2.485776821165102746e+01
3.241934294165246655e+01
3.448943114142936395e+01
3.023539389526413501e+01
2.414967581925782270e+01
3.087640180089520214e+01
2.961455191717627144e+01
3.105480564227068996e+01
3.016920852300425437e+01
3.359855224388815031e+01
2.752538655354655006e+01
2.897783743913519672e+01
2.330788859317651074e+01
2.370256573295723967e+01
3.262816232732892274e+01
2.601914644105617214e+01
3.011624770397911988e+01
3.051134807482972633e+01
3.392081823675752617e+01
2.131340164963667405e+01
3.729587072779856527e+01
2.654966616965610271e+01
3.280444989850482074e+01
2.609508525065220752e+01
2.592173340808753679e+01
3.532853565505188698e+01
3.351974120600426232e+01
3.225787284629709717e+01
2.636451861077181746e+01
2.838641192434801397e+01
2.596666495569625965e+01
2.636937629401138494e+01
3.514145420971467360e+01
2.535427755797902805e+01
2.701852259355795738e+01
3.137845056526467502e+01
3.157060763433729278e+01
3.187024140355254431e+01
3.122036093820373281e+01
3.296849414612410101e+01
2.633683731918364401e+01
2.877539213317282929e+01
2.720973119773891469e+01
3.512506694108299143e+01
3.323902163435406010e+01
3.242183374214832270e+01
2.906604798380324794e+01
3.205601285322501326e+01
2.786375216215582640e+01
3.621270143958243892e+01
3.429924788135175362e+01
3.173359192060827283e+01
2.748650750439980683e+01
3.382704101783777872e+01
2.531940482606698950e+01
2.326427047024704109e+01
2.590764013804756871e+01
2.589974017275388718e+01
3.266268525800605005e+01
3.269666823624812935e+01
2.492134552142056236e+01
2.686677232652753844e+01
2.823115505199741904e+01
3.559453898994692622e+01
2.756119393709574084e+01
3.188496092855674391e+01
2.824157283289873988e+01
3.101482048651846668e+01
2.772388309136763596e+01
3.431890963977950548e+01
3.242297484853774137e+01
2.996945606156614517e+01
3.141582458154838164e+01
2.717971022528242031e+01
2.399910182328595099e+01
3.132046749500481297e+01
2.168612646922048270e+01
2.865377463756020759e+01
2.931044605353010013e+01
2.681095994738709365e+01
2.867809865488280963e+01
2.584853553990643960e+01
2.546568146287224721e+01
2.972828314639505365e+01
3.515888907666643348e+01
3.388178071677219805e+01
3.089993335773220906e+01
3.426036110283578040e+01
2.670821861755231907e+01
3.121051213578498107e+01
2.764605741179254039e+01
3.324861782699586144e+01
3.147636974364738194e+01
3.168728713507169914e+01
3.151153599285185436e+01
3.168370776621375029e+01
3.055319192299319297e+01
1.877722578037232992e+01
2.692838709382724360e+01
3.071462584192964584e+01
3.037527853320012028e+01
2.368339153090815685e+01
2.259886791951945995e+01
2.637670968614453670e+01
3.621243795969389367e+01
3.511729177857846906e+01
2.829287076075472029e+01
2.784795161456741752e+01
3.280216826969834898e+01
2.577503618243307670e+01
3.458690286288302929e+01
3.412674858536601619e+01
3.335960264203670533e+01
3.376849921342535055e+01
3.031840552849601877e+01
3.465144210993720009e+01
2.353893134668626530e+01
2.644951936613566446e+01
2.630162810324101486e+01
2.173586540487859864e+01
2.615697237387846030e+01
3.370768390666285086e+01
1.879161942520810413e+01
2.953548859168394003e+01
3.270325113422740060e+01
2.338071301580717076e+01
3.439546064333465836e+01
3.017294423718481511e+01
3.391530832281232932e+01
2.922049143712998642e+01
3.271202776803492185e+01
2.850515240970906916e+01
2.848993724243633352e+01
3.255009462203174309e+01
2.766012421502711049e+01
2.985473549103603830e+01
2.928451807876512092e+01
3.177347100406961999e+01
2.899367666217285588e+01
2.859879177372633308e+01
2.495191671738938055e+01
3.235440920520689190e+01
2.865128961936313701e+01
2.993855965211838921e+01
2.946987154412183685e+01
3.112959939877629978e+01
2.551662254202772573e+01
2.973391404798675453e+01
3.018314469511415155e+01
2.729451863913489262e+01
2.998839986270887792e+01
2.270940168983544183e+01
2.108745081197486115e+01
3.334004614119447041e+01
2.868435940617524693e+01
3.191373289630957899e+01
2.947718712467459667e+01
2.635218751937492243e+01
3.130862841405022223e+01
3.253211001556034176e+01
3.293968285756436387e+01
2.952855592069864343e+01
3.240092129464258619e+01
2.765105352676974348e+01
2.898077014493638615e+01
3.109974392975324520e+01
2.929918029560850812e+01
3.314804654489096691e+01
3.341922261401537497e+01
3.239534730923994488e+01
2.744627591621183171e+01
2.968260706840452556e+01
2.542728110241517925e+01
2.501599051417263908e+01
3.059832223842873589e+01
2.789596197529853328e+01
2.874440725272189567e+01
2.863715659769488653e+01
2.597385306201262267e+01
2.887822815165713308e+01
3.273693545613266309e+01
2.242817703506476690e+01
2.942445326173074704e+01
2.513908122238995091e+01
2.998314035639602793e+01
3.371778635529718571e+01
3.273257876434666258e+01
2.538382338238587721e+01
2.946856256903124205e+01
2.357125694442494179e+01
3.053404820720610147e+01
3.480603317605844893e+01
2.246190713366772229e+01
3.423853119276467538e+01
3.082768258380574622e+01
2.419000887287717916e+01
3.069582561626814510e+01
3.646205362162753261e+01
3.014449919448661674e+01
2.754504544689541135e+01
2.712907803668362661e+01
2.936242813679807639e+01
2.683313820792565707e+01
2.676944231228310400e+01
3.072956045802847314e+01
2.783684534247921860e+01
3.302056675570917577e+01
2.289609500972589373e+01
2.969721213617462396e+01
3.421851700570262977e+01
2.930738407101539167e+01
2.747164497073158884e+01
2.777491607175544885e+01
3.099284101141004300e+01
2.861742372458136785e+01
2.989500415980661785e+01
2.925150374655438412e+01
3.201199900198066928e+01
3.126730176829623886e+01
2.848231798253665659e+01
2.966847701476523014e+01
2.431314368406958693e+01
2.898944978447398313e+01
3.084741135988638305e+01
3.482990200241867740e+01
2.219022095619661528e+01
3.224841427429634422e+01
2.670031570235937579e+01
2.344282426553784759e+01
2.930055776972731607e+01
2.699310539854057822e+01
2.386705454297358386e+01
2.901358813665113345e+01
3.435150088463655038e+01
3.035869098432647917e+01
3.019153523899023028e+01
2.949789011005756478e+01
2.897917028526473970e+01
3.378393583294342761e+01
2.892199722938686079e+01
3.163398783301932227e+01
3.481572077237324692e+01
3.174663479500650709e+01
2.655761169636134511e+01
3.089368968746938293e+01
2.318471301642549420e+01
2.964926762165190510e+01
2.633824627912009220e+01
3.354838045563807469e+01
2.749060580275673260e+01
2.892754714991849241e+01
2.802817731917749455e+01
3.216055308805076152e+01
3.161156200053757104e+01
2.251944737845461120e+01
3.386320084632487237e+01
3.213785355587107517e+01
3.103630406347673443e+01
2.925325796509217824e+01
3.016935216214461235e+01
3.201647356816540224e+01
3.103197331904595302e+01
3.193039257599565417e+01
2.817339072060730132e+01
2.664455454863301753e+01
2.588553998415592616e+01
2.289950491592314208e+01
3.415054496650332538e+01
3.226712332004537132e+01
2.802269640444572119e+01
2.601095408662339992e+01
2.871886066713828711e+01
2.638660894279824021e+01
3.067791078307124053e+01
3.247519699731014242e+01
2.879699749583380708e+01
2.759110572136770401e+01
2.513488234481528494e+01
3.115528929884180442e+01
2.740780881602287167e+01
2.801212145722653091e+01
3.499959026770100934e+01
3.096166295443974548e+01
3.276323557615085491e+01
2.414306470161049134e+01
2.898415486892442061e+01
2.600477482073453572e+01
2.512623411929238415e+01
2.279739562627985805e+01
2.756001810829773291e+01
3.368224295797460854e+01
2.818821175589309647e+01
3.295419255629129651e+01
3.124043373926274114e+01
2.894523529778853188e+01
2.925862479779198821e+01
2.180301405056385988e+01
3.585617510404190256e+01
2.827217089683668050e+01
3.105162280939588726e+01
2.809366647032253894e+01
2.969986971388456709e+01
2.272078144203500472e+01
3.256997208104384356e+01
2.432386603150279214e+01
2.290186951639365276e+01
2.955700396487910808e+01
2.409250056807077200e+01
2.928504200419254033e+01
2.302235965972304754e+01
2.531990135096540229e+01
2.952211340156100050e+01
3.284933259754943435e+01
3.554978357357576613e+01
3.182320626389607909e+01
3.122920983972866793e+01
2.958123228933624560e+01
2.248005028103728620e+01
2.502862843887279709e+01
2.673506403542010901e+01
2.739078789728538510e+01
2.852715452340814295e+01
3.544605564553971533e+01
3.222556869998651763e+01
2.787986190317112545e+01
2.642478454031903468e+01
2.346971113919590479e+01
2.641295227641616705e+01
3.115678993864275270e+01
3.014608907064441468e+01
3.234553687948080380e+01
2.749739672196199436e+01
3.128502355188769357e+01
2.790777923958106044e+01
2.833522759648997891e+01
3.426449854662961059e+01
2.678388090111195297e+01
3.332337016714919997e+01
2.631450963491820971e+01
2.401572877935700134e+01
3.209838880899653901e+01
3.354391706038936860e+01
2.942539212113377900e+01
2.742895906031456832e+01
3.489293530424663459e+01
3.088009666187282676e+01
3.321787965496184825e+01
3.349594756208679769e+01
2.965035933955067549e+01
3.041732437141641654e+01
2.814437802303277181e+01
2.546240429012529205e+01
1.906895792621720886e+01
2.292983326046370252e+01
2.897624027124823698e+01
2.874428129236402185e+01
2.707766730403664113e+01
3.404933426661117579e+01
2.425004147949925226e+01
3.201830854549523764e+01
2.260548328085938863e+01
2.931877475238493957e+01
3.085992474298832278e+01
3.142914484933885788e+01
2.563681124785122378e+01
3.438383507189001875e+01
2.880228241736723049e+01
3.232839396922796027e+01
2.848914896230781224e+01
2.605997694361898098e+01
2.435562953711290035e+01
3.391451483532351574e+01
2.440986388437437427e+01
3.555632582496331651e+01
2.617322191789748231e+01
3.489265142469088943e+01
3.229397654809042706e+01
3.008276014732181736e+01
2.282507530300572540e+01
2.901613722017307850e+01
2.653443218466924591e+01
2.991241942574128387e+01
2.699459309273080976e+01
2.962315681708784965e+01
2.120002765230984210e+01
2.848508055771901226e+01
2.856540260766437100e+01
2.617829166803736030e+01
3.288937474346642631e+01
3.337932650290903780e+01
3.306337044677482595e+01
2.351371505635452763e+01
2.945206104175068873e+01
3.151550433121474271e+01
2.992609039773743262e+01
3.501009145969806724e+01
2.233165133514757272e+01
2.761423185732896002e+01
3.254190876909411401e+01
2.339674502464339412e+01
3.512256693150467157e+01
3.026950904499955541e+01
2.684322137109803919e+01
3.000331662559785784e+01
2.391853536922703682e+01
3.271241855499852136e+01
3.124680514047414448e+01
3.286012902011039927e+01
3.372405312829926771e+01
2.818251066911943425e+01
2.568751298344899681e+01
2.448686253312252958e+01
3.193348168929065878e+01
2.839530413846279799e+01
2.299579266062567839e+01
2.410385991609810930e+01
3.333387748312931365e+01
2.810739899137698217e+01
2.514733687186093292e+01
3.536184449918322770e+01
3.118640482126937741e+01
3.156601985341897532e+01
3.275932272726857519e+01
3.554569065585735643e+01
2.571449120576176739e+01
2.827579022010554155e+01
3.593127126514017533e+01
2.806089834272276562e+01
2.522098295772266141e+01
3.404685169908374576e+01
3.422335091968461995e+01
3.150352415261020411e+01
2.926789444878495772e+01
2.491574785640025524e+01
2.619200843967502124e+01
2.922631877743752327e+01
2.366559075294638959e+01
2.451547442116351050e+01
3.148853282283064559e+01
2.781532346294309832e+01
3.135230634176761555e+01
2.914606402485361514e+01
3.046059283361553227e+01
3.104142168603604546e+01
3.253526787494892147e+01
3.048966371245213836e+01
2.335037596237459212e+01
3.536905104094928731e+01
3.404182992209511127e+01
3.358799071050002993e+01
2.278312408058094007e+01
2.357861741507594999e+01
3.214901996427947495e+01
2.442108255633161207e+01
2.651435649665897287e+01
2.735629519333952686e+01
3.567816912307517185e+01
3.438770360739081866e+01
2.240343682597979225e+01
2.223693498414529657e+01
2.929055608635655616e+01
3.064265111376983342e+01
2.936901359800688383e+01
3.025209835603059005e+01
2.837403017109726022e+01
3.323054146924334873e+01
3.005683094673453937e+01
2.388331225110487566e+01
3.181434836473766481e+01
2.756952576970077828e+01
3.524924694131837555e+01
3.218442970773396183e+01
2.676907258831218783e+01
3.015023352405289359e+01
2.683319245599117764e+01
2.501720156603097678e+01
2.829586896535605334e+01
3.349227531677627923e+01
3.131455070286568088e+01
3.100105025641767753e+01
2.633140341646415905e+01
3.042441167946331149e+01
2.924969813530790574e+01
2.640430363902191857e+01
2.392992280951329320e+01
2.663142020006354471e+01
2.846306637347544211e+01
2.522240343582308242e+01
3.089320566513619326e+01
3.468392374826068902e+01
3.100932281517050271e+01
2.763316498869536986e+01
2.739936926066467748e+01
2.815551329999545871e+01
3.265030355969144438e+01
2.330306193742376308e+01
3.005834619635762905e+01
3.317091400914569732e+01
2.917014149601196848e+01
3.276451949809276698e+01
2.544904581040357172e+01
3.223190808353415093e+01
3.248607533640164036e+01
2.975229520208806733e+01
3.360240147849192738e+01
3.096312765704786685e+01
2.362747398276947663e+01
2.744883315105097310e+01
3.142397295945965752e+01
2.693497834941925717e+01
2.292083871381309379e+01
3.136101147180445992e+01
3.151127696635099440e+01
2.651199894881265351e+01
2.538501787756636574e+01
2.593793765566118736e+01
3.124666612471977345e+01
2.608899963668935840e+01
3.316213839793546470e+01
2.248493613599311303e+01
3.363111299443617952e+01
3.117553673335712361e+01
3.005380434120795030e+01
3.310877851141999173e+01
3.467926414559722303e+01
3.173644947989081899e+01
2.296756126680935850e+01
2.851305584345648825e+01
2.693207354501720019e+01
3.138757496622899268e+01
2.321439368063124320e+01
3.100555455911289116e+01
3.371100496626340259e+01
3.033935784973711947e+01
3.661195606969059213e+01
3.261060092270375321e+01
2.347338413310534833e+01
3.450298555350766350e+01
2.468859282250904030e+01
2.753635275510838554e+01
3.500705423588664189e+01
3.231306037962440314e+01
2.708443493176129735e+01
2.264679308259318091e+01
1.937178049728437301e+01
2.473788039082783641e+01
3.074167620789102884e+01
2.516396778131249334e+01
2.918541389677104902e+01
3.173696017651543855e+01
2.201927929581844268e+01
2.331428475816138857e+01
3.048166682576258069e+01
2.213244208037615479e+01
2.820298821818652613e+01
3.243477450957523445e+01
2.784416593398015749e+01
2.804998457396342459e+01
2.447378785914042609e+01
2.675968157427683636e+01
3.294887449167352145e+01
2.555882897290669220e+01
3.370140677548567254e+01
2.649215763440128413e+01
3.305735667420523072e+01
3.293363785572632452e+01
3.030341483230677824e+01
2.984051651030161167e+01
2.537954097005246723e+01
3.155578875923761117e+01
3.362063477914615106e+01
3.454883550008194959e+01
3.132537101212476571e+01
3.231582773146286058e+01
3.488545372633881669e+01
2.387123616829120465e+01
2.885008075908046266e+01
2.870118239744150301e+01
3.041902515764691373e+01
3.406499976061334678e+01
2.832166643634229075e+01
3.372874029202724699e+01
2.986881695511429058e+01
3.226342426534069574e+01
3.465610029706255091e+01
3.169268484419149701e+01
3.022234824687700083e+01
2.618496228405615156e+01
3.200450987727992214e+01
2.848811485072271665e+01
2.763492611386115527e+01
2.503821021237258648e+01
3.537264048384950854e+01
2.761472327912307279e+01
2.927872210422408372e+01
2.950562399343435516e+01
2.850808111546341905e+01
2.470239803741469586e+01
2.184916185670677180e+01
3.090288339584261834e+01
3.275721076302932033e+01
3.035026904694285577e+01
3.505541850050450847e+01
2.545874245529039825e+01
3.199350117316918229e+01
2.405105267684108128e+01
3.322941502114944257e+01
2.857836075897344941e+01
2.220140385872588951e+01
2.551221793290907769e+01
2.994422298059811638e+01
3.284771625382841620e+01
3.094616942311600738e+01
3.328609502107720886e+01
3.064765778903476701e+01
2.410743002613893893e+01
3.166545192285549604e+01
3.271249571193001060e+01
2.506471014373020267e+01
2.249807228590180230e+01
2.761334233502153168e+01
2.950059308040998474e+01
2.612755499506250345e+01
3.051748621179551435e+01
2.990054186876586328e+01
3.181115854023663658e+01
2.642950208918311361e+01
3.218095862470764956e+01
2.423071711018603835e+01
3.197088390080404352e+01
3.229065901704260000e+01
3.021772885240860518e+01
2.194816341137382310e+01
2.279148326857934848e+01
2.648834471991674988e+01
2.678354297511392446e+01
2.557772805308074027e+01
3.041304913136848143e+01
3.251112561275923696e+01
2.462588045197451336e+01
2.635417418509275223e+01
3.082874713249411869e+01
2.311848322254688881e+01
3.020033437211797533e+01
2.918874931432172204e+01
2.622559975006515387e+01
3.219359569967369339e+01
3.030507159385326688e+01
3.296728036071187518e+01
2.906737057561229776e+01
2.289483239835415773e+01
2.578431001880328921e+01
2.933708399683553125e+01
2.932323475733739571e+01
2.927729654223957567e+01
2.759284712007912788e+01
2.764611597921620501e+01
2.241198576929978259e+01
2.931232861947531987e+01
3.267430493911334111e+01
2.990867424742777558e+01
3.387808703691739964e+01
2.942042652818408044e+01
3.383989152598444861e+01
2.717931440679599930e+01
3.134092114951013741e+01
2.969940140632234815e+01
3.062385224387458749e+01
2.924707245568287917e+01
2.804230063077852009e+01
3.141907846956076966e+01
2.170831855190575865e+01
2.817711879407519504e+01
2.925425014043833727e+01
3.330279600442731436e+01
3.032126621490219520e+01
2.823386092048577112e+01
3.120786908128405912e+01
2.964277091620646942e+01
2.844456145093479194e+01
2.029169639608131703e+01
3.058295928080428894e+01
3.077466457517584075e+01
2.221169692525197092e+01
3.011133406893402054e+01
3.450303617839231407e+01
1.985213388857506800e+01
3.635884127843971214e+01
2.782730039254970222e+01
2.532313770597341218e+01
3.310101570481207744e+01
2.664926753573532991e+01
3.354996808256667151e+01
3.556163823037488925e+01
3.312016766141939428e+01
2.244351272732156488e+01
3.144307357458717433e+01
3.161353875519077405e+01
2.661868923044085733e+01
3.052810981400703483e+01
2.959587564416579397e+01
3.100055467701316658e+01
2.654656291296648973e+01
2.711219497497323871e+01
2.600518737213872100e+01
2.989679597450300363e+01
3.496354631545865743e+01
3.424952170016147335e+01
3.195659451075949065e+01
3.394881523837771908e+01
2.961809881523024046e+01
3.508934483840336327e+01
3.328731636630109847e+01
3.266621440389576492e+01
2.979611300649506234e+01
3.038889813651784522e+01
3.298620289296559349e+01
2.355069748126251383e+01
2.920610215231697282e+01
3.138004781403493837e+01
2.444014640278980721e+01
2.979848842274544296e+01
2.536863344699300171e+01
2.541369161390913334e+01
2.944412965644282565e+01
2.996731320927351661e+01
3.171877213761895220e+01
2.781587860550827429e+01
2.951716560873916606e+01
2.956493394997773194e+01
3.397106442354446898e+01
2.233492914184455813e+01
2.649908549193606078e+01
3.425118381611848406e+01
2.960177194109048671e+01
3.254720738445879391e+01
3.020373446602815903e+01
2.951606947187650221e+01
2.953324637715853740e+01
2.657754738379092885e+01
2.540519854946722589e+01
2.528508268867637909e+01
3.225747134466610788e+01
3.053466161517438593e+01
3.252375290620785364e+01
3.472104111920322822e+01
3.204249974786602451e+01
2.085322022688164267e+01
3.257944965407322968e+01
2.540055718991919065e+01
2.916895571260802100e+01
2.695492670285113590e+01
2.957464822761857448e+01
3.468258144481963257e+01
2.911307649303752498e+01
2.700496899241265325e+01
2.447334040883816542e+01
2.784147773585219099e+01
2.367339965098125276e+01
2.637530971752008568e+01
2.686476269259893002e+01
3.107385725890380712e+01
3.260610900809566459e+01
2.621387887322947563e+01
2.584867337953248523e+01
2.998352416772959828e+01
3.075137745284192548e+01
2.590410753150170464e+01
2.957995278883723600e+01
2.137192847301909282e+01
3.496447803187606951e+01
2.397121147861390256e+01
3.504748708463164775e+01
3.502726242245467603e+01
2.756602669702883901e+01
2.416836083915183764e+01
2.454821168842917700e+01
2.421077286365201431e+01
2.889197082943997330e+01
2.507684118967492637e+01
2.674432948800857801e+01
2.926097055028099447e+01
2.699610612508822882e+01
3.173760178505067486e+01
2.529949877000710856e+01
3.380578114766327502e+01
2.885536047012164573e+01
3.054692502852303448e+01
3.485368761039036656e+01
3.004233521853376843e+01
3.371654222569439696e+01
2.961721135571711017e+01
2.794143220882165579e+01
3.276385038826735041e+01
2.600958883408497613e+01
2.530576342266106238e+01
3.231781459577413784e+01
3.576330042608688586e+01
2.540388703173318063e+01
2.781468687686269448e+01
3.207994451983173434e+01
2.734605948496928818e+01
3.652846102761009917e+01
3.038603641970130198e+01
2.866332910104999243e+01
2.763519283699454121e+01
2.783485207257410110e+01
2.788056682175909984e+01
2.916480619686842957e+01
3.263229314865417052e+01
2.667937432323130409e+01
2.869071417548463643e+01
2.812866133097783816e+01
2.961532811190124548e+01
2.339487863736838236e+01
3.202509741452374215e+01
3.340267640974953167e+01
2.841911129678404890e+01
2.378674340915718588e+01
3.290987419901281896e+01
3.034904770463946022e+01
2.915074623191375025e+01
3.127674066745581882e+01
2.710514419251129681e+01
2.714744082660927660e+01
2.234088150070365586e+01
2.890038921123329274e+01
3.291834227472331520e+01
2.899318386723825824e+01
3.025329268891568546e+01
3.173904684779478202e+01
3.226057171896018616e+01
3.289960255060942274e+01
2.777463811257064563e+01
2.407630985447492122e+01
2.858694931076644608e+01
3.271778681699602487e+01
2.905321036170648341e+01
2.759458055881368566e+01
2.345127092952449743e+01
2.820251609516973801e+01
2.091800490671037593e+01
2.714450650220049965e+01
3.015250843348841414e+01
3.073270202625079506e+01
2.743023646713763952e+01
2.684850560985900003e+01
3.250060329435109452e+01
3.087457981445141186e+01
3.058091338585848362e+01
3.182735515432332107e+01
2.949705529099421497e+01
2.541358053064481126e+01
3.132356269268777638e+01
2.824292705383909308e+01
2.971587341530100801e+01
2.714917122720344267e+01
2.803390545713531878e+01
2.231618990278894898e+01
2.245192031857060044e+01
2.924415306243528789e+01
3.293596055311493132e+01
3.041581159466755580e+01
3.325999853734001732e+01
2.482127482372113292e+01
3.339008770300769413e+01
3.332646130335771062e+01
2.686301659724293955e+01
2.467105639323909827e+01
2.744337816615716719e+01
2.357917628562996981e+01
3.317948901336337997e+01
2.885394608230059532e+01
3.045762930018721448e+01
2.443205011983944885e+01
2.480378309804156700e+01
2.951193998271806507e+01
3.391876289250170373e+01
2.835362337242524333e+01
3.540920363070848964e+01
2.819336988005737510e+01
2.967373704322281469e+01
3.313447456554196435e+01
3.244468590451680257e+01
2.860325452751629882e+01
3.209721019683529164e+01
2.813144703051746021e+01
2.503992721418268630e+01
3.540781968625711329e+01
2.844977956163943844e+01
3.148773075886085238e+01
2.746015590199060341e+01
2.891623805328900332e+01
2.912551245126763177e+01
2.524483996916063688e+01
2.311559576797229809e+01
2.682624219822546507e+01
2.178454490892513107e+01
2.598928181089330991e+01
2.790225793240402297e+01
2.990064183326487424e+01
2.054003960632969594e+01
3.045201507359175608e+01
2.576959009838201453e+01
3.028506835666928154e+01
2.920894628593820741e+01
3.172535654940805117e+01
2.544233602275278727e+01
2.595209919746808680e+01
2.862135308102918785e+01
3.108836135168382953e+01
3.164481973811111715e+01
3.484013493680328111e+01
2.755183986259773832e+01
2.901895908909327204e+01
3.280425741158694564e+01
2.916759929561553477e+01
3.608554363055151271e+01
2.530431721420881175e+01
2.745045756804090686e+01
2.638795320435661651e+01
2.580934106729423405e+01
2.251470591438885194e+01
2.799349995840686134e+01
2.937955319848713742e+01
3.060633290221856839e+01
3.377910037156313194e+01
3.092638660484665891e+01
2.510928170606753085e+01
2.900238877855731801e+01
2.945460015430763789e+01
2.311163259414544058e+01
2.667216282722304399e+01
3.422717291896103831e+01
2.933876540406656019e+01
3.248633980648391884e+01
2.943100938170742964e+01
3.349486734117711251e+01
3.012655360696435025e+01
3.537667872115613221e+01
2.926364858257804258e+01
3.235096262164964998e+01
2.616042946964607907e+01
3.366628263039226709e+01
3.566923751812331744e+01
2.476002498884422209e+01
3.016851716724643850e+01
2.401484657108954579e+01
3.016224249310214134e+01
2.716964256926577193e+01
3.023265019989799995e+01
2.522511097383327794e+01
3.450028827629548545e+01
2.748979793926021387e+01
3.001673828269713695e+01
2.399173086384825382e+01
3.032744529680381262e+01
3.060914173346779066e+01
3.053519474847089299e+01
2.429497318312774823e+01
3.337829596447976144e+01
2.806595420986268863e+01
3.222870781197855194e+01
2.487500099338287285e+01
2.773162252445030518e+01
3.286221924148345863e+01
2.492236607471972576e+01
3.401013673308178653e+01
2.580415576072491390e+01
2.980524514284446269e+01
2.816682155574223856e+01
3.061357903693335203e+01
2.913956168367039012e+01
3.213079997155554679e+01
3.225400379013582608e+01
3.273912910213486782e+01
2.768000601109143588e+01
2.778050515531399256e+01
2.993859917574536667e+01
2.416901065204229226e+01
2.903650969162736573e+01
3.343314665047559942e+01
3.137001503537224423e+01
2.464125391364014561e+01
2.967046049000217423e+01
2.805575140598933359e+01
2.870975736105690501e+01
2.737365640033719316e+01
3.321826081000454423e+01
2.657056323985355206e+01
3.215172353736229383e+01
2.950052210769696259e+01
2.788647817197061229e+01
2.701220730760904942e+01
3.214367329118517347e+01
2.951740418736018512e+01
2.510999897930733837e+01
2.472273195204184049e+01
2.836798960545937831e+01
3.604839416977549149e+01
2.159738970473884123e+01
2.683596250564334440e+01
2.913410749506808983e+01
2.387856267543713429e+01
3.341502589957023162e+01
2.810672116993244174e+01
2.495145370460810241e+01
2.415610770200087032e+01
3.243279192392211030e+01
2.850500117138359002e+01
2.794505935749566561e+01
2.728236680761965616e+01
2.699579561426817520e+01
2.846673413873120495e+01
3.355392291363257584e+01
2.482926734398394331e+01
2.043062422404474887e+01
3.369391199461269792e+01
3.326910061928818862e+01
2.778917264787534691e+01
2.749170202412378217e+01
3.164030271053042043e+01
3.505784738589873939e+01
3.081813625999770068e+01
3.306513317582712830e+01
3.401733354159878076e+01
2.488732952805859000e+01
2.962223111144735554e+01
3.046359365994200274e+01
2.230134548550957518e+01
2.825911091982257162e+01
3.390970620563917493e+01
2.459066460355164097e+01
3.370970513922970468e+01
2.723463444266486277e+01
3.097011466276952518e+01
3.076154882222013498e+01
3.293216391972417512e+01
3.065420158305103371e+01
1.910764258610714705e+01
3.058358423920062208e+01
2.889626083086537633e+01
2.480513517300638071e+01
3.241607062097995140e+01
3.217199230888515160e+01
2.625043236392205870e+01
2.365230419804433026e+01
3.808819883311991106e+01
2.824923161705333285e+01
3.083621401540483831e+01
3.030694573959243243e+01
2.570605811212809755e+01
2.422001822023046813e+01
3.037124396207079258e+01
2.654106418834849279e+01
3.607955695628169934e+01
2.835646044325411808e+01
2.626258599815493255e+01
2.967019553699026702e+01
2.445602224961961468e+01
2.863236874097427531e+01
3.191995942157343435e+01
2.761959150128009099e+01
3.034771687331186740e+01
3.262188176807382689e+01
3.374077926086785340e+01
3.302586648693242921e+01
2.269057384863735649e+01
2.883358114808450878e+01
2.917275177043126533e+01
2.509036045464849707e+01
2.818190651460860607e+01
2.388470398924031457e+01
2.938808298103624495e+01
2.559834480336856544e+01
2.530192979453919833e+01
3.123164242866082674e+01
2.494245463403256124e+01
3.096253227074232939e+01
3.197161529264669255e+01
3.145552688818336406e+01
3.411023019791096544e+01
2.769029677286197000e+01
2.079545899106715723e+01
2.882395474377073796e+01
2.609964376426568222e+01
3.187676078916363664e+01
2.641202463717929305e+01
2.896775227285915832e+01
2.918891557490278643e+01
2.785921093437189811e+01
2.618951325514177952e+01
3.204212277028988609e+01
2.730072309674295283e+01
3.112283931124159153e+01
3.138232284136871897e+01
3.037189773703247653e+01
2.749185501094696349e+01
3.336845176149618197e+01
3.270082734526160806e+01
2.506658196912051650e+01
2.405134264996199533e+01
2.471558097163688572e+01
3.435324562130505655e+01
3.137129205685165090e+01
2.553653659439695289e+01
2.844745352094876623e+01
3.004048819673036164e+01
3.050096531366714814e+01
3.338455893375282812e+01
2.413009218137725398e+01
3.020787175275723513e+01
2.928392962770841734e+01
3.052498152040469748e+01
3.616748688678209334e+01
2.915644544684630191e+01
2.973152351597292409e+01
2.815197300341664643e+01
2.939629043216379500e+01
2.731154087162305899e+01
3.305611653440342934e+01
2.044173196434574180e+01
3.228369612737050431e+01
3.336491700978150021e+01
2.833204730554786721e+01
2.691745434308553442e+01
2.969167050410406006e+01
2.448073761956420213e+01
2.924774856526012101e+01
2.242994395879416558e+01
2.694250369999664940e+01
2.718461354781848627e+01
2.193033373026928601e+01
2.649355359182633762e+01
3.492893132842111470e+01
2.576957998445116615e+01
3.251509438176629629e+01
2.602906109033770932e+01
2.950954665446473157e+01
3.355187530197129320e+01
3.342440949078250156e+01
3.495245829059810916e+01
3.204692824672979867e+01
3.175120459981280874e+01
3.437681252089954853e+01
2.873547080445697688e+01
3.397023818142211837e+01
2.378101001405161696e+01
2.224658472423116606e+01
3.087747967699597140e+01
2.881329309683170337e+01
2.917046609678287084e+01
3.422941281852929762e+01
3.071910151810704548e+01
2.851209255839136958e+01
3.168798593320089552e+01
2.810215011854002753e+01
3.045794146437701144e+01
3.213206545516091239e+01
3.187796741913565768e+01
3.120954316590933431e+01
3.190828898158499882e+01
3.639436549613044747e+01
2.855241915713043355e+01
2.666540320158587818e+01
3.289617595390413385e+01
2.638526303849694443e+01
3.038973742095263120e+01
3.517780356281208753e+01
2.866833604712946837e+01
3.270155210158479520e+01
3.118541688211627516e+01
3.179392776228613826e+01
3.365582156548123294e+01
3.069199277502988465e+01
3.516756306495336304e+01
2.357714002910536166e+01
2.637197369819768866e+01
2.759010087700356095e+01
3.241014447199574988e+01
2.691225897441359649e+01
3.297948741079502355e+01
2.766333151981365646e+01
3.502364592626157247e+01
2.885883854758667155e+01
2.779217923449266792e+01
2.419072574450227009e+01
3.012540414265574285e+01
3.061738031763641388e+01
3.447485486054101500e+01
3.333438004365013541e+01
2.643259676901681132e+01
3.370577236656518494e+01
2.395684876325648816e+01
2.420267839201355287e+01
2.653435486432962520e+01
3.428803427991050512e+01
3.006711320116570008e+01
2.791730960275436857e+01
3.005309299610152962e+01
2.620718189445029367e+01
2.417529540392365206e+01
3.222565759310545985e+01
3.596153946240185917e+01
2.918548941056430834e+01
3.044432168463137600e+01
3.635005125468661902e+01
2.939430813945850929e+01
3.377893787826395311e+01
3.422754691828939855e+01
3.265078314589674591e+01
2.966965711098660563e+01
2.880466608797087602e+01
2.633519546038397863e+01
2.523112936128108430e+01
2.150719074806355380e+01
2.669843438301471750e+01
3.445981908711882369e+01
2.959037998113460333e+01
3.245730123915117105e+01
2.487898935950281398e+01
2.813277366624847176e+01
2.812737812311312524e+01
2.717521084456171820e+01
3.681508436035594656e+01
2.743011911866633312e+01
2.332971198802531632e+01
2.907813999319257192e+01
3.183806814389336992e+01
2.366332955013232109e+01
3.124804034415402754e+01
3.409698613311214643e+01
2.703596160170361884e+01
3.120067800389965385e+01
3.002947131368903655e+01
3.069404036826110982e+01
3.466409073565038312e+01
3.239838883325958818e+01
2.709050719893905068e+01
2.811777085528488840e+01
3.321195335147027805e+01
2.231291615921252003e+01
3.141661296956530691e+01
2.798845750950603417e+01
2.892972218874110268e+01
3.099443496305499579e+01
2.702076999584787842e+01
2.922046780879578876e+01
2.368012778823769438e+01
2.969112885980394978e+01
3.290061470455652426e+01
3.137073742079601857e+01
3.104523876351705525e+01
2.931861408459175422e+01
3.085670595911187419e+01
2.684189952851512118e+01
2.778783691135434353e+01
3.028703278377773600e+01
2.777162637306357951e+01
2.993085337245442190e+01
3.024969109901597619e+01
2.832660999027174498e+01
3.421286614342218257e+01
3.226161622949238961e+01
2.770401940937512464e+01
3.255036399264840696e+01
2.847843676479460484e+01
2.828492646266418120e+01
2.481689648656836411e+01
2.484053977720695983e+01
3.273715378375383978e+01
2.842151075973275098e+01
2.296823186549213602e+01
3.574489233162636737e+01
2.275643174024209969e+01
3.017859746401504850e+01
2.796415819254621127e+01
3.551232450972559462e+01
2.267878789347424018e+01
2.486699796632964521e+01
3.245895642604611453e+01
2.471438194740735028e+01
2.342140760277767342e+01
2.996680638027510568e+01
3.185866794883176212e+01
3.316010645693670966e+01
3.071424517358599360e+01
2.596745097610083164e+01
3.306308312306756392e+01
2.914205256751596096e+01
3.453544447842320153e+01
2.616661510211333308e+01
3.282655881293383970e+01
2.070175517693657596e+01
3.233804891331222109e+01
2.582911959529194945e+01
2.638187023312117674e+01
3.174963329839374282e+01
3.137790357619428150e+01
2.663848988502121884e+01
2.480812251758810660e+01
2.792774834529318539e+01
2.142459131520780602e+01
2.637518270403468179e+01
2.925689786017101568e+01
2.908682489520638725e+01
2.642504577670694133e+01
3.162308040249594754e+01
3.068988063322486326e+01
3.403544594334313445e+01
3.209627071649838825e+01
3.526844344491697569e+01
2.628493907983893507e+01
3.265146067593133239e+01
3.067938146465465010e+01
3.224737335789876624e+01
2.828923463153456552e+01
2.396974680924743950e+01
3.084669327863596777e+01
3.040000326155599097e+01
2.920192836959090599e+01
2.034528744419014146e+01
3.157404622970270580e+01
3.360786461753626497e+01
3.553528447436902127e+01
3.435601727720802501e+01
2.581687638630497261e+01
3.211646952434796987e+01
3.266935633433853781e+01
3.465300303508516322e+01
2.579077142309871462e+01
2.555459560965196175e+01
2.732649917421568730e+01
2.979188808833681534e+01
2.615617186835368813e+01
2.825248115080102806e+01
3.540435812062850118e+01
3.149952594353119650e+01
3.335574379699463066e+01
2.823007226895970589e+01
2.616174288518620372e+01
3.003397710721635505e+01
3.671580111263873647e+01
3.321308423628783402e+01
2.845527384621906464e+01
3.488785087815983132e+01
2.459483924509321540e+01
3.343101797111417284e+01
3.421392523648759720e+01
3.240656325549331029e+01
3.087568486694221193e+01
3.186686426402952677e+01
2.599242520822583202e+01
2.991734517404579208e+01
2.574079972742656608e+01
2.554665319824123060e+01
2.994737967132902767e+01
2.942439667063752751e+01
2.250450642600481999e+01
2.848575258227461049e+01
2.972203984967659451e+01
2.318623914611501036e+01
3.154827028573408754e+01
2.557671209006457502e+01
2.770370703476200802e+01
2.292558076354441710e+01
2.383382973456397735e+01
3.055136882402718257e+01
2.282804881995977198e+01
2.905571992707826467e+01
2.001571062766282338e+01
2.843399640580766174e+01
2.913484404786292004e+01
2.852457202277894766e+01
2.791635657585824859e+01
2.050885228423096862e+01
3.369290478223241081e+01
3.097828710665766394e+01
2.557229934776274050e+01
3.526067826508656111e+01
2.687531190208919440e+01
3.060625779771630661e+01
2.882036642052039710e+01
3.215528713133404182e+01
2.381100468509585255e+01
2.530003539858683226e+01
3.383966230343406068e+01
3.175538118872976767e+01
3.621688856270852597e+01
2.894546834386415668e+01
3.120560482205397079e+01
3.454871655691328414e+01
3.101127980577074794e+01
3.179152461381305272e+01
2.590939427783708027e+01
3.257148533118505185e+01
2.724843187088238494e+01
3.021822398670807530e+01
2.487370112037521963e+01
2.195236017553302688e+01
3.243465302534513484e+01
2.515971657641965109e+01
3.097763233728213450e+01
3.248699516533528708e+01
2.542769491045453378e+01
2.623914948341389675e+01
2.869904327682060696e+01
2.499398781739708397e+01
2.780679542640606883e+01
2.780133634797137887e+01
3.191650393035017430e+01
2.552596863902304491e+01
2.757540662185737901e+01
2.389103938942474770e+01
2.208867221040579665e+01
2.414521634284836082e+01
3.345156265253693562e+01
2.838616517320470223e+01
2.770106654301399018e+01
3.261077995063879342e+01
2.830687244893925225e+01
3.055194012844266638e+01
2.899436725951749239e+01
3.094129507285209968e+01
2.560361662592398702e+01
3.192536215848673820e+01
2.429846648750423199e+01
2.651611813207602708e+01
2.470781552434854333e+01
2.835340225295903238e+01
2.536716073533109395e+01
2.678027431526320612e+01
3.032236942377189948e+01
3.118356132251573598e+01
3.297678707466781844e+01
2.604076521203221262e+01
3.091488372617958191e+01
3.342691647572046065e+01
3.052884019560325513e+01
2.285085709674500976e+01
2.439070299660775376e+01
2.238349117738247784e+01
2.515334139162610327e+01
3.545151714969007628e+01
2.667574021796444583e+01
2.630806333498036764e+01
2.877916329147285168e+01
3.110759468812902639e+01
3.311314540878527879e+01
3.030717826154230110e+01
2.314753440969845144e+01
2.735281129003796607e+01
2.664802065419599941e+01
2.886875545033230495e+01
2.990731987180628693e+01
2.723705593817901516e+01
2.840287199660422246e+01
2.984467840379592474e+01
2.940012567688113521e+01
3.228251151887666737e+01
3.019911700505117835e+01
2.492519093370283301e+01
2.442150057351916814e+01
2.197351684327076171e+01
2.607518665013414250e+01
2.917628288386390523e+01
3.015361942679692575e+01
3.153791576159203203e+01
2.943769446255476296e+01
3.440351469242835236e+01
3.213815246337007636e+01
2.330704903477336387e+01
3.213887621933243821e+01
3.347288382018054165e+01
3.490225076497397794e+01
3.139408435112796170e+01
3.383208259083158254e+01
2.297906845649659147e+01
2.983526811594393990e+01
2.951723650104597141e+01
2.293411845902429747e+01
2.142024630320369027e+01
2.908073149564285131e+01
3.162515894210337208e+01
2.731464439980382153e+01
2.402221470477899601e+01
2.362248688541569663e+01
2.815550342348105772e+01
2.326239224914445458e+01
3.067473377551136693e+01
2.742392782978477328e+01
2.546117751294881870e+01
2.996607627308118538e+01
2.514084698452793987e+01
3.119391729478611808e+01
2.769549817600990238e+01
3.288770425808791487e+01
2.559126169433038811e+01
2.351610400940713674e+01
2.615608955866128937e+01
3.111333685068627375e+01
2.612996728394361412e+01
3.374488171484742338e+01
3.394870660668264151e+01
2.918037967706028368e+01
3.149935443830093718e+01
2.941943629470185684e+01
3.442175565839141882e+01
3.510395046151775489e+01
3.028235748304199504e+01
3.234202216750784231e+01
2.841353652836299659e+01
2.858724207078563495e+01
2.896938912889826057e+01
2.734956713523573058e+01
2.717348048710791630e+01
3.014892185716132289e+01
2.991239788418266343e+01
3.165804515759171167e+01
3.593010575743844015e+01
2.682419604798096913e+01
3.043456337782855670e+01
2.926534825386795902e+01
2.568241825794848410e+01
3.266138440868903103e+01
3.335082130781551513e+01
3.036109282000722587e+01
3.110031936872404756e+01
2.734812134151151852e+01
3.303454547161962296e+01
3.569054404644730027e+01
2.534343933325585496e+01
2.937071703368832942e+01
3.364489435129312511e+01
2.432121705486072116e+01
2.596334329959458742e+01
2.779542425238040337e+01
2.516993262131332898e+01
3.030423624112552261e+01
2.237229322788762786e+01
3.166423130373527428e+01
3.304265214536010120e+01
3.062731977309940135e+01
3.336555140120891849e+01
3.477926768973833305e+01
2.677272663222290205e+01
3.331240335424539722e+01
3.079873978554838487e+01
3.064861815610391815e+01
2.016874082539112933e+01
2.749277637180570011e+01
3.374798409323365433e+01
2.848183974558215326e+01
2.753258895139135731e+01
2.847250135358165579e+01
2.596850557038759888e+01
2.865033333459950526e+01
3.084349818495011419e+01
2.877648401188314153e+01
3.348988748136838467e+01
3.052395689288956149e+01
2.417088817405550216e+01
2.342830869165825192e+01
3.143975148871475156e+01
3.195632467242862518e+01
2.392337766965397350e+01
2.587239107413681438e+01
3.095931641948049418e+01
3.606538771925235665e+01
3.159888978702180395e+01
3.090781383870519505e+01
3.172613807395135765e+01
2.894266576477747321e+01
2.634404089268226912e+01
2.307803762273356440e+01
3.380258331852412823e+01
3.250926912684791148e+01
1.940078400217070254e+01
3.444924186245050635e+01
3.000694728937891753e+01
2.495289634871880935e+01
3.265411617617365181e+01
3.003730819464679769e+01
3.195654597503784800e+01
2.936378735881916668e+01
2.841713206728031693e+01
3.234502463221118518e+01
2.328908796931115432e+01
2.833222410734592955e+01
2.418568955445837076e+01
2.208085749142515297e+01
3.160349177430969192e+01
2.874978250168575755e+01
3.005257440509072353e+01
3.531455894121260286e+01
2.921005588430302069e+01
2.889138538900974140e+01
3.319878068860696629e+01
3.154589405009088310e+01
2.788673997763963186e+01
2.912508869293355218e+01
2.528029586150400476e+01
3.473305657941267555e+01
2.424649513587369043e+01
2.862977776644997263e+01
2.841742054830043429e+01
3.236076053102231498e+01
2.768892293192748610e+01
3.284122216397353355e+01
3.231339861551936821e+01
3.485846219421823378e+01
2.709184068971721615e+01
2.984269741201977766e+01
2.774983198369590909e+01
2.559789008035289015e+01
3.053377930922776429e+01
3.047577541549102165e+01
2.950118439051611929e+01
3.219359581485240795e+01
2.391300341865343526e+01
2.352768950039369500e+01
2.636245477684036942e+01
3.346148925404911267e+01
3.162090885490280101e+01
2.606386183627114761e+01
2.623420753330949040e+01
3.036951409357481779e+01
3.074186967360973455e+01
3.416241424410331007e+01
3.152674967899089609e+01
3.060849196529228067e+01
3.177273521388909572e+01
3.109777402435860694e+01
2.997722767525456788e+01
3.245018337286659005e+01
3.181395802695650943e+01
2.842979869572749863e+01
3.015591349145731570e+01
3.283376994598848597e+01
2.977753564129769259e+01
3.359394758385681712e+01
3.040275512574480032e+01
3.125071093080497775e+01
2.860908854315394478e+01
3.007035672495428358e+01
2.821043671377316997e+01
2.300837978217832713e+01
2.680479191445656895e+01
2.403450470957674767e+01
2.630172683929552235e+01
2.836231920926196537e+01
2.960335943755217158e+01
2.630407419217975828e+01
3.453798255487517110e+01
2.774288351545830977e+01
1.936068610537258650e+01
2.914335914711543296e+01
2.917639239570394949e+01
2.854972694980889614e+01
2.290576520884951961e+01
3.405691013740321438e+01
2.554737248286447837e+01
2.574329698589680504e+01
2.550082046084262188e+01
2.573480204253138481e+01
2.541333395957354568e+01
3.248576345498334916e+01
2.776231325754289614e+01
2.556800065668416266e+01
2.773822207510337279e+01
3.217555968327737048e+01
3.234287203613567385e+01
3.312880369452435758e+01
2.474256569066149325e+01
3.322801323737647294e+01
2.954653428033034501e+01
2.570442443425794465e+01
3.284389999133292548e+01
2.649142930962095122e+01
3.059402618961715348e+01
2.512412795526224940e+01
3.202754248139770965e+01
3.166180728867923122e+01
2.552012057869395889e+01
2.452657368148796735e+01
2.622840561633252321e+01
3.303264835339156491e+01
1.898064102817088639e+01
3.292141710204979432e+01
2.353691024700591683e+01
3.178764849854830388e+01
3.086866664025217588e+01
2.766484881830369247e+01
3.423537857974658039e+01
3.207804146966676484e+01
2.394767740123765165e+01
2.910271112859065568e+01
2.572283222699985572e+01
2.654429928978426645e+01
2.772406797702878478e+01
2.963506764715616271e+01
3.294246367655915719e+01
2.697619960769271330e+01
2.810413216374917766e+01
3.109100995768808673e+01
2.173340748939964584e+01
3.313704455167989238e+01
2.869804627049100887e+01
3.241871171419961684e+01
2.674673385968656092e+01
2.837133223832087836e+01
3.129019356627965109e+01
3.000173147035441090e+01
2.928870472192235397e+01
2.718721172498203842e+01
3.194808606914133975e+01
2.792551120897399741e+01
3.359006341254703187e+01
2.433496402524482605e+01
2.775182769251830450e+01
3.023686792508076948e+01
3.110329843533344274e+01
3.417270267237451264e+01
2.716172595683560331e+01
2.861020011958414244e+01
2.958033610363629862e+01
2.638454135144640844e+01
2.677390891773258375e+01
3.368820103216249606e+01
3.414041612104346513e+01
3.302283935617303001e+01
3.118215020521974878e+01
3.493401550240072595e+01
3.389621157752621627e+01
2.985990466237814900e+01
2.706065069056959871e+01
3.264337280162243360e+01
3.391117124155824314e+01
3.061718812811964341e+01
2.263138004226556177e+01
3.189788903835755107e+01
2.955091494724209511e+01
3.309198336221243864e+01
2.293697415554456853e+01
2.392644319732961122e+01
2.909034504783069508e+01
3.540883500583007049e+01
3.576361879482382022e+01
2.737037829619886864e+01
3.175381270014682755e+01
2.847843263292113392e+01
2.777101332616492613e+01
3.466347932073784222e+01
3.189371147899266035e+01
2.397770523344575011e+01
2.875403488128376850e+01
3.308611713007168476e+01
2.617788766105585196e+01
2.799630840726451098e+01
3.257502396566211189e+01
2.279532100570033393e+01
3.276478329586874594e+01
2.942680372617331130e+01
3.012443428709897120e+01
3.120068113274045984e+01
2.515669987374057115e+01
2.913976242996255550e+01
2.771159023677406452e+01
2.497670626950231565e+01
3.374391132390562831e+01
3.022206356837963881e+01
2.258530046742278330e+01
2.772922311142393070e+01
2.685538380200442532e+01
2.645657195395725481e+01
2.733223030521565278e+01
2.929088676359162591e+01
2.628306710364303100e+01
2.194224385810290912e+01
3.008988055530842587e+01
3.356004049697505565e+01
2.891531101522578240e+01
3.032934952746149904e+01
2.456278277280301836e+01
2.844762068878723227e+01
2.609848681641384260e+01
3.032861517481832792e+01
3.205487710821041958e+01
2.854985948439906807e+01
3.497306982377595830e+01
3.125628503796041358e+01
2.807595835502216985e+01
3.031264885557621724e+01
2.469490656254418681e+01
2.264547890548460174e+01
3.220162575664625138e+01
2.826564386643190474e+01
2.644294751572215318e+01
3.019741415974807452e+01
3.214837111580967388e+01
2.734199096410641872e+01
2.466397824818377416e+01
2.748674442364323411e+01
3.264863130768136301e+01
2.955585385848042890e+01
3.164142413812155752e+01
1.966831028518054225e+01
2.464539586990028397e+01
3.282859221572651620e+01
2.471913853642847414e+01
2.582898555190980971e+01
3.333392934137942376e+01
3.268602256526185812e+01
3.311173376200999030e+01
2.805591140774942716e+01
3.233294546519258006e+01
3.274848506459660769e+01
3.375197367857157360e+01
1.968629131424196288e+01
2.794469358827910455e+01
2.698048029362681888e+01
2.766839386238256893e+01
3.458398847919677621e+01
3.036294843539212707e+01
2.996835568467127686e+01
2.852689368383822455e+01
2.786818063023650183e+01
3.045880324135183059e+01
3.129264479923923759e+01
2.925248299201682300e+01
3.235099087264600826e+01
2.329401009373254894e+01
2.692700989851066495e+01
3.126280522718226607e+01
3.600185338920614697e+01
2.840414315612537877e+01
2.391214506448572408e+01
3.527820638033798417e+01
3.532618426052213323e+01
2.134137952131534632e+01
3.190123038631335106e+01
2.683309602902449598e+01
2.723033892358902008e+01
2.985675276254832156e+01
3.377795289872398854e+01
3.103573282772508435e+01
3.299690515732102369e+01
2.862323865700482983e+01
3.134570999237780953e+01
3.139305893457050800e+01
3.243726310687272019e+01
3.576988429272973491e+01
2.234441363841661854e+01
3.200761423940097217e+01
2.877962899008393549e+01
3.208466841907295475e+01
3.339447464865826731e+01
3.387267199197841450e+01
2.615784267801035767e+01
2.847141274814692835e+01
2.323517873930024180e+01
3.051542245069289194e+01
3.046604782637362518e+01
3.026530764502937743e+01
3.166444325952087979e+01
2.793949477167882733e+01
3.168065532670210516e+01
2.487375229256583964e+01
3.356452381451473599e+01
3.290044938326926172e+01
3.045131997178544836e+01
3.488414177306347597e+01
2.959232783652722532e+01
3.303445075193584302e+01
2.813785651435651403e+01
3.069298398190723631e+01
3.423566443268573067e+01
3.023679407159001897e+01
3.523567052073213546e+01
2.517387187746430754e+01
2.863641666149356624e+01
3.175597156497838114e+01
2.634090406374623683e+01
2.824364358430466027e+01
2.810515554600158339e+01
2.735427111309407167e+01
2.561418517841871534e+01
2.362168102000192249e+01
3.169752257580593380e+01
2.613287583549405824e+01
3.220616039445434353e+01
2.000314567574669411e+01
2.651052100355344265e+01
3.190313596064245871e+01
2.957461856686312274e+01
3.388124094221580407e+01
2.896804928366823972e+01
3.131490583808921713e+01
3.279315531044625232e+01
2.523568842943849688e+01
2.575397803170330135e+01
2.967545397982565447e+01
2.878755453601250736e+01
3.395595357856883112e+01
3.151166810313041466e+01
3.166095586404851758e+01
3.442656100631954530e+01
3.311326554792483279e+01
2.760111208151420570e+01
3.344473115879979730e+01
2.468090436396406062e+01
3.386425400515489059e+01
2.899844200285773965e+01
3.056287833706392831e+01
3.544489128839229153e+01
3.181074383971261810e+01
2.816054751378978338e+01
3.030229306993049931e+01
2.716806554981468835e+01
2.593464859998368510e+01
3.288706648276505007e+01
2.958586266916613639e+01
3.093139298837451889e+01
2.952581536167483733e+01
2.113046584584541421e+01
2.510929256191547410e+01
2.591220650414972582e+01
2.873897798148128402e+01
3.533114896558316786e+01
2.782975491148922487e+01
3.436456679708624051e+01
2.474195425348692368e+01
2.936690215274797211e+01
3.100539026057665737e+01
2.738189730142097034e+01
2.776952182626392940e+01
3.267610899139999248e+01
3.003301973752438769e+01
2.880151255656973674e+01
2.734414991071701095e+01
2.405985808723518815e+01
2.781127175007060970e+01
3.035251650288574865e+01
3.198320002018630959e+01
3.429516143977005527e+01
3.188458822030875695e+01
3.210412031001155242e+01
1.893932138647298302e+01
3.390514918981461534e+01
3.221386709346310084e+01
3.159312661144072010e+01
2.492441189884571173e+01
2.766346242129557353e+01
2.751838631075694863e+01
2.615290952601788277e+01
2.016739263862894660e+01
2.387213451108320328e+01
3.161765127665187336e+01
3.172746560488801393e+01
2.581072480029730087e+01
2.766635013166118995e+01
2.243579618169799872e+01
2.648469372076828776e+01
2.743916819296646636e+01
3.290957618112009442e+01
3.300501448949706429e+01
2.978471748356539806e+01
3.407747543136216706e+01
3.224902422871864616e+01
3.295208000622940148e+01
3.179377390649064594e+01
3.310295201061374826e+01
3.115772453661714181e+01
3.207942837529423485e+01
3.379858081248861623e+01
3.010803087948692536e+01
3.230808423294126897e+01
3.169496432318938517e+01
2.936300505107427483e+01
3.375122080350740106e+01
1.961534533331295549e+01
2.935375979834050497e+01
3.231631407940761846e+01
2.603043344640792611e+01
2.706110453645358760e+01
3.159306180823728383e+01
2.691459785157424278e+01
2.761268994543936017e+01
3.067224869191356973e+01
2.975795428248126839e+01
3.529062979517718901e+01
3.479044252669041271e+01
3.080838352892723364e+01
3.298720997708284841e+01
3.253578599581506126e+01
3.206671236148983439e+01
2.499470779578187418e+01
2.304439040461830501e+01
2.252532660264367337e+01
3.361891291119888336e+01
2.942878747168024489e+01
2.823461928492519135e+01
3.029430816225266554e+01
3.067683847407232989e+01
3.039557853152547651e+01
2.256545235685122108e+01
3.241085615296154998e+01
2.351317733162185419e+01
2.892748266207057739e+01
2.783732270345263871e+01
2.608795050837739637e+01
3.279626236014829033e+01
2.589282529324351501e+01
2.707043681367748533e+01
2.800529352599705746e+01
3.167475104756941917e+01
2.545673556475154697e+01
3.143092503121339476e+01
3.007607895797210418e+01
3.108792030111406035e+01
2.946273252188089131e+01
3.229153442968600274e+01
2.963595723596355214e+01
3.355608184341584632e+01
2.256661559012073326e+01
2.813190010530135154e+01
2.037942243984948476e+01
2.567131500670053157e+01
3.010223277656109531e+01
3.213982797954943038e+01
2.895487615562208106e+01
3.057350922666214643e+01
2.939123778906867912e+01
2.966182616734522171e+01
3.007997371842949619e+01
3.024931523051064630e+01
3.226144442827846603e+01
3.134959985000291738e+01
2.640262598502490121e+01
2.962396634007170348e+01
2.729519614241849723e+01
3.332639809496063066e+01
2.911564944539837185e+01
3.070867032123826590e+01
2.324903537212434301e+01
3.343470416750285068e+01
2.718430890211783435e+01
3.083708442698372565e+01
2.646910407526239695e+01
3.148704755769126606e+01
2.528533964177053761e+01
2.856560888406146859e+01
3.362266716070455175e+01
3.480700396026417565e+01
2.829026930150483921e+01
2.867002239067193514e+01
2.346132989134903113e+01
3.232124597438058800e+01
3.367850907789187431e+01
3.214563067596759538e+01
3.029610677535399788e+01
2.874020954252717530e+01
2.368057004586209047e+01
2.501062831019528687e+01
3.264153444185850361e+01
3.036733966632089832e+01
2.873582858388036598e+01
2.425445607785840352e+01
2.834885558807858175e+01
2.618104229177292908e+01
2.827261298727579231e+01
2.975257006394499726e+01
2.673551891176626683e+01
3.089998353255236907e+01
2.960846773923456610e+01
3.514109996676507564e+01
2.649124864347799857e+01
3.065333784336437972e+01
3.037259292451805592e+01
3.282606146353209198e+01
2.991469207323018153e+01
2.912422522639619871e+01
2.576488494439079346e+01
2.743082155631946506e+01
3.477139814119637862e+01
3.193468882999068725e+01
2.816152305615785778e+01
3.586949061876758549e+01
2.797797494718013667e+01
3.039097333921842292e+01
2.933713148444448038e+01
3.179257243645121278e+01
2.890205161838957082e+01
2.857901955510281766e+01
3.053464773055072712e+01
3.225985060249426084e+01
3.445602130729403001e+01
3.218439510103528534e+01
2.932435539392256629e+01
3.258247240315758830e+01
2.870417303943307630e+01
2.930747157818036897e+01
3.007027720082702160e+01
2.400861813218432061e+01
3.261588345036172143e+01
2.831577305781389597e+01
2.309614817814565058e+01
3.255441044816866736e+01
2.909336566048137129e+01
2.971482623762707576e+01
3.168348539064339775e+01
2.338634361611259393e+01
2.596961345420435663e+01
2.633719761921523528e+01
3.211087999299071782e+01
3.297328520363613791e+01
2.392809535730334858e+01
3.116948209095569666e+01
3.221715758756533887e+01
3.590145987500052627e+01
3.294358250200945548e+01
2.764118546479758010e+01
2.803017172633584764e+01
2.362236181960993875e+01
2.878247811762627606e+01
3.453693406039906222e+01
2.927369132997971235e+01
2.971145616263898503e+01
3.108118694916908353e+01
2.997514864477483343e+01
3.411017030853661680e+01
2.830624500309875557e+01
2.347281359267905287e+01
3.352836800211676405e+01
2.875934946288050753e+01
2.977707206288355124e+01
2.486761969463934108e+01
3.007801362006637191e+01
3.469206122018175620e+01
2.708410489361644480e+01
2.448366471987476345e+01
2.447701866778620072e+01
2.925017426667558240e+01
2.620101492313401437e+01
2.427578698213191544e+01
2.859117756972441171e+01
2.645590360461017099e+01
2.638009546517473325e+01
3.197020584256953768e+01
3.071045384398762579e+01
2.322376307330132406e+01
3.687235303826471977e+01
2.384072399311519064e+01
2.793986141097532538e+01
2.481667902450782393e+01
2.762383897527742604e+01
3.572114177089975584e+01
2.598558441639745098e+01
2.737804911795566198e+01
3.284129374281933877e+01
2.820889542330973043e+01
3.117873145518255029e+01
2.936355275555302669e+01
2.520661172561295515e+01
2.753108897744776584e+01
3.654242652117073220e+01
2.713656651035973510e+01
2.662991301500695940e+01
2.683798338127101601e+01
3.294919210699558931e+01
3.349918143864202591e+01
3.329011773250377360e+01
2.695839009188473767e+01
2.908219413897684191e+01
2.777388442176082961e+01
2.895474825960993570e+01
2.585894773996018259e+01
3.202103739215570499e+01
2.960969831741129710e+01
2.081708584973506504e+01
3.246412110718424771e+01
3.342914564412949119e+01
3.228848052278204506e+01
2.849221682623443996e+01
2.808184992409201541e+01
3.405038515480148220e+01
3.354496791980972858e+01
2.963388233595589938e+01
3.486395470729072343e+01
2.698258141224991036e+01
2.623262672165150278e+01
2.560595054882470833e+01
2.931971044089709011e+01
3.323076052050405593e+01
3.785677879645389510e+01
3.116817596501236665e+01
2.846442791224085767e+01
3.068093689845680672e+01
2.644298422694772910e+01
2.510105783330217122e+01
3.365273093932990633e+01
3.402457798691227708e+01
2.206185976721123509e+01
2.995491726011882605e+01
3.201279076561959869e+01
2.465758475205673861e+01
2.032264809454409260e+01
2.766737399096296812e+01
3.457428600042497635e+01
2.602519142103378158e+01
2.933793262171090532e+01
3.409292234414328959e+01
3.134868024594028668e+01
2.572961807184300298e+01
3.123138892196191208e+01
2.889075450948631740e+01
3.469713823753504300e+01
3.558255115262698354e+01
2.551027046145522803e+01
2.601101656458419953e+01
3.086129840103201261e+01
3.110289895510278413e+01
2.894297127941721470e+01
3.118490442691385667e+01
3.186925664316685669e+01
2.631655983775705465e+01
2.792196287725941772e+01
3.120090160545285940e+01
2.697393251712998463e+01
3.317571631157471757e+01
2.488512234037905202e+01
3.097476455877354695e+01
2.436428789834920394e+01
2.837736196650881837e+01
3.251618020042781865e+01
3.431211162515819524e+01
2.670432162685627731e+01
3.170527903606859610e+01
3.049940696836174325e+01
2.862872981726574295e+01
3.108015061439877158e+01
2.463916643379907256e+01
3.589661598520038410e+01
3.187254254441437951e+01
2.424379765524708930e+01
3.452618720892343163e+01
2.918742541999092310e+01
2.878536854864789873e+01
2.856047889677323326e+01
3.124580101982185454e+01
2.698534843653418847e+01
3.440174660652363769e+01
3.005005110878062169e+01
3.611772502445408151e+01
3.090315598557329224e+01
2.074362717984577387e+01
3.150952933013762092e+01
2.914431380536333194e+01
2.845654999763773318e+01
2.655458848768934033e+01
3.101524860584560273e+01
2.544636681596212924e+01
3.382135746846881119e+01
3.167909294570267065e+01
2.723203057537050853e+01
3.087937620248387205e+01
3.371773747156597523e+01
2.888700639894560851e+01
2.214599940211234852e+01
2.820929384659152106e+01
3.174719901072496953e+01
2.741860685653249874e+01
3.260886486463315492e+01
2.760666837012389507e+01
2.704427399385146558e+01
2.720208217443287424e+01
3.148890015415753396e+01
3.422192855533760536e+01
2.196008524227243086e+01
2.002633440565455558e+01
2.244343585084469339e+01
2.556088604783541030e+01
2.417103344635204465e+01
2.514276397616483294e+01
3.251476912967969923e+01
2.539888423142205909e+01
3.133456907754626286e+01
3.654567703977591719e+01
3.173155483316831038e+01
2.671548029663940227e+01
3.245442262994319549e+01
3.371146451462225713e+01
2.661713715556471271e+01
3.164421196658472368e+01
2.447211958877176485e+01
2.657540651438181101e+01
3.247575167856141576e+01
2.482556736559535082e+01
2.980562606356660993e+01
2.274648765696090891e+01
3.137695468532979604e+01
2.247308908818373396e+01
3.141322724564366808e+01
3.071999415407122669e+01
2.818674438300094565e+01
3.233942793554165007e+01
2.590041628971673404e+01
2.921146266011209036e+01
2.863091239244746689e+01
2.926820875570768266e+01
2.844730204513834693e+01
2.894435444163308802e+01
3.236398466337239910e+01
2.736457347323132083e+01
3.244904050186380573e+01
3.180735778629310673e+01
2.907894323203916187e+01
3.316808386212943560e+01
3.174350023105261798e+01
2.638063457177932847e+01
2.727791828662202178e+01
3.122419269155489729e+01
3.452825672216725650e+01
2.054117006460205630e+01
3.192396993471005118e+01
3.040394635700924297e+01
2.598979810680002700e+01
2.271858403677905613e+01
3.500118537073555558e+01
2.996408998726133177e+01
2.677284567014346095e+01
2.937710415592743374e+01
2.998145223630759304e+01
3.259581134973475969e+01
2.986851771498544039e+01
3.237648960083461702e+01
3.017313018938429892e+01
3.226637818091645471e+01
2.617112538623758411e+01
2.174870172780775590e+01
3.118348676015216725e+01
2.989439473122251911e+01
3.335402033093585317e+01
3.276601129740045337e+01
2.096390420240055974e+01
2.909801052084377204e+01
2.991594694678565602e+01
3.392918676473531292e+01
2.531901035855439019e+01
2.688667459614460142e+01
2.979957807432135297e+01
2.772457828053659057e+01
2.828720177352914078e+01
3.109819254385051224e+01
2.320365767577795069e+01
3.016332043414587005e+01
2.415924165755802377e+01
2.180802311194889498e+01
2.690594915484682303e+01
2.573300688365120337e+01
3.011496808208700315e+01
3.055793018859552390e+01
3.306759038703145848e+01
3.450458855207092057e+01
2.411251382495341389e+01
3.049017650915169853e+01
3.326515069255469115e+01
2.845119950018133537e+01
2.294451780731479218e+01
2.755944834005625665e+01
3.489334233838087584e+01
3.570391791235124401e+01
2.708483912945258254e+01
2.576811253301018212e+01
3.080579307109406528e+01
2.855202854579089333e+01
2.273678867016704075e+01
3.563576232420008694e+01
2.782526001375619629e+01
2.482257775778852604e+01
3.062658536460242686e+01
2.378456168590973974e+01
2.067167870130825591e+01
2.366792051881902736e+01
3.219831227513952854e+01
2.474963396251533609e+01
3.179845358384930876e+01
2.261972849741123071e+01
3.031889664655773231e+01
3.142566024207528841e+01
3.415047739569877905e+01
2.409749097564147036e+01
2.879527826291003123e+01
3.023591449273246567e+01
2.420035494842972312e+01
3.660577762830040172e+01
2.277079123202707578e+01
3.300053785410637630e+01
2.861966511676645197e+01
3.176442031139022149e+01
2.644924815839329568e+01
2.814202647552706082e+01
2.547256146602350313e+01
2.474485203925582155e+01
2.987873469697225559e+01
2.495847153101923865e+01
2.679922516189592940e+01
2.134567310399153328e+01
3.128707998007000768e+01
3.216152992832833490e+01
3.418310391488292765e+01
3.412310202618778021e+01
2.655258919500977655e+01
3.264061629986266411e+01
2.895445990617374576e+01
3.292170202527361766e+01
3.291126940179100302e+01
2.401436897395656800e+01
2.850831041656049791e+01
2.329026781705859150e+01
2.708943264132413375e+01
2.645380679266718005e+01
3.405016463567967122e+01
3.214666567810796494e+01
2.283480165048390376e+01
2.885442387486742533e+01
2.903131509242695074e+01
2.955220294826625960e+01
2.625178687680464407e+01
3.163126839928176182e+01
2.150941146488733580e+01
3.115219227961522108e+01
3.351386669705703980e+01
2.651722355128559272e+01
3.205392662953712346e+01
2.960908545522390156e+01
2.914439286353799829e+01
2.401561137366474341e+01
3.300065070256923860e+01
2.932023158222636638e+01
2.938094868541341143e+01
3.113759074664381288e+01
3.074118748972550463e+01
2.484001346950261180e+01
2.633393058691162025e+01
3.008409647879913607e+01
2.997351451548272649e+01
2.650837356683435786e+01
3.143396318276912282e+01
2.849094395292392079e+01
2.637388547195114796e+01
2.640749168734303964e+01
2.545934552375630844e+01
2.851050076528121124e+01
3.015879607853246469e+01
2.431228592448227488e+01
2.245599988030015126e+01
2.339761068756921247e+01
2.832447211914394103e+01
3.108438815642012898e+01
2.289051265167135440e+01
2.768509650208561723e+01
3.200507264705758814e+01
3.293419276255988848e+01
3.189545494481431120e+01
2.937303165247557146e+01
2.224233149812330979e+01
2.832577871989088436e+01
2.690544894851724678e+01
3.183362780019971794e+01
3.616446873040333543e+01
2.946657344503739395e+01
2.816222512536855405e+01
2.308778942650780763e+01
3.075041934850137437e+01
2.379918420600564843e+01
3.367883898621181515e+01
3.247196003984704049e+01
2.861042932266157734e+01
2.320309831099708475e+01
2.546520262535088364e+01
2.786879222900589781e+01
3.154497654560291053e+01
3.119717455249808324e+01
3.511618769420177699e+01
3.138256428458875646e+01
3.566623046114680307e+01
3.475024236755819373e+01
3.521367595193679279e+01
2.974084623068827682e+01
2.436497292569753270e+01
2.892307401562523950e+01
2.920386397237695064e+01
2.242577263711420699e+01
2.896327548925323470e+01
3.194131512084737778e+01
2.388267374564254553e+01
2.758673061803100524e+01
2.536938548656769399e+01
3.133032107743028760e+01
2.685316398227243440e+01
2.321603639750695436e+01
3.458018480900570779e+01
3.136256809497958287e+01
2.772607008363283398e+01
2.310354966774879060e+01
2.610413895268700912e+01
2.760719227796847974e+01
2.113409896246164976e+01
3.513407973711589705e+01
3.179496199248080401e+01
3.567927454798266496e+01
2.954636280649954472e+01
2.504486795830047896e+01
3.175467086870161992e+01
3.003435564211609687e+01
2.948702999839911598e+01
2.878515006338226812e+01
2.176327326507695403e+01
3.155905748838008051e+01
3.062011416898696581e+01
2.984509837106370966e+01
3.279123789058537852e+01
1.875203499040911481e+01
2.733085147595711462e+01
3.411294412026823153e+01
3.147757009751700608e+01
2.673212033153106049e+01
2.422358583521771891e+01
3.413763527451644819e+01
2.257507911905376830e+01
2.891379577563090919e+01
3.142792959019623922e+01
2.847110583371185655e+01
2.448634360345266714e+01
2.780988835258695602e+01
2.936086024155572716e+01
2.886001908343833122e+01
2.716938307583935597e+01
3.338864081939982498e+01
2.760629427691288029e+01
2.593952588346922994e+01
3.002287498472262683e+01
3.041197516254418787e+01
3.257745413685188396e+01
3.045550917407928537e+01
2.492882957496020779e+01
2.948902143106258933e+01
3.179593091236695201e+01
3.223630772652067122e+01
2.615094087391735300e+01
2.504826315104603651e+01
2.940074001732092768e+01
2.898741889499420310e+01
3.565936451023543441e+01
3.329202350332709415e+01
3.359830265401142668e+01
3.479050273069194787e+01
3.195773743782136123e+01
2.505810544242191185e+01
2.781975071536237110e+01
3.204266556621195861e+01
2.638998762881499616e+01
3.093066569819250233e+01
3.187106107746283001e+01
2.771185630859727311e+01
3.457406916806799302e+01
3.142701784897968409e+01
3.356676923202064700e+01
3.230098440108729818e+01
2.691825551197842969e+01
3.039452791284019639e+01
3.203185105127680998e+01
2.391412906524660897e+01
3.019223133127007586e+01
2.784111987650162234e+01
2.701169982892382038e+01
3.141728424709509326e+01
3.099519879863937177e+01
3.439754791344335416e+01
2.940175706468952654e+01
3.229949279241724724e+01
2.772008939562432062e+01
2.527221864560748443e+01
2.522735926463064970e+01
3.440177351321312926e+01
2.803024838350240344e+01
2.727279989271372784e+01
2.585035815926229219e+01
2.778644787673942318e+01
3.071910570443096944e+01
2.719564286095405947e+01
3.114545963562871833e+01
2.200103197476197181e+01
2.256198980437509150e+01
2.941321732846789061e+01
2.289885442731741350e+01
3.311524621729317630e+01
2.219527512349838005e+01
3.147354986927456011e+01
3.273555435418573012e+01
2.508206369419662352e+01
2.237728997401017850e+01
2.526897716786396586e+01
3.067964113183768404e+01
3.446867508938283464e+01
3.011158451211751697e+01
3.410400403876494124e+01
2.510113293737050100e+01
3.100610774540121994e+01
2.695834899284640329e+01
3.591784793450091229e+01
2.710414959567042459e+01
2.818251647763171874e+01
2.960987518388624551e+01
3.357232780678190665e+01
2.392159296435385585e+01
2.333124062356071349e+01
3.186705557998294935e+01
3.306051790461548734e+01
3.306945880720885356e+01
2.068256365129941798e+01
2.579982210873356152e+01
2.556783878670727717e+01
3.027361769298127214e+01
3.404067098610514819e+01
2.904761011304528395e+01
3.121089141091507102e+01
2.867908315216537929e+01
2.933168073127928821e+01
3.110617461425485430e+01
2.665725439704389643e+01
2.808157855421164939e+01
3.403085913996937251e+01
2.969797843034952223e+01
2.577475511179136092e+01
3.140628743595170036e+01
2.330274227541440624e+01
2.989112475679734615e+01
3.085972496431330470e+01
2.664357081329037058e+01
2.849794188476615631e+01
3.229813940613203727e+01
2.925037449227038167e+01
2.189112233700669208e+01
2.859383525291208628e+01
2.389702643100125456e+01
2.825521765086482517e+01
2.665661128745348663e+01
2.702170132383142587e+01
2.922468014068665099e+01
3.423530489177343128e+01
3.461136526986553719e+01
2.900894553653516184e+01
3.214661588354744737e+01
2.774947320788437466e+01
2.990716459648785985e+01
2.838316041982367466e+01
3.234392947780952454e+01
2.233525098786502738e+01
2.839801500439008208e+01
2.573410152180052890e+01
2.728509368707182148e+01
2.960787595143548145e+01
3.363969617582003480e+01
2.797877567795582365e+01
3.480148202315472616e+01
2.495764130047132667e+01
3.083070201241674724e+01
2.674577772519748464e+01
2.676983755877537163e+01
2.736672138548345146e+01
2.396070503356228443e+01
2.965719283941326623e+01
