inverted_mass_ratio
1.491686701292269213e+00
1.331153043104430944e+00
1.942180714495186589e+00
1.217580276412871365e+00
1.543395070081884146e+00
1.215883100376883075e+00
1.393150034477987687e+00
1.557820050094780528e+00
1.048312931192818542e+00
1.084671248078877159e+00
1.791814982837295567e+00
1.116693913373604019e+00
1.828092781019066138e+00
1.379740740732586124e+00
1.152402745242550042e+00
1.114156456133792217e+00
1.104646750789036735e+00
1.377151435854863992e+00
1.024381958147899008e+00
2.136289889266282938e+00
1.008986667845325425e+00
1.601774316141189702e+00
1.753172466803979423e+00
1.447080198412435958e+00
1.897414548990472571e+00
1.485063190438967728e+00
1.691863008388690082e+00
1.794964927856904424e+00
1.208172822652112677e+00
1.642044258738925899e+00
1.896809217747489562e+00
2.023144025065787499e+00
1.944322657196441817e+00
1.889151607115488574e+00
1.280612855195275346e+00
1.282531115629624185e+00
1.533459381751410389e+00
1.728787699163028657e+00
1.541704420798117869e+00
1.505950247521510743e+00
1.138085664046340595e+00
2.413783059269992037e+00
1.800773356071865061e+00
1.224392691396393174e+00
1.161111375080214003e+00
1.297924073630463582e+00
1.024406830609475350e+00
1.038234090310894420e+00
1.134802286623661116e+00
2.004823273079333834e+00
1.619935860257950999e+00
1.502281053389362908e+00
1.556419186971212953e+00
1.024976897710096591e+00
1.365175016433364918e+00
1.044213954977156744e+00
1.616682565052737219e+00
1.395676490172499395e+00
1.139912146332787035e+00
1.309070649034776990e+00
1.132496494232493989e+00
1.003379788924587013e+00
1.430031996204663258e+00
1.274695652837308124e+00
2.138076916778852699e+00
1.004197348323850658e+00
1.187852202060547979e+00
2.238932100536251024e+00
2.022913941738626598e+00
1.770931508510423136e+00
1.290409944819219445e+00
1.420324920361878851e+00
1.292100715342222594e+00
1.181518440892805666e+00
1.180366863573175218e+00
1.522039330912556387e+00
2.319883867035605451e+00
1.165541387009617624e+00
1.601962251420713912e+00
1.117322198039823578e+00
1.114633360361315439e+00
1.385284531345858383e+00
1.087103921681639163e+00
1.524831347269192117e+00
1.515622692077743583e+00
1.943665058743181184e+00
1.018845959943232682e+00
1.407940912352273255e+00
1.092754699884675773e+00
1.299790156465783220e+00
1.303944967365287644e+00
1.672530362525196379e+00
1.588363313716418812e+00
1.824144781744043486e+00
1.271802865583394393e+00
1.246688184572364300e+00
1.076020028457833622e+00
1.424606289009986426e+00
1.105950607395897789e+00
1.390822901580027082e+00
1.316245271651263371e+00
1.405564273802352160e+00
1.651107698273521995e+00
2.433997132572943478e+00
1.123726803972989297e+00
1.699034594744811777e+00
1.038582833047992704e+00
1.004018819113623673e+00
1.849119823217974190e+00
1.314033102520118401e+00
1.468239678703877615e+00
1.050725819605298872e+00
1.250404221883736566e+00
1.279639138383194208e+00
1.435786941298034636e+00
1.242144206644355764e+00
1.109506234313898387e+00
1.110010370350078546e+00
1.073552885839177629e+00
1.083552266802201069e+00
1.444535466907071131e+00
1.229748971699106130e+00
1.089116659586329305e+00
2.256914288421985937e+00
1.160913359874627737e+00
1.198117620032187025e+00
1.245543283815063962e+00
1.076065293590419136e+00
1.982405137655861349e+00
1.281157237425931461e+00
1.193922520936616438e+00
1.666501255795123093e+00
1.267288969561811474e+00
1.338079649679427607e+00
1.285034335264734651e+00
1.129106759579769692e+00
1.391906793528477237e+00
1.358894185073471483e+00
1.181633190924835430e+00
1.561943974166349447e+00
1.922260286430119480e+00
1.358248755469235514e+00
1.037946426219374718e+00
2.356734923297140405e+00
2.488937184528550617e+00
1.709709566294895122e+00
1.164142723167627569e+00
1.448393923792614668e+00
1.082576449578316113e+00
1.492455433490457617e+00
1.680751068522722047e+00
1.074105143052888511e+00
1.318056012043277159e+00
1.302455982494535869e+00
1.546157295263125953e+00
1.127987788421189519e+00
1.807927973515350839e+00
1.330341992507167781e+00
1.658492501931153384e+00
1.049011913230621262e+00
1.219726052411088002e+00
1.206221453837657220e+00
1.139057844397551644e+00
2.217537191512124473e+00
1.396703004914095381e+00
1.552636196069972829e+00
1.061909486594144303e+00
1.163366976419960563e+00
1.105687036954509983e+00
1.175493066542934617e+00
2.172114389522828759e+00
1.464993649618505867e+00
1.308967014352605318e+00
1.313663109912396099e+00
1.243335288422977358e+00
1.080444172878030962e+00
1.014033709819579077e+00
2.065994266942134505e+00
1.010671110827334740e+00
2.295978975220102303e+00
1.352315826080136896e+00
1.448025582185062943e+00
1.916761918283479416e+00
1.207286582787751250e+00
1.111040497069883504e+00
1.804722447515611838e+00
1.693915235372215777e+00
1.039401596346761103e+00
1.092619097441971387e+00
1.008173994313085187e+00
1.172730128447287745e+00
1.168857851122585556e+00
1.306406412702478814e+00
1.302651166187837717e+00
1.716940463227454305e+00
1.038877143197465935e+00
1.283049643142080143e+00
1.080927366196243078e+00
1.301314821201273064e+00
1.515229321233883208e+00
1.599915440769004160e+00
2.004491225490395490e+00
1.072220417048309615e+00
1.423076753126566008e+00
2.016930043988324428e+00
1.155206004213180204e+00
1.029562783000817827e+00
1.085137490108131431e+00
1.923405504603957983e+00
1.240529877455438301e+00
1.756230834810372787e+00
1.772788063212888066e+00
1.866671734467442390e+00
1.272603972705313335e+00
1.345603056991973911e+00
1.928695080052974520e+00
1.395465131530000180e+00
1.013678920082090151e+00
1.162951059822817879e+00
1.799620008643276758e+00
1.123535689087707956e+00
1.334106917170836182e+00
1.097021604109613468e+00
1.300474800945222276e+00
1.121767992928774937e+00
1.627719587698248871e+00
1.382666197699402577e+00
2.046396463109930952e+00
2.105470286688868597e+00
1.056780401078394549e+00
1.862780549918420681e+00
1.386696321010572941e+00
1.375618916259420343e+00
1.156887020661574228e+00
2.244189963429184864e+00
1.017232955418668539e+00
1.444898841805695611e+00
1.272079875155408990e+00
1.716980686932414901e+00
1.627492373226153477e+00
1.017508763049624898e+00
1.130991027527837423e+00
1.144582299332538744e+00
1.497354230944330400e+00
1.528865740905350767e+00
1.576098002640870188e+00
1.579297891633739015e+00
1.019525387310304065e+00
1.588436015926499412e+00
1.606135572604983963e+00
1.170102042011478938e+00
1.121658913401549773e+00
1.323179417985954398e+00
1.213032265989123726e+00
1.099074891460482428e+00
1.679381627957777567e+00
1.504535409861087691e+00
1.561650067535073960e+00
1.060009794786381132e+00
1.044592181654970586e+00
1.133241289824584275e+00
1.380284483523548156e+00
1.185043803616314007e+00
1.557268921480093660e+00
1.026262175092033102e+00
1.035599839311935444e+00
1.136286446843663978e+00
1.555900830347978436e+00
1.045606482834171791e+00
1.612772154285080806e+00
2.221576640451545792e+00
1.635894138307870671e+00
1.829645106858681869e+00
1.019938201542596623e+00
1.328572629849056108e+00
1.966293470565370738e+00
1.735135813536093918e+00
1.255897486473687596e+00
1.012835527269139169e+00
1.600071443296042784e+00
1.069172446524518705e+00
1.532924190700946099e+00
1.405638167039146014e+00
1.661905543659721429e+00
1.119865872673325935e+00
1.308569567748405937e+00
1.208963171826079819e+00
1.150468152600593319e+00
1.573511250355478897e+00
1.817568217401032360e+00
1.244270114575134922e+00
2.048169334593805679e+00
1.471870319728491028e+00
1.266398058896335055e+00
1.473169589447036465e+00
1.674604545794558863e+00
1.589289201395891249e+00
1.886789948530556593e+00
1.329455966738356310e+00
1.002953011117795334e+00
1.028489655984420104e+00
1.094934034193325578e+00
1.015144027213607192e+00
1.630064485763570215e+00
1.237500668086985556e+00
1.538656361921139082e+00
1.128095678057372986e+00
1.257365105729249199e+00
1.242005106128251324e+00
1.065752048835459931e+00
1.134833153904844627e+00
1.241132540648705707e+00
2.933561789548621235e+00
1.645667002932065692e+00
1.198296822808423201e+00
1.181823291250357011e+00
1.814963539038194185e+00
2.154003347362043908e+00
1.631883824165537344e+00
1.162246590247473232e+00
1.000958394575365729e+00
1.620978130040960696e+00
1.586020333186235920e+00
1.169019366425294804e+00
1.650497448070801898e+00
1.100043437075553632e+00
1.032342303768194025e+00
1.048301635134158749e+00
1.063441227822460089e+00
1.373386487159867331e+00
1.075935593044667016e+00
2.062199973557264698e+00
1.678383452022078393e+00
1.671807717878656785e+00
2.419055603863673021e+00
2.022244802698740518e+00
1.023019905637371219e+00
2.726633580446269356e+00
1.495871123951325821e+00
1.057212241700198119e+00
1.991718535001735235e+00
1.039940458733477513e+00
1.298341733092420958e+00
1.022609393744141837e+00
1.467585012780404208e+00
1.145672162847234610e+00
1.248116937605972865e+00
1.687277567090749608e+00
1.081101524305754458e+00
1.672896212900867097e+00
1.400735865482302556e+00
1.459377130386341204e+00
1.216311739259800184e+00
1.363513553933113576e+00
1.378941760742270484e+00
1.943459055961682225e+00
1.139988333930213260e+00
1.549564650939492694e+00
1.252676257244752733e+00
1.531491903653236397e+00
1.192610774631974513e+00
1.744351640876491194e+00
1.289415862795732837e+00
1.238237436865726959e+00
1.427485088677010072e+00
1.264447779496514324e+00
2.058827301834575074e+00
2.353449139914014498e+00
1.109614907883475388e+00
1.490740715037886854e+00
1.084485072055634491e+00
1.444919452125556392e+00
1.566321181101826943e+00
1.479930461326532498e+00
1.163743723854701484e+00
1.133935766850468152e+00
1.351425550124954134e+00
1.145873247770639924e+00
1.371640309816802406e+00
1.403366683688845873e+00
1.338883651923056695e+00
1.408202917447567648e+00
1.144555036247649316e+00
1.112720309233588889e+00
1.056685260002695248e+00
1.560177529241146610e+00
1.343629292853215862e+00
1.693008398310906992e+00
1.983491622881100591e+00
1.221492573269871595e+00
1.476435774157581537e+00
1.387383578004520501e+00
1.312057945872014519e+00
1.610803765995850734e+00
1.431865410858454091e+00
1.230885605654630455e+00
1.935151969841521158e+00
1.420319150624698379e+00
1.983627122094471451e+00
1.283716710522557980e+00
1.069493656741274945e+00
1.199010574608495361e+00
1.705857964788153325e+00
1.367650422517523223e+00
2.271816976321018533e+00
1.502539201070058006e+00
1.036997935337975463e+00
2.175427270059754559e+00
1.078572607005654493e+00
1.353633376498527996e+00
2.336508635757867491e+00
1.161781099631397751e+00
1.043049840032363118e+00
1.164792035407643089e+00
1.326856728575630973e+00
1.832056902670601950e+00
1.189384109143859725e+00
1.548793377894888135e+00
1.662225273223880917e+00
1.526716327750988533e+00
1.729799669620910363e+00
1.114794442761109394e+00
1.958337176392669576e+00
1.245263225547428299e+00
1.102667992141562081e+00
1.444002726127147751e+00
1.554267843266635030e+00
1.548111238431286729e+00
1.438818754665627031e+00
1.547274214640385503e+00
1.433766831478828996e+00
1.380505647646960821e+00
1.271591471468245249e+00
1.427539788072881288e+00
1.464688792645953530e+00
1.349731344765334073e+00
1.758686698461181530e+00
1.520432153963967581e+00
1.327976433500102305e+00
1.032853682708404941e+00
2.269844651104384603e+00
1.268571623555715844e+00
1.665208912530713237e+00
1.873422221771180007e+00
1.596855257461531341e+00
1.780785163159138929e+00
1.838403503074006684e+00
1.319604793267062925e+00
1.175863394647518989e+00
1.247611619099010527e+00
1.469523449556933370e+00
1.242619885945638547e+00
1.297553266144680473e+00
1.225415969219515677e+00
1.430324052986929440e+00
1.221329550647133777e+00
1.042716874339949085e+00
1.097213107691492384e+00
1.623659486817095265e+00
1.286659507581586315e+00
2.025548384583662820e+00
1.307870374780386147e+00
1.680659401088526295e+00
1.157673977604172677e+00
1.477472135309556123e+00
1.352552880617734932e+00
1.567066893109012371e+00
1.223867911077498150e+00
1.156106784486870875e+00
2.241072478530556022e+00
1.174692310827004205e+00
1.150960700602950748e+00
1.245199705751065311e+00
1.372466117464011148e+00
1.205793694032368357e+00
1.174552764184374709e+00
1.257503778946221340e+00
1.196758449543111391e+00
1.538969285278819488e+00
1.493782145713123510e+00
1.807888016765224926e+00
2.250869300632384995e+00
1.065090778881019107e+00
1.055157185930748476e+00
1.311072535904185044e+00
1.749705878256625713e+00
1.347200075769312999e+00
1.642105426443994709e+00
1.075368669701505242e+00
1.266107986562548415e+00
1.466047185011167597e+00
1.529450451321010540e+00
1.761647406979409691e+00
1.323372103112263609e+00
1.421951923240329041e+00
1.488768802310532324e+00
1.083501899274628588e+00
1.359113876479191241e+00
1.325632312848106897e+00
1.834128957130937820e+00
1.389690421838710055e+00
1.595248578592187050e+00
2.137550757943996960e+00
1.962501307142580087e+00
1.587989575129905351e+00
1.028987437720275011e+00
1.415280142362827620e+00
1.011017667277313903e+00
1.270121256974306334e+00
1.676383006233799877e+00
1.502792365734279212e+00
1.930096155208747000e+00
1.096760645260959510e+00
1.454386132754173611e+00
1.376102928523224467e+00
1.389628946792338393e+00
1.435562632997994692e+00
2.356125465844388422e+00
1.161596564067215009e+00
2.038024020143630821e+00
2.025073959690991909e+00
1.295482576980480527e+00
1.995006661399655989e+00
1.354021736153456557e+00
2.004522063806727150e+00
1.747557681537230012e+00
1.261885284465413815e+00
1.049635474274965619e+00
1.031282479962745580e+00
1.390477436246157605e+00
1.215029331130708545e+00
1.348219311389567077e+00
2.344682478686830773e+00
1.746548277555697970e+00
1.792442507133597873e+00
1.398867027408527308e+00
1.183491959574483277e+00
1.019973811042037992e+00
1.099600627621869053e+00
1.396473659569536174e+00
1.609424450870606149e+00
1.925848357136265676e+00
1.539780971636288243e+00
1.229826829152624423e+00
1.451537578467275491e+00
1.271571416723712655e+00
1.561381552836263786e+00
1.208712988843170022e+00
1.394489316901721621e+00
1.552624705353805812e+00
1.010228783848772682e+00
1.640833275655419143e+00
1.025440348625084486e+00
1.639037410109928317e+00
1.889760220176663008e+00
1.136304306555447452e+00
1.056880591437381556e+00
1.283537699556086764e+00
1.398288030565474571e+00
1.008320162968999512e+00
1.364234325440803364e+00
1.126472052642397026e+00
1.138973113515868052e+00
1.336521896197220505e+00
1.193029310717350189e+00
1.448745711472461783e+00
1.927881269835970413e+00
3.015047767264226852e+00
2.278323929339521658e+00
1.500266457072652493e+00
1.461816500176386979e+00
1.448383584890794218e+00
1.147968641104279763e+00
2.003872026664633044e+00
1.041217545773928776e+00
2.080060617427569092e+00
1.494357445622972458e+00
1.162460443150854728e+00
1.203677683141302968e+00
1.635932937966347422e+00
1.019112103364966382e+00
1.244315408481867946e+00
1.161536274774099819e+00
1.485216227931231536e+00
1.677279886524071451e+00
2.248423252695272545e+00
1.018533808074778557e+00
1.766323571062168307e+00
1.010057686809983979e+00
1.827958816938312303e+00
1.016322807017006724e+00
1.182708841011345990e+00
1.227211139308907573e+00
1.837339586430072558e+00
1.407871912806732073e+00
1.536441023447841392e+00
1.175341412904513216e+00
1.375060895878948086e+00
1.333332624282024925e+00
2.594273530787950754e+00
1.309075519148240829e+00
1.443541956840924900e+00
1.729192216187307007e+00
1.090616591201622798e+00
1.140637088578502656e+00
1.042411361407536541e+00
1.910274244077540651e+00
1.344311490013455845e+00
1.169437082397726257e+00
1.406016718225528983e+00
1.008741275849602603e+00
2.204516708910480904e+00
1.501843818098456573e+00
1.263416306139591105e+00
1.953440296450621450e+00
1.064842525786455107e+00
1.335768987463964441e+00
1.540611414379920996e+00
1.468435710569655495e+00
1.894600293221562204e+00
1.091502231075982099e+00
1.227304367133459584e+00
1.014204684992465078e+00
1.079353229207986820e+00
1.429461377063173888e+00
1.875581166557350743e+00
2.014575732870818037e+00
1.009907654465920013e+00
1.404685100289408073e+00
1.936467524569865706e+00
1.960122080654475463e+00
1.085305348062821640e+00
1.526232837037057033e+00
1.700655455750882172e+00
1.001297248539734452e+00
1.224650007633652837e+00
1.206489889010900596e+00
1.124891228900829487e+00
1.024418632422539055e+00
1.701815208050474482e+00
1.491330349596107219e+00
1.063563911862421829e+00
1.441645059406368778e+00
1.737014898120466944e+00
1.033307793737411107e+00
1.013640313395827608e+00
1.315565605472271971e+00
1.376845346971444117e+00
1.645415365847803901e+00
1.709575803486848233e+00
1.364743070261947189e+00
1.831782009461534910e+00
1.954028624050089036e+00
1.204681944281514427e+00
1.461018761786149867e+00
1.104524403198775540e+00
1.442581954536538591e+00
1.387509971315471047e+00
1.274608639945343569e+00
1.108412077730104528e+00
1.270470143535440855e+00
2.066520385336843457e+00
1.038388504766344811e+00
1.142156150249386659e+00
1.014994486789506212e+00
2.167639888315610719e+00
1.953213820023870007e+00
1.014822963813139856e+00
2.024456526581025262e+00
1.417764852457038760e+00
1.570818062075387767e+00
1.025368521522139531e+00
1.012492911373533255e+00
2.282382191918137959e+00
2.321752656518218494e+00
1.399714582799764351e+00
1.351457394965693837e+00
1.312183635433168627e+00
1.356306812417073848e+00
1.416715508039374294e+00
1.138788131791306446e+00
1.437390517573820414e+00
2.347127452073725085e+00
1.185604664379084960e+00
1.539674615110936839e+00
1.058825577609521895e+00
1.199322119464235614e+00
1.579795067695651145e+00
1.237002861794685771e+00
1.623828738361351220e+00
1.695431570530566479e+00
1.581249420520562277e+00
1.148525640668272674e+00
1.184885637292083516e+00
1.132048906304701896e+00
1.635822077189926116e+00
1.395672056254366744e+00
1.456978863845354910e+00
1.758560026728344994e+00
1.806088034734339987e+00
1.590420140094825685e+00
1.300770216180392014e+00
1.695263557713635238e+00
1.229638279804169398e+00
1.038919774970979537e+00
1.124541242975079403e+00
1.516778112560946301e+00
1.539802955248526617e+00
1.486856688289870609e+00
1.028757914805763951e+00
2.377122796349836253e+00
1.288052186031486190e+00
1.075654551891886967e+00
1.391602624087558970e+00
1.090240487722605067e+00
1.754066867923907758e+00
1.108856450684597483e+00
1.108278404592578870e+00
1.243122627872524255e+00
1.005589466682757838e+00
1.415896619776029208e+00
2.263097468101595844e+00
1.649125866830467801e+00
1.223139738739067450e+00
1.833367372572838105e+00
2.332425954250870959e+00
1.311381471358595618e+00
1.141985193899597739e+00
1.524620878404431723e+00
1.705103479767455799e+00
1.798071724871487254e+00
1.166865474980464112e+00
1.790490225286624826e+00
1.050389355261921676e+00
2.103041651198591211e+00
1.051009681028233889e+00
1.275325726680742511e+00
1.414434823733343283e+00
1.017548879893931169e+00
1.125848240651813548e+00
1.167489611826498130e+00
2.065013206546099767e+00
1.615400402518307299e+00
1.557295351563860120e+00
1.144340204149620455e+00
2.041428875234816420e+00
1.316533756964413993e+00
1.022513004407389792e+00
1.199034853284391966e+00
1.014677263718582356e+00
1.130255099859621026e+00
2.107559514572360015e+00
1.004990353132127590e+00
1.787375956034788160e+00
1.526818818277319911e+00
1.026312750612266900e+00
1.241153393802375993e+00
1.432117680792557524e+00
2.227755786580241537e+00
2.386364570948278807e+00
1.889701218128748250e+00
1.338234391457043593e+00
1.785285890811264764e+00
1.410430114900129928e+00
1.177302945128172684e+00
2.220984417679872092e+00
2.122583863641627655e+00
1.298662597895630544e+00
2.018647960464995617e+00
1.395890467482041819e+00
1.109467877266697711e+00
1.571322237203235384e+00
1.575224232120950196e+00
1.897520676507409965e+00
1.545125655441002221e+00
1.015371466457937188e+00
1.782668836414849745e+00
1.022171275124508671e+00
1.676975000157596929e+00
1.038282829478114788e+00
1.065910451919120483e+00
1.158006550201386098e+00
1.355581613577858446e+00
1.728901758175430903e+00
1.202583854182108780e+00
1.042303889926836202e+00
1.159995594093843563e+00
1.093452152064180449e+00
1.110732671154896378e+00
1.014162212009805719e+00
1.995952902910515858e+00
1.304887516165075034e+00
1.465500164080271839e+00
1.377546529717272650e+00
1.006237026481242580e+00
1.378006286532767577e+00
1.211762543038809703e+00
1.546983214253663919e+00
1.277186968366831099e+00
1.060352946743547298e+00
1.120836622769291857e+00
1.260129603717504931e+00
1.700179992854547573e+00
1.150703876614774135e+00
1.393637370229748651e+00
1.474294719276766585e+00
1.921018044731376051e+00
1.010709367782455459e+00
1.549412143406043274e+00
1.359860799830818312e+00
1.370364437145808578e+00
1.519114973051592932e+00
1.620847522873095858e+00
2.231912410650686240e+00
1.113181871694142400e+00
1.078263066597699771e+00
1.205711606458868212e+00
1.105019712462174120e+00
1.661598249073357403e+00
1.217665230625209150e+00
1.842922299441223100e+00
1.206230637570398834e+00
1.344523868754333495e+00
2.143779685577958727e+00
1.705582999645429920e+00
1.277197900709347689e+00
1.010450828317585703e+00
1.290312511134295015e+00
1.137556815935390819e+00
1.185978658002244668e+00
1.945257998861450455e+00
1.176285523661706911e+00
1.130249589121266496e+00
1.638650657856983495e+00
2.241242690105927693e+00
1.545751194460153188e+00
1.360377994612080421e+00
1.935021978263882669e+00
1.202619595264728281e+00
1.267970903133861738e+00
1.209015199006831187e+00
1.396906833526301517e+00
1.098567743807496555e+00
1.963793438889670728e+00
1.125498475836669510e+00
1.033080544743048002e+00
1.154416487515816492e+00
2.307650298832256031e+00
2.118734694478053626e+00
1.646114105830064345e+00
1.809464264396274613e+00
1.518486295189934943e+00
1.418734364199370601e+00
1.135206796279285557e+00
1.831551377987900908e+00
1.560082057853219295e+00
1.160124533698708049e+00
2.314793655030788599e+00
1.319739462228256333e+00
1.294086523121442234e+00
1.626258226888629421e+00
1.034859294205097591e+00
1.239290311870466343e+00
1.100696842342085091e+00
1.436689373264252723e+00
2.152267805968994363e+00
1.920560527308614818e+00
1.384765354597632614e+00
1.329976714764402379e+00
1.368976262860974735e+00
1.620201284371543204e+00
1.692478389847252407e+00
2.429523775304830657e+00
1.497529064206170490e+00
1.088174274382609941e+00
1.312458442479940368e+00
1.114846926507945035e+00
1.402497008505527498e+00
1.047588775920375248e+00
1.578718587828052744e+00
1.227113693257269489e+00
1.281822478987783676e+00
1.287839528422130009e+00
1.455185187728291307e+00
1.457295295756475095e+00
1.331944870948863269e+00
2.304475811270894070e+00
1.384009390471334866e+00
1.251999651167583494e+00
1.215341743537410757e+00
1.208388650925370289e+00
1.496169136996534421e+00
1.178407683455407362e+00
1.354606948458979998e+00
1.397788390848186069e+00
2.697748605647814824e+00
1.382444478084756234e+00
1.271255450417688060e+00
2.296677795859292104e+00
1.432731474355736001e+00
1.036864069412283706e+00
2.708829067059702833e+00
1.023752560351265606e+00
1.305094413925363961e+00
1.655291372361557212e+00
1.074503836547199054e+00
1.648433060625217772e+00
1.089602407809322271e+00
1.032772561356607444e+00
1.293400191744012329e+00
2.101627396045505858e+00
1.154457614282082600e+00
1.218697147118758206e+00
1.610951036942869674e+00
1.194023795304335778e+00
1.426738003399612431e+00
1.201043187980794125e+00
1.623847956129536918e+00
1.546880637626486754e+00
1.617218923167285549e+00
1.341011963756047809e+00
1.085373745501110543e+00
1.093863740585895750e+00
1.260079217825914588e+00
1.070513060755399870e+00
1.408457118951010223e+00
1.176388462346117825e+00
1.169201740471157436e+00
1.122072395290259372e+00
1.463195070637290485e+00
1.316295925188333493e+00
1.226045251632334798e+00
2.150138469667691510e+00
1.377235550847866641e+00
1.224180819211531324e+00
1.681144337219124152e+00
1.370447009807910455e+00
1.880840417036848011e+00
1.913892878192514857e+00
1.365392695532488210e+00
1.326082999107139671e+00
1.304208196695797684e+00
1.486730991264476165e+00
1.372915966044527369e+00
1.331486277802171214e+00
1.080305878562651589e+00
2.304954281229585344e+00
1.892769207181874469e+00
1.008766683746301629e+00
1.242548118000562640e+00
1.219396552308346537e+00
1.295768436664472611e+00
1.385137213526338007e+00
1.300019443705550115e+00
1.625538626697962341e+00
1.663992245650445678e+00
1.823792156331557779e+00
1.186961435584576119e+00
1.203922265930931657e+00
1.143093740586687224e+00
1.031259274645865753e+00
1.159467407020022378e+00
2.423476506074207837e+00
1.128766648849817589e+00
1.959933810892892536e+00
1.649864977649264208e+00
1.624132313768825719e+00
1.267384659554932735e+00
1.030669389539049075e+00
1.324452497176372923e+00
1.705622331269315728e+00
2.026985305437400520e+00
1.396115807944454223e+00
1.933998265508900749e+00
1.699867221123025463e+00
1.505479621055134887e+00
1.064078282654702834e+00
1.102419188366560387e+00
1.496162909085204218e+00
1.625290096971350629e+00
1.444460335497734782e+00
1.225616004901111999e+00
1.595705737617268749e+00
1.373788877250399887e+00
2.173862725906579030e+00
1.006203248678396278e+00
1.937706058428256828e+00
1.066095226099968984e+00
1.045963607462667477e+00
1.554602911440591928e+00
1.954886672614287724e+00
1.862454218107589377e+00
1.887585958618208215e+00
1.593670074512516077e+00
1.653741074678202194e+00
1.525452310792605015e+00
1.460120564873377047e+00
1.445658939604725246e+00
1.107756248810801036e+00
1.762118009317972023e+00
1.105016195506354215e+00
1.479797710583782289e+00
1.271551944422482538e+00
1.104467075207223870e+00
1.265336897283281248e+00
1.055844411989808274e+00
1.271461867753413522e+00
1.479854519877996433e+00
1.225902667323734319e+00
1.749654734533139466e+00
1.746616573088299207e+00
1.059353990787514022e+00
1.060177098181086519e+00
1.608903837404954240e+00
1.442538122257612798e+00
1.074749200248639847e+00
1.523207084059264416e+00
1.025861727381968791e+00
1.338878679567311769e+00
1.386983106951060307e+00
1.562798491610514207e+00
1.619686413634573663e+00
1.400067551224585705e+00
1.450766733073713732e+00
1.254673099686000048e+00
1.542792932953121587e+00
1.467647891398275783e+00
1.427150526508637052e+00
1.501136566334529299e+00
2.122456453980452018e+00
1.251218591458166607e+00
1.096845328125266583e+00
1.567106790358187451e+00
1.810001101118346112e+00
1.141331920562496993e+00
1.298346554668018404e+00
1.430386295324093116e+00
1.145981692334116397e+00
1.535072457386582601e+00
1.556398881122251332e+00
2.011991107355338482e+00
1.228834728844218738e+00
1.229814002191880640e+00
1.414957246027655824e+00
1.394026549494385314e+00
1.080410073288359696e+00
1.208220342058642371e+00
1.048823573587286617e+00
1.516830777627522053e+00
1.860669606514919749e+00
1.328773410104455044e+00
1.126558141566518456e+00
1.387911002905669156e+00
1.500289963310020624e+00
2.121358136746567702e+00
1.419151173856557202e+00
2.423370219677751791e+00
1.517695348699786173e+00
1.323592371619662478e+00
1.349527974485663417e+00
1.445308104209601652e+00
1.589219957364583546e+00
1.040569261053482686e+00
1.355682366633395697e+00
1.262092523482384543e+00
1.113415109299978667e+00
1.258372308185900179e+00
1.643481573087296477e+00
1.186610296978105605e+00
1.538136665861531860e+00
1.371349772357310037e+00
1.472246614468877501e+00
1.333224180186809216e+00
2.191560453802540387e+00
2.125513635032749704e+00
1.312701615467477101e+00
1.099918572403071559e+00
1.367327469735881262e+00
1.220587987140304698e+00
1.694308311356522267e+00
1.026729015903668829e+00
1.047454280137458005e+00
1.506932523846826744e+00
1.795407557067520976e+00
1.587752641328707748e+00
2.167597123434822137e+00
1.183883162167570946e+00
1.294653170596559821e+00
1.361118507805896716e+00
1.813907372143219732e+00
1.829379244925550818e+00
1.258905321424326873e+00
1.032814456192985508e+00
1.434584386764250485e+00
1.066726485273778557e+00
1.436855411259437387e+00
1.294709925759529368e+00
1.029112371500809697e+00
1.102932570108633437e+00
1.467406350691606187e+00
1.371626592033436287e+00
1.419969266775342298e+00
2.051628003147257129e+00
1.010389955611742163e+00
1.488228129021450519e+00
1.178856888876463005e+00
1.755872131686941895e+00
1.403981426925943854e+00
1.260029092649844973e+00
1.712741437310369319e+00
2.156568654423510090e+00
1.681894618497548288e+00
2.586554991567675543e+00
1.777558859229215971e+00
1.431165554450613886e+00
1.314103622709390740e+00
2.526855653938906432e+00
1.226574250290739743e+00
1.786754224680312308e+00
1.239906223791975348e+00
1.396048773600291115e+00
1.372568537061982674e+00
1.654430383420246731e+00
1.631558734079548767e+00
1.491838854933560166e+00
1.324300044305286361e+00
1.169730815479160135e+00
1.032379058833782892e+00
1.382650673972692479e+00
1.356861754714569157e+00
1.221368475869885728e+00
1.481146462894633364e+00
1.046701323689837926e+00
1.804190053221027323e+00
1.532774490222395425e+00
1.626895341113063331e+00
1.635170730573213937e+00
2.112464168967406408e+00
1.387371447839871763e+00
1.284699599888963428e+00
1.242009015850533027e+00
1.126315689077546534e+00
1.226169887654448676e+00
1.673108412678836920e+00
1.452657954157048570e+00
1.315636927306984338e+00
1.920675670430437521e+00
1.697627438298250580e+00
1.077564477049415936e+00
1.308429716501093631e+00
1.113392269692306646e+00
1.384882675510630712e+00
1.042687059285695605e+00
1.273166204190419704e+00
1.049554931242655753e+00
1.501759044669168874e+00
1.024348013032386540e+00
1.605089439169510301e+00
1.167300881049281314e+00
1.006209232798895847e+00
1.760153925588883173e+00
1.418054969974027246e+00
2.014583674273254132e+00
1.411140125432494896e+00
1.572105469997357785e+00
1.253592855605702772e+00
1.795810876193184580e+00
1.105744308521990682e+00
1.821183430946427650e+00
1.231949525908443199e+00
1.974140041122391720e+00
1.296079046720117756e+00
1.415418314051051230e+00
1.244477158117802240e+00
1.895966258796315973e+00
1.055966492237520926e+00
1.479742297600849410e+00
1.273790124765908915e+00
1.660666243583544865e+00
1.718673640708100026e+00
1.095411187928999164e+00
1.814576428393114282e+00
1.156528916529284690e+00
1.793104963746746439e+00
1.216019686452157522e+00
1.681309767177111336e+00
1.338848080176344268e+00
1.327115963144806621e+00
1.208186585405702562e+00
1.042368068605893372e+00
1.085727500835292902e+00
1.533908710875349080e+00
1.523562238138894243e+00
1.203903552504282271e+00
1.802678148435643779e+00
1.363205578443017485e+00
1.090193604061438837e+00
1.189563616734793827e+00
1.729507980120216226e+00
1.250559779702215435e+00
1.495835658132315116e+00
1.425321474430865543e+00
1.633535178771793994e+00
1.087429279954172712e+00
1.560853301293266604e+00
1.318443643824184441e+00
1.160445357180628356e+00
1.541734361876062165e+00
1.695463927957921335e+00
1.173510710426788561e+00
1.194846804787450756e+00
1.839533960927654865e+00
1.803704466257610495e+00
1.400039771721904858e+00
1.064937072934093010e+00
2.131040743922227865e+00
1.682763972093334504e+00
1.612804662291926316e+00
1.985550257417554976e+00
1.160289220911002950e+00
1.400945963668542626e+00
1.738968891554127483e+00
1.860883121453904332e+00
1.117410345995596854e+00
1.427849485527786788e+00
1.835819173906956703e+00
1.583671738457523404e+00
1.518525559008546466e+00
1.378949717224109639e+00
1.093067485356204349e+00
1.954933560920300906e+00
2.798027671752589374e+00
1.104021527602468300e+00
1.145630648231314330e+00
1.700598570690588174e+00
1.639607181825800675e+00
1.030480770374673893e+00
1.054926642438703377e+00
1.081369621122230784e+00
1.041082730939149936e+00
1.020851942315825545e+00
1.916334366052235616e+00
1.263749832884579316e+00
1.332783374393966991e+00
2.430880440975315970e+00
1.478508349468565575e+00
1.066533350562820281e+00
2.087160603782163282e+00
1.051275981588174924e+00
1.752025940180037544e+00
1.262412619013232096e+00
1.250175716633592282e+00
1.108697721227471789e+00
1.290591378838934267e+00
2.744082255018502003e+00
1.257480443836898498e+00
1.410036786313964452e+00
2.017355246646772571e+00
1.060466351633961635e+00
1.132646502031334768e+00
1.818874613088645953e+00
1.814171581687068713e+00
1.135717865232190871e+00
1.290264319111708469e+00
1.325486877232539440e+00
1.289672702723331010e+00
1.953965551144920765e+00
1.993162035049577785e+00
1.207842644555285450e+00
1.657288177357021830e+00
1.001506872696110939e+00
1.482606024662521893e+00
1.790706230916913499e+00
1.321617074496876043e+00
1.870588501674762760e+00
1.371904063850619471e+00
1.085338139166204252e+00
1.337006494909600995e+00
1.136756666254552295e+00
1.111690819357973314e+00
1.030493411727678277e+00
1.066670494533070279e+00
2.078602487089781903e+00
1.545060505592622091e+00
1.307638131610201038e+00
1.905926974058018697e+00
1.526718120167382953e+00
2.024220234866585866e+00
1.316152721795154523e+00
1.763047856423278992e+00
1.986562875322123611e+00
1.255062280259552798e+00
1.772565876831317055e+00
1.131667626905014767e+00
1.375013271322788277e+00
1.295668319551675829e+00
1.069152392450796185e+00
1.365460654649239158e+00
2.295453562127772518e+00
1.519301288116124304e+00
1.734246684492633639e+00
1.317633511230781318e+00
1.648632754099150555e+00
1.561818670466008863e+00
1.428302563262306757e+00
1.364560195386955943e+00
1.782991996471409601e+00
1.019500898200339734e+00
1.467649419653402232e+00
1.183869752310041212e+00
1.170696230875371002e+00
1.298735027654534635e+00
1.559314773437487922e+00
1.019120113209860179e+00
1.009773003638845479e+00
1.812651018911498824e+00
1.723497084016957226e+00
1.797983279622527908e+00
1.075523527714402183e+00
1.185875834477033708e+00
1.742470794609110696e+00
1.415661167447797242e+00
1.360322643203628612e+00
1.288776883858321121e+00
1.018279974883003147e+00
1.956171815874807818e+00
1.271337527051830563e+00
1.316250994483945558e+00
1.207054443894000295e+00
1.186319971799449480e+00
1.238175350077298731e+00
1.266088875781590017e+00
1.503142823497579883e+00
1.400407632566473604e+00
1.621935699157269095e+00
1.011312638501584260e+00
2.838875495210221978e+00
1.140988509586454702e+00
1.129297139899904101e+00
1.479493170408526570e+00
1.740096586973776782e+00
1.467003895731586960e+00
1.806072849286848081e+00
1.352646136802148735e+00
2.063130471919961018e+00
1.633797918195478704e+00
1.881534916276841107e+00
1.971993167555083470e+00
1.832843752541742699e+00
1.005587090091441871e+00
1.587142016080411056e+00
1.396127823742217888e+00
1.582229356175585577e+00
1.300421115848021225e+00
1.080727392729598613e+00
1.030670980325453012e+00
1.053390370533403564e+00
1.096304339775401537e+00
1.267044859891504727e+00
1.088166811058913330e+00
1.266395785631983628e+00
1.154183742072452779e+00
2.000083344808094576e+00
2.038460034347962857e+00
1.237723469202477222e+00
1.324132016302565606e+00
1.386842309316543398e+00
1.039554597224410015e+00
1.211387178600386028e+00
1.509325212107692105e+00
1.324440786363119793e+00
1.472116595079037582e+00
1.304389753533141905e+00
1.272370369217001640e+00
1.167395952208411858e+00
1.249808359448296047e+00
1.093086772316042232e+00
1.012923630606267222e+00
1.348745212305657803e+00
1.769177118647079272e+00
1.257871167195665718e+00
1.726895310464761302e+00
1.121885432413130879e+00
1.021185820264164157e+00
1.628250554764927305e+00
1.053374388887555968e+00
1.406677395031413536e+00
1.103714038169310241e+00
1.168163598488854316e+00
1.225606768885342701e+00
1.084193068715709973e+00
1.980020743205052058e+00
1.863256815009601164e+00
1.665259617083994614e+00
1.094505473623086367e+00
1.554796021789251137e+00
1.075982951926415021e+00
1.684799665668812674e+00
1.006744865663887101e+00
1.295105987060621189e+00
1.165402533251844064e+00
1.850641555736515009e+00
1.363111835919793347e+00
1.271903229472313379e+00
1.040327268521388460e+00
1.103682365263054521e+00
1.608515171398139376e+00
1.169574833552392779e+00
1.930077055326586466e+00
1.745980692659300004e+00
1.942106963738223557e+00
1.080016932972390986e+00
1.506648758316455616e+00
1.807596853815048421e+00
1.332299075850969849e+00
1.773946263445290494e+00
2.012373677568657371e+00
1.175624123895281814e+00
1.009850724334318217e+00
1.331653779468089827e+00
1.144830496145600396e+00
1.012277001101690166e+00
1.468323612308243042e+00
1.041419244093726659e+00
1.042471954724694116e+00
1.239149663793593259e+00
1.329391347952771918e+00
1.399708274074050962e+00
1.531167301093416810e+00
1.862716889252030050e+00
2.209357637534122620e+00
1.551844099719183800e+00
1.102295295447809353e+00
1.337937604387506640e+00
1.045852358043291908e+00
2.007939077939444594e+00
1.374646993523776173e+00
1.454213410167647824e+00
1.486571788618106904e+00
1.058700391898637072e+00
1.731746886008838082e+00
2.000927943760300920e+00
1.182726253879333278e+00
1.346223857976277749e+00
1.949968464475450025e+00
1.081765617287318459e+00
1.039940473070141147e+00
1.587619848864072258e+00
1.261987779346687821e+00
1.249214456903017689e+00
1.258847162133162723e+00
1.060732986596732319e+00
1.211162970351057577e+00
1.655923936446084266e+00
1.469968036916076803e+00
1.052991209582818888e+00
2.406452550299842397e+00
1.267617206508161676e+00
1.547436335435073085e+00
1.345326933121638646e+00
1.290038274743957381e+00
1.482157811987079299e+00
1.286182993411596476e+00
2.693765975910383581e+00
1.156081549969839140e+00
1.083431068246224038e+00
1.210651460042075023e+00
1.170719525809611694e+00
1.344574497686308323e+00
1.241847267063047600e+00
1.582156611898223320e+00
1.398117808084796243e+00
1.285433689023425030e+00
1.410456855330771919e+00
1.169764660096670683e+00
1.352274046776692273e+00
1.244108239040510044e+00
1.015665366078986054e+00
1.172181205516961811e+00
1.473862244076361350e+00
1.132919084942902055e+00
1.401617040445025220e+00
1.464912526728902487e+00
1.749821993926952812e+00
1.762908222213278142e+00
1.116738714111631836e+00
1.410242697588597327e+00
1.921973773574171540e+00
1.045383222760626118e+00
1.934049586301443080e+00
1.277509153497362160e+00
1.427208580772664215e+00
1.059411996205906314e+00
2.008307776252655774e+00
1.849391665121721040e+00
1.218187065378140366e+00
1.886572981359152745e+00
1.973724306813330109e+00
1.376682409126265272e+00
1.247490279802071056e+00
1.023509802692868398e+00
1.419547464347846066e+00
1.661030816901174267e+00
1.080904908759034333e+00
1.439070394805381126e+00
1.049708877225253190e+00
1.751849747605520813e+00
1.104357483710148191e+00
2.134193795465183285e+00
1.140360207486815325e+00
1.961220865742524078e+00
1.827051390752454374e+00
1.089395081353669914e+00
1.222514910157071588e+00
1.614630328158995987e+00
1.966851403967138756e+00
1.559712386091208103e+00
1.928999424846036481e+00
1.661576658403680407e+00
1.291239197955484919e+00
1.393490106559958974e+00
1.816199503012588368e+00
1.134359333202034970e+00
1.202651255982575051e+00
1.137032916404042027e+00
1.219510690562695121e+00
1.018226563305789423e+00
1.613677525284903602e+00
1.111875801676778019e+00
1.141117432981420876e+00
1.094894578687861442e+00
1.631374793056407313e+00
2.125928142855501246e+00
1.188967052938387781e+00
1.297547289007217719e+00
1.534298309956270590e+00
2.622689852599739524e+00
1.234565489554206863e+00
1.156543855874105020e+00
1.084022906799318342e+00
1.042963406499632040e+00
1.578405468648789389e+00
1.236018305066603151e+00
1.018823154656629093e+00
1.023224951960919782e+00
1.592413947811488040e+00
1.698745821602981154e+00
1.462668537826216308e+00
1.187134660188087665e+00
1.630074177304573713e+00
1.521532539409116369e+00
1.016352347817722324e+00
1.202828434447904549e+00
1.053771451362578437e+00
1.570203740320890162e+00
1.548116194582307648e+00
1.256833344510353889e+00
1.146476023187043669e+00
1.019400460324821678e+00
1.457119771336822467e+00
1.094975637907235289e+00
1.619159954761187237e+00
1.159515978989990925e+00
1.001016014804635423e+00
1.210851472659987937e+00
1.146515717353677966e+00
1.105130731612486317e+00
1.678005187709926904e+00
1.247381444505224035e+00
1.994489048186859126e+00
1.739039391747103203e+00
1.305611316189408955e+00
1.350061353331501568e+00
2.351524683531850624e+00
1.590612551329949831e+00
1.343104060739367833e+00
2.207692188557460966e+00
1.366355617722055715e+00
1.892542801440692646e+00
1.612489139576086972e+00
2.143049351366237865e+00
2.020320174167237859e+00
1.147423156502425101e+00
2.142709630220572148e+00
1.360238625594420103e+00
2.575589603034358355e+00
1.522682713484045713e+00
1.276076079129261576e+00
1.530727097239507506e+00
1.556478291664453506e+00
2.336128624266291087e+00
1.103469584299892947e+00
1.395145459140414212e+00
1.628996375473991121e+00
1.014367029938284315e+00
1.682023894975773093e+00
1.287614208880063282e+00
1.441288838368025127e+00
1.194277471782502875e+00
1.772528332655898931e+00
1.745878478840557468e+00
1.150952120477795493e+00
1.223934037626836169e+00
1.087365409969833996e+00
1.513488778713267147e+00
1.387262408607375264e+00
1.019917412358116060e+00
1.123768540934879656e+00
1.303608378001805734e+00
1.640955978030727236e+00
1.038876337932985283e+00
1.695882175596916230e+00
1.565357298991770119e+00
1.816875985807753002e+00
2.226584216835342467e+00
1.042193957615957345e+00
1.841959710740247669e+00
1.306609960866946141e+00
1.308475310210102993e+00
1.751072046479465127e+00
1.568600719431464396e+00
1.259122766515259118e+00
1.555691644063674106e+00
1.637345615896021123e+00
1.678916538234061839e+00
1.165383697455092182e+00
1.617804737546191252e+00
1.539131213367508133e+00
1.920970731877439830e+00
2.393906980128972961e+00
1.877810228985208996e+00
1.052687997325142844e+00
1.533124754627691155e+00
1.507037077479398413e+00
1.001536186519090377e+00
1.581039295801378808e+00
1.398846930139380440e+00
1.194669842811037164e+00
1.224528834753700446e+00
1.822857587724983519e+00
1.209973132294750231e+00
1.693319822629729021e+00
1.630106615710849693e+00
1.661361251174116926e+00
1.517518388508273919e+00
1.786045256425520922e+00
1.666344556765939844e+00
1.357602332367024989e+00
1.297119649921076867e+00
1.082335195506332726e+00
1.573608728999718043e+00
1.194142538068525328e+00
1.008282600741682300e+00
1.078146679458036106e+00
2.248337495352147553e+00
1.834457353336802043e+00
2.240959470231913553e+00
1.591420003997053856e+00
1.034323089320304812e+00
2.072776029686367316e+00
1.648439151884662834e+00
1.373578664346686962e+00
1.118717970272812279e+00
1.090139519208979779e+00
1.280701303240608713e+00
2.104182059994598841e+00
1.475598593017657834e+00
1.535423810492910324e+00
1.235634051282193946e+00
1.362126688261721119e+00
1.463287967817976876e+00
1.429964238068278437e+00
1.489144091200843789e+00
1.331339077351594291e+00
1.097259338156727271e+00
1.302930010564830932e+00
2.046077901067075544e+00
1.888899178173914839e+00
2.273500474604188248e+00
1.576929681240383019e+00
1.364131333929652579e+00
1.232903772711833490e+00
1.082810808158626292e+00
1.334129293399796135e+00
1.031425645584500561e+00
1.162440546017255105e+00
1.985797502918644986e+00
1.149954599332885907e+00
1.217091858726109255e+00
1.045403941881054122e+00
1.164063476801017183e+00
1.007768814573657856e+00
2.083445651421460099e+00
1.275414046114161648e+00
1.204475944206606863e+00
1.952053588042386378e+00
2.407267857652988674e+00
1.528460592930715789e+00
1.315640896838510487e+00
1.560870424706774173e+00
2.055167350647800539e+00
2.093227266541657361e+00
1.496603384920317747e+00
2.032849999535186303e+00
1.309513877223882572e+00
1.435897531705712549e+00
1.666827120278497887e+00
1.281407712236041219e+00
1.821078107838029814e+00
1.187877298903545320e+00
1.589807905425816958e+00
1.063931324181608407e+00
1.790573389780593327e+00
1.913332783357840183e+00
1.649714741180575039e+00
1.355217180330984039e+00
1.779088179876394671e+00
1.110313157698019859e+00
1.023694595436497101e+00
1.425184028334605779e+00
1.243490967805439107e+00
1.372832308014602543e+00
1.085274986383782947e+00
1.071126293024335263e+00
1.323967408399705947e+00
1.060892002354254737e+00
1.506528352252971548e+00
1.289276240016393515e+00
1.435094751809499192e+00
1.714392349781136637e+00
1.497491461078290564e+00
1.417521824701451161e+00
1.172262971831996348e+00
1.012700853284633995e+00
1.010632982928336476e+00
1.664805757863695446e+00
1.147756732939021473e+00
1.436215483264282611e+00
1.638322723125011926e+00
1.200743315993331617e+00
1.040111250649468966e+00
1.375215501092493131e+00
1.342640227803034492e+00
1.518222240382439248e+00
1.112736118443394373e+00
1.006955121779510298e+00
1.832224737433453265e+00
1.390019736174007869e+00
1.012346563646299824e+00
1.784911846819717818e+00
1.912615338982426083e+00
1.482050665169345027e+00
1.799494338469342258e+00
1.302707655016661636e+00
2.319398268495455717e+00
1.177115425664909232e+00
1.221491927458138838e+00
1.221540910392799661e+00
1.028219070971327698e+00
1.003196822190675519e+00
1.802904582201507511e+00
1.119837576611721008e+00
1.319279140047740162e+00
1.262366215587085172e+00
2.623331292043070473e+00
1.621431669172902046e+00
1.037145486665589589e+00
1.374886609855424657e+00
1.464887027237134598e+00
1.516736308931449839e+00
1.741126624052363958e+00
1.405635723556589944e+00
1.168795890726525455e+00
1.315326761761007379e+00
1.032517666690974556e+00
1.302140234849756606e+00
2.105935364939889531e+00
2.130667300642400175e+00
1.263434168737297192e+00
1.158937370677275203e+00
2.016559433578922977e+00
1.658123900744482127e+00
1.273724135424209036e+00
1.006058687010074504e+00
1.131072685725733162e+00
1.260530380470487710e+00
1.136642498119948774e+00
1.542951600813683211e+00
1.732114735046780485e+00
2.131775880147365854e+00
1.174725377429292728e+00
1.115032064232952091e+00
2.778725327610604978e+00
1.048020468820904938e+00
1.314342793432989209e+00
1.949205144586658278e+00
1.115930989760805403e+00
1.252570238171947237e+00
1.201936350176685542e+00
1.253081584004215987e+00
1.462885324352790173e+00
1.152638675581217687e+00
2.057211016254915759e+00
1.712618482940774456e+00
2.062564624755604203e+00
2.174477483054678029e+00
1.092049375646030329e+00
1.580139886001011185e+00
1.257602680162644759e+00
1.026131549205931082e+00
1.352900539058434104e+00
1.528902201682269535e+00
1.190472280229863733e+00
1.181159665918661394e+00
1.452047105118920323e+00
1.557457879920183919e+00
1.715109979216605129e+00
1.044362876420332986e+00
1.885442587293886474e+00
1.579029133401639529e+00
1.436701968948185693e+00
1.126597384438009053e+00
1.622544178027188755e+00
1.088894324917818457e+00
1.167117339562116829e+00
1.050787843036203206e+00
1.657621041362305592e+00
1.306530685787655965e+00
1.876386002547443699e+00
1.645803158482826989e+00
1.195188654464726108e+00
1.266783857327750118e+00
1.318958542132113942e+00
1.237989042531721262e+00
2.172060083682991305e+00
2.061360768384599140e+00
1.509838809982355201e+00
1.102170127859683824e+00
1.129778913628608050e+00
1.669377033190610593e+00
1.713282571346727456e+00
1.118954478050049106e+00
1.228894109804773205e+00
1.089403736683505208e+00
1.222065020209701425e+00
1.179824736781104777e+00
1.141463402415820561e+00
1.203113423555898676e+00
1.349593562422959137e+00
1.229432264535693431e+00
1.293511794432700812e+00
1.379729713402209956e+00
1.218443185100623438e+00
1.084918734042052080e+00
1.281433429529161172e+00
1.036264891420006329e+00
1.393104763818627134e+00
1.208360555586317719e+00
1.423703339399148060e+00
1.516519843218193220e+00
1.366985517280488560e+00
2.056812323075634996e+00
1.686284949502171893e+00
1.897027154036489804e+00
1.629328380975317403e+00
1.466463107246463338e+00
1.281181029491809120e+00
1.655641689751235601e+00
1.044542992578957330e+00
1.400171312398980961e+00
2.738795713167490042e+00
1.531944270998958135e+00
1.426499778209465497e+00
1.272039034090074017e+00
2.219086625503428944e+00
1.084784009553170003e+00
1.834506724475610362e+00
2.143432467285944387e+00
1.569829488772773285e+00
1.669929079448964293e+00
1.854416219821883205e+00
1.081746602125503554e+00
1.558768630451343506e+00
1.752205179898093101e+00
1.635927537488418348e+00
1.073378866966798739e+00
1.189866760831439052e+00
1.099919901062485827e+00
1.889782882904210704e+00
1.302356610321937724e+00
1.352916687533741502e+00
1.818254722703267046e+00
1.094577541285447486e+00
1.729680966798557318e+00
1.313628752812329603e+00
1.652078368164208610e+00
1.212264169217327714e+00
1.049877022483533429e+00
2.005776175163116459e+00
1.680779173303562413e+00
1.449768946329968999e+00
1.062287291129371036e+00
2.488973796874287991e+00
1.102033201504642124e+00
2.011114654002222224e+00
1.294935589810474186e+00
1.061232741157839055e+00
1.434357797954097569e+00
1.029194218401713767e+00
1.073143869879294554e+00
1.888667734054127578e+00
1.294471788075455931e+00
1.690607137103508517e+00
1.412518455815545471e+00
1.569387772573888284e+00
1.245596737711114343e+00
1.097060784645634390e+00
1.686218680342969733e+00
1.591563919422477769e+00
1.176683242171836064e+00
2.208693043659641475e+00
1.075298517387307973e+00
1.351811915902979999e+00
1.117231472677133075e+00
1.464173466536867307e+00
1.521195242392814118e+00
1.289758068897649546e+00
1.526606435876341816e+00
1.324444119959974353e+00
1.505345808587189804e+00
1.136469723566124079e+00
1.574267479210372800e+00
1.122189039804232902e+00
1.852474994934302011e+00
1.548352006477065945e+00
1.407032765907009431e+00
1.267532956646439057e+00
1.023366730336517039e+00
1.546681327932035943e+00
1.532688291155372529e+00
1.341232512580515124e+00
1.564382051338699675e+00
1.318626183087781456e+00
1.225947242972121876e+00
1.027899273949670178e+00
1.077274284752266498e+00
1.260012903058857159e+00
1.091493476445518862e+00
1.066932417622792340e+00
1.245079668938101847e+00
1.528228399110650004e+00
1.178822599850213759e+00
1.025787261321417621e+00
1.279385081119607692e+00
2.175699447872950110e+00
1.225403713142443340e+00
1.320105354077762527e+00
1.009738956537119314e+00
2.071434614653251849e+00
1.935013475523469584e+00
1.504737031376250922e+00
1.068318925511202222e+00
1.099657345325907309e+00
1.616875666249381949e+00
1.242421361144623093e+00
1.307499660216094872e+00
1.342235364923163088e+00
1.076269154273883810e+00
1.187889095522066896e+00
2.080759095130017222e+00
1.521656344652436488e+00
1.035418001137591082e+00
1.910930829695831390e+00
1.438055005102775619e+00
1.092879666129330740e+00
2.097121773093789443e+00
1.073807378065422480e+00
1.434210485392075407e+00
1.263498245979367551e+00
1.104826761697824011e+00
1.776416993996618343e+00
1.498107418900255450e+00
1.483525830887562069e+00
2.000092340792912093e+00
1.068221373247218775e+00
1.296263628606372009e+00
1.958996254586154784e+00
1.581459931243361483e+00
1.700770911554505993e+00
1.514237401574027198e+00
1.415060331537444593e+00
1.324997446723137129e+00
1.698027863871400367e+00
2.435974106496693548e+00
1.186538014700514454e+00
1.006329299448879722e+00
1.316081325650010347e+00
1.204900840734465239e+00
1.955265933728582706e+00
1.266434745143621310e+00
1.634597634844133784e+00
1.240220857435362589e+00
1.161396234957510210e+00
1.391931964506095687e+00
1.024160236228287779e+00
1.201758963650070955e+00
1.426071480807344471e+00
1.364529238708748204e+00
1.670904574005196874e+00
2.220258806300040799e+00
1.343157275417773855e+00
1.382203254401762171e+00
1.716069155427267345e+00
1.153723845930336944e+00
1.164857129316136497e+00
1.595803270695832943e+00
1.861433638764286691e+00
1.869799655842787622e+00
1.152481352614606491e+00
1.276559065467784970e+00
1.296040393099037846e+00
2.786225293726380059e+00
2.019531065177745166e+00
1.113802168045484819e+00
1.832611662613947923e+00
1.667318668141636095e+00
1.011509220165044853e+00
1.038753573521834728e+00
1.038789948951748476e+00
1.459275697671476024e+00
1.115355982211340802e+00
1.057736021531634263e+00
1.038649930900270801e+00
2.622400951258982094e+00
1.384734171516717627e+00
1.678412067534069463e+00
1.415219315333554162e+00
1.027092333603772056e+00
1.145313426727869510e+00
1.473287331483805973e+00
1.402544557607629638e+00
1.955569495777911282e+00
1.260366121863186972e+00
1.170524731699295939e+00
1.309180690187428331e+00
1.279657296724679538e+00
1.991015055286037949e+00
1.517844171094924199e+00
1.259667984387964346e+00
1.072180628617906972e+00
1.358721937154871773e+00
2.048426502092810075e+00
1.084242322225589472e+00
1.016360316253796636e+00
2.371380999622755059e+00
1.178530606922573165e+00
1.603623804350128523e+00
1.541630442463119088e+00
1.291503742193217397e+00
1.093754246126793950e+00
1.195464215915580608e+00
1.072033214110789112e+00
1.514727697389654182e+00
1.271103496909192110e+00
1.370867118774960591e+00
1.126365837662509639e+00
1.043324835668987705e+00
2.204077194100002579e+00
1.232221689650767615e+00
1.387133087603253934e+00
1.271080794607756914e+00
1.123122398369425845e+00
1.069838927643849358e+00
1.751483709863251637e+00
1.482860275788839388e+00
2.275798451584890358e+00
1.259551527403582449e+00
1.326578669540668942e+00
1.093207400858084322e+00
1.127249037568887946e+00
1.740173589207960614e+00
1.189341967145509882e+00
1.945838129967153440e+00
1.071641068023942989e+00
1.156296337695493115e+00
1.195669155538039874e+00
1.035260304322811020e+00
1.278631554767250211e+00
1.075677154143327874e+00
1.442027556913365149e+00
1.235408299409886279e+00
1.020772770152098552e+00
1.562043719042852885e+00
1.021657893111903359e+00
1.767621777072445832e+00
1.395773377106135360e+00
1.390689452069153287e+00
1.643151189981153060e+00
1.458364274280683937e+00
1.453456298595121599e+00
1.412648480808069928e+00
1.825320384223027892e+00
2.199302908081853580e+00
1.197409621392631740e+00
1.796953101053098578e+00
1.134110261596292579e+00
2.991596908078125505e+00
1.721362471952451401e+00
1.248682381195483027e+00
1.355564382440243021e+00
1.097256055875461600e+00
1.258621649411087118e+00
1.243991968962028682e+00
1.289826841281569880e+00
1.717056387756235702e+00
1.695982466647394604e+00
1.203257632707822378e+00
1.548995134430305232e+00
1.051121011940275407e+00
1.131645606268001369e+00
1.119542959171810681e+00
1.050894934434934980e+00
1.287347342792217741e+00
1.512973387124108005e+00
1.003763234293092887e+00
1.910858370697871456e+00
1.033668690780475963e+00
1.278806605055022638e+00
1.238546425879623047e+00
1.025015782016835297e+00
1.094218407729316667e+00
1.344584897172717675e+00
1.252719399968672098e+00
1.569648664274216010e+00
1.642575942212514573e+00
1.068733673590216204e+00
1.317044042270698156e+00
1.150129604943787243e+00
1.597463017723077749e+00
2.197438727641355172e+00
2.098779868460514564e+00
1.700369370808756830e+00
1.596464973441621416e+00
1.016314481218281163e+00
1.677224061647182518e+00
1.119198699845257661e+00
1.876892439627616760e+00
1.278378853585986574e+00
1.144745515968993432e+00
1.530893161019146298e+00
1.498465017894155871e+00
1.288670602854192326e+00
1.289617124850461094e+00
1.434208197144047903e+00
1.582945239870178211e+00
1.805894482823905633e+00
1.486657984555418421e+00
1.329004799197021081e+00
1.143049039488316154e+00
1.108317035782425464e+00
1.259356955548731616e+00
1.296756001704308048e+00
2.946321583460891791e+00
1.113519235900843229e+00
1.347196888767351775e+00
1.189261385700354445e+00
1.608694428273266031e+00
1.572275363135507531e+00
1.536013739082189300e+00
1.720684406162427127e+00
2.535356656132734976e+00
1.899761220226205527e+00
1.256274574202766114e+00
1.333080379358529299e+00
1.657463844102943229e+00
1.767576663399496706e+00
1.953499242453026197e+00
1.803523297651905333e+00
1.637164797470744171e+00
1.029178935744635481e+00
1.047901483941818368e+00
1.233841590578482306e+00
1.024440608448495160e+00
1.146527238980106667e+00
1.181989238692613187e+00
1.080196605866920123e+00
1.146647840975265842e+00
1.406339737077449747e+00
1.030506598660255957e+00
1.089426279887736548e+00
1.288085388533012132e+00
1.162653160135838526e+00
1.170310088570808649e+00
1.347174743359482729e+00
1.076747909153358940e+00
2.535942283389512220e+00
1.427628901869088640e+00
1.304682601130446429e+00
1.774692116996005709e+00
1.552787243247311544e+00
1.238849670421987570e+00
1.562979436160479851e+00
1.422411290727658484e+00
1.293379738899499865e+00
1.448674838370762608e+00
1.043464056173073251e+00
1.140418725356635354e+00
1.325359052475137078e+00
1.045513017693895153e+00
1.078322042242259249e+00
1.230513092642417261e+00
1.838643296858608611e+00
2.140596805491483234e+00
2.166111738084677274e+00
1.056817665379445437e+00
1.517133281034432235e+00
1.368042252156266736e+00
1.269548717141195437e+00
1.365611870480793577e+00
1.468942094515268026e+00
2.154059743344258759e+00
1.095861837400120331e+00
2.411620134056091214e+00
1.444942253529868603e+00
1.493339197491611481e+00
1.693801004890347572e+00
1.116190527668403876e+00
1.767558900870034311e+00
1.611027194739172774e+00
1.576418252086048355e+00
1.271277384885199924e+00
1.874666941302750134e+00
1.207781913333944246e+00
1.456877323060576268e+00
1.161405922093761589e+00
1.416858164541078047e+00
1.055503842443975770e+00
1.289080747900418711e+00
1.044384910019481749e+00
2.228186291687024312e+00
1.359989169314632651e+00
2.633838099077156159e+00
1.809925487300141356e+00
1.360120162615009010e+00
1.097374493917474769e+00
1.344063595456213900e+00
1.258301978457895709e+00
1.343486776853124010e+00
1.387164882054578330e+00
1.381946345046652258e+00
1.257743269509496553e+00
1.079876661443679442e+00
1.261820240506948076e+00
1.728944797998008598e+00
1.292711053794929343e+00
1.494724258970000053e+00
1.244284666898744174e+00
1.468491144968671280e+00
1.295644318493983427e+00
1.886979547589761719e+00
1.092588699826550158e+00
1.547141275134574556e+00
1.385439921117045836e+00
1.576505378623387355e+00
1.141928104050702997e+00
1.726405053176556681e+00
1.470214908015692989e+00
1.087361054795149107e+00
1.097776014563612623e+00
1.486165855301884164e+00
1.447795233604608933e+00
2.198543253801265251e+00
1.119923684424123378e+00
1.164812581091025034e+00
1.203419048098059552e+00
1.195828884898034516e+00
1.400680700556531821e+00
1.947482811957514048e+00
2.046307708914078649e+00
1.171714681628848842e+00
1.385529396514636025e+00
1.264611067256901311e+00
1.982011224795674931e+00
1.425694940609409933e+00
1.617233490589555789e+00
1.280722931270596998e+00
1.361520063099753486e+00
1.723127817508238735e+00
1.182572559446077198e+00
1.381442951306316891e+00
1.102732950867320705e+00
1.673506833674213379e+00
1.252587767196932766e+00
1.149637932674755447e+00
1.112815105162201279e+00
1.239883238958352063e+00
1.557539316987482936e+00
1.681326403650583501e+00
1.531829581235468973e+00
1.060648205215966922e+00
1.222340763468264369e+00
1.337774507161985316e+00
1.005717682866134277e+00
1.436690284524382077e+00
1.276677846883263356e+00
1.307470755527154971e+00
1.308369494901181707e+00
1.508982919803451228e+00
1.475409794769688032e+00
1.203706037146240027e+00
1.105632727602364085e+00
1.162081342197973877e+00
1.070741062107566588e+00
1.296072887113874250e+00
1.275991278500747894e+00
1.458516065915719473e+00
1.262416433664736770e+00
1.413196785379448928e+00
1.800850750433736769e+00
1.125077744089839182e+00
1.418589297613084055e+00
2.217131566618609551e+00
1.083733058790487869e+00
1.274792937553001160e+00
1.321694084177699180e+00
1.197942788949854176e+00
2.026414713389850242e+00
1.942922600445882830e+00
1.854524837357393041e+00
1.182502114544957461e+00
1.058573525943389937e+00
2.061670835106731658e+00
1.204977684372236402e+00
1.155176996490886454e+00
1.040680346967141956e+00
1.138019162421301633e+00
1.458267142828303831e+00
1.404402917708837961e+00
1.852302631101560904e+00
1.374858430903728168e+00
1.003234290587710298e+00
1.627940951908044553e+00
1.421670021020704944e+00
1.132771608557264775e+00
1.379537463018578158e+00
1.019433466249708431e+00
1.556338428517157313e+00
2.379951119128343340e+00
1.044808349037088080e+00
1.295620573006381671e+00
1.309351991908383583e+00
1.730080655582111326e+00
1.174883563860305014e+00
1.145815956948151637e+00
1.528849103777624174e+00
1.817267299564738092e+00
1.684615586194021297e+00
1.430032796698167630e+00
1.780000865016716949e+00
2.014444553401611326e+00
1.407044121290053740e+00
1.528824620346906693e+00
1.561411231179616665e+00
1.076201041373002321e+00
1.338727794137768878e+00
2.201454942369433621e+00
1.004912558146106027e+00
2.110993316806525133e+00
1.606929199682891163e+00
1.768517444201209710e+00
1.449167815025463657e+00
1.025278733150423838e+00
1.821157910094082233e+00
1.445840951307797440e+00
1.172615171414259638e+00
1.561153794780897108e+00
1.095596166491461076e+00
1.470418524411705619e+00
1.658715533526980757e+00
1.528731766166504746e+00
1.033413217855279731e+00
1.581731932668449581e+00
1.657089812880358393e+00
1.573529033594892823e+00
1.134808652701363219e+00
1.069344821534759182e+00
1.222157729413416272e+00
1.636327717195418918e+00
1.410265140421768759e+00
1.653845646804438907e+00
1.279602695525397182e+00
1.853095502524606530e+00
1.105416867211713505e+00
1.373783547362816826e+00
2.546053463443909148e+00
1.269858116525039549e+00
1.038859607119748896e+00
1.049572900478299653e+00
1.465485822044454878e+00
1.420688396815223520e+00
1.004720625615334040e+00
1.098869992224164260e+00
1.384061164685925771e+00
1.088445034156423130e+00
1.476594650663105357e+00
1.796147455938024606e+00
1.758872038660420412e+00
1.502656878793936945e+00
1.027533671226476653e+00
1.042234950171580410e+00
1.183552142494252779e+00
1.487967356184882295e+00
1.219325350701427002e+00
1.773311419456569560e+00
1.693519941714842325e+00
1.167669570790529798e+00
1.086298589991307795e+00
2.308549932885120448e+00
1.227287600228375464e+00
1.020798433228841784e+00
1.847609553325669784e+00
2.369432116852440817e+00
1.516499270404156885e+00
1.022647507734207428e+00
1.793851986609804383e+00
1.424653022900706167e+00
1.097054795279284178e+00
1.191804150485126446e+00
1.512844977961849136e+00
1.366867639920013699e+00
1.482576101254323264e+00
1.018738719654012970e+00
1.068089146814046098e+00
1.765764068142634313e+00
1.725494756465341784e+00
1.402438987636679180e+00
1.191496598352760339e+00
1.362170499952052083e+00
1.171880742051159885e+00
1.312797495776168333e+00
1.589895903340081018e+00
1.304843842663970577e+00
1.155080607663466985e+00
1.441981424565923708e+00
1.074878645016995593e+00
1.984973216494308801e+00
1.177816601122729789e+00
1.971524248866585172e+00
1.344193558899488439e+00
1.117155629980411069e+00
1.073313854801912770e+00
1.755551099379985880e+00
1.290783288353393399e+00
1.338632407808180380e+00
1.407376568893325297e+00
1.194422787856879165e+00
1.799315210923626118e+00
1.034979357723318394e+00
1.270575521886535997e+00
1.990974641856885663e+00
1.027644875678977554e+00
1.394990241121547792e+00
1.343726187071192957e+00
1.607776445073594518e+00
1.210717135667028321e+00
1.595372654903483678e+00
1.033851356637433438e+00
1.454895797620459952e+00
1.076229833084169085e+00
1.243431134262313442e+00
2.419239432138110768e+00
1.235357106786741044e+00
1.519602395412234630e+00
1.385664931267309496e+00
1.808544157448305212e+00
1.295328749410145974e+00
1.820507865058688335e+00
1.273547532417431460e+00
1.106634328012283230e+00
1.625481777078603640e+00
1.154937547417137722e+00
1.116523671344361368e+00
1.373696329021164564e+00
2.140416812487433873e+00
1.541785081154513293e+00
1.278352167512007531e+00
1.461216506564238626e+00
1.124304754282146490e+00
1.401324612799608182e+00
1.533448089162877448e+00
1.518963359369056798e+00
1.266453743225706807e+00
1.030175651507209134e+00
2.278124551265432451e+00
2.496853876361059044e+00
1.974283761519627367e+00
1.653809897404316498e+00
1.941829510764155442e+00
1.729055304213484856e+00
1.093608465631077609e+00
1.765217589369101336e+00
1.201537437602103742e+00
1.006203215011293839e+00
1.134631561425187174e+00
1.591438615276531854e+00
1.199408045967868652e+00
1.192904198516252734e+00
1.570269733869868567e+00
1.304569096301340769e+00
1.823439014522482138e+00
1.742521191364170496e+00
1.217620199147388727e+00
1.945900341311387782e+00
1.314224939654289326e+00
2.098934765024245586e+00
1.310710468164230313e+00
2.052509061461572415e+00
1.183774057032459970e+00
1.314186435210878079e+00
1.448957403907279229e+00
1.200924349417678672e+00
1.607481003956376053e+00
1.529763265397880989e+00
1.344673318609841628e+00
1.365794482973398116e+00
1.504169853233153997e+00
1.586255733751645414e+00
1.106831798833741054e+00
1.793958993048416772e+00
1.032585689548680463e+00
1.095078728221445141e+00
1.496026696949424251e+00
1.073894298612386944e+00
1.112694941591005904e+00
1.623460884478712174e+00
1.800381971293947059e+00
1.057141290982301252e+00
1.105947117474373576e+00
2.458067460239086177e+00
1.313294167783997324e+00
1.336853805069369017e+00
1.681870196751868995e+00
2.346541886298497914e+00
1.137502175340855848e+00
1.321167431682069626e+00
1.791106658856434608e+00
1.502469689067100322e+00
1.192150088105271344e+00
1.038426205659284784e+00
1.331334639783429585e+00
1.193912411367483717e+00
1.198529808464281254e+00
1.249769652860475144e+00
1.752968483310963999e+00
2.275735187915593816e+00
1.222848687445027727e+00
1.463126344781453980e+00
1.166431035468619370e+00
1.034239894029706841e+00
2.384232986441644275e+00
1.183704620496056847e+00
1.361847225303557618e+00
1.035589353366872301e+00
1.542369472972430877e+00
1.549779853457452061e+00
1.385961659451535377e+00
1.564411404179431475e+00
1.441956490347143571e+00
1.331178758938843520e+00
1.919549460861796231e+00
1.055080523547119675e+00
2.242766471842531750e+00
2.390337340684986156e+00
1.785394314714565667e+00
1.811780446511803921e+00
1.464009762960341909e+00
1.242374542683809757e+00
1.197654864095444749e+00
1.034756278817207997e+00
1.797929324241630988e+00
1.185204365105133828e+00
1.029621912790994021e+00
1.463084880714896618e+00
2.064045356395245001e+00
1.672307489340741027e+00
1.144712905985662221e+00
1.003884096255950098e+00
1.543828607533574315e+00
1.742328972768504514e+00
1.357032442860651944e+00
1.584356006718072862e+00
2.134667510682986880e+00
1.011581910340672241e+00
1.577774722861334800e+00
2.121199767173009398e+00
1.139396636343811497e+00
1.897743763145209428e+00
2.146560561320650873e+00
1.878884195078188268e+00
1.112809992360104916e+00
1.843891158056627955e+00
1.171109990190460692e+00
1.998164208060690950e+00
1.341318062513746412e+00
1.217016677672779323e+00
1.039945409260668585e+00
1.868274643017805881e+00
1.631324236845490550e+00
1.410381835400402073e+00
1.845704300402634779e+00
1.203116677265923640e+00
2.167857612727097649e+00
1.027887597422176835e+00
1.460819545369298478e+00
1.227809311083317256e+00
1.646756465355535548e+00
1.443800217231256733e+00
1.751174768349127886e+00
2.011556252137064682e+00
1.237892261607789646e+00
1.609088140310373394e+00
1.531467774962795181e+00
2.219551280341365729e+00
1.466895084569944663e+00
1.110410914622316225e+00
1.103326327580596233e+00
1.027119684625811935e+00
1.476396682043037867e+00
1.014854108664008381e+00
1.468451656541560846e+00
1.087518201795374617e+00
1.199506715288892300e+00
1.853511810055772591e+00
1.384730697790660381e+00
2.268741476562690984e+00
1.554501709232870788e+00
1.757801678819479907e+00
1.041990796179333989e+00
1.174847877090420267e+00
1.933358762847046330e+00
1.392290322766617239e+00
1.502565526232632287e+00
1.157441043088916377e+00
1.440916324184529973e+00
1.442240911004896819e+00
2.261061082781604448e+00
1.363876134085147962e+00
1.076563784598020046e+00
1.847942828404487869e+00
1.097653090821348210e+00
1.539492996563644578e+00
1.410083886509807316e+00
1.840420867781688674e+00
1.101884201918294837e+00
1.368182548819886657e+00
1.483106299935404770e+00
1.275279309495946478e+00
1.173603808709356100e+00
1.803707605583871887e+00
1.586987488142024283e+00
1.280634065914133979e+00
1.275266613574791430e+00
1.530585098264871657e+00
1.225706310022193435e+00
1.572276372717157589e+00
1.518953009065922899e+00
1.632361488998983257e+00
1.964400822328621565e+00
1.367300371927347102e+00
1.291209530124974858e+00
1.733736886240135222e+00
1.950930005823602986e+00
2.075988013909259688e+00
1.404107762519281710e+00
1.255870260457496057e+00
2.087960936590675054e+00
1.462162314718809419e+00
1.211682613078261195e+00
1.066986764340586591e+00
1.271565277546568007e+00
1.474419092383132845e+00
2.084718747692957841e+00
1.387804282777866050e+00
1.558900728399608138e+00
1.163618091107049723e+00
1.076420678839015377e+00
1.381217421683750279e+00
1.421385373913094385e+00
2.037173464438848391e+00
1.233160153455057362e+00
2.024119048316462610e+00
1.012692412977901357e+00
1.046505476511413235e+00
1.459026930316416060e+00
2.079528106805750287e+00
1.759544554012361539e+00
1.492783631055485394e+00
1.221841885708718545e+00
1.344052194084905505e+00
1.090876132907407925e+00
1.079165163694109530e+00
1.019958479172206500e+00
1.009255309832669312e+00
1.122601228470355927e+00
1.441957118428478068e+00
2.103755510310406862e+00
1.354907049125120944e+00
1.530178596431349014e+00
2.203359924762739563e+00
1.410172490374567822e+00
1.140276583635720264e+00
1.845256443369688970e+00
1.570812488705665810e+00
1.871257889004843022e+00
1.199048333361151686e+00
1.596592698593983117e+00
1.905853343349617202e+00
1.046939334320749815e+00
1.263859458225159438e+00
1.579973604452602043e+00
2.087010749176699598e+00
1.731436800690579370e+00
1.448256808506993121e+00
2.701885228977475073e+00
1.070863795566494803e+00
1.235323084978497521e+00
1.051894961038878362e+00
1.426466268112627889e+00
1.615416373530635941e+00
1.115436485005577572e+00
1.282375417015504171e+00
1.417363685260794037e+00
1.461460486680515647e+00
2.052878660040291514e+00
1.189503661825167091e+00
1.266083963149779112e+00
1.276936414834292766e+00
1.203043542577532099e+00
2.845067798039271345e+00
1.447692016750117272e+00
1.019675511555645508e+00
1.264775091834933196e+00
1.780988221759293166e+00
1.851929452707931079e+00
1.046185471809997658e+00
2.164859636464676385e+00
1.443229301162245903e+00
1.113181030269567939e+00
1.479076403658087679e+00
1.923249871165699787e+00
1.678264478521265035e+00
1.322280503180765843e+00
1.385281010554157977e+00
1.529122912159181613e+00
1.039055103814806591e+00
1.518247792135338337e+00
1.715045188646148633e+00
1.209274097171454176e+00
1.279168416957960241e+00
1.280248793374275218e+00
1.431129502095187966e+00
1.933370871226521404e+00
1.326974687436527578e+00
1.089251120418817997e+00
1.106699121438338818e+00
1.853921038674686494e+00
1.812970099585128114e+00
1.350520476638116696e+00
1.431579331785883369e+00
1.034889827447103894e+00
1.250678890132310261e+00
1.022107026574882838e+00
1.022191872807794777e+00
1.085173320282766696e+00
1.820802255374617484e+00
1.486679992002279516e+00
1.079179113970132997e+00
1.696907117095579176e+00
1.249782186636887671e+00
1.230522151783288720e+00
1.562669512755292534e+00
1.074343122444701093e+00
1.118719489562609359e+00
1.234306667078823638e+00
1.069053606553178160e+00
1.447387038166263462e+00
1.505783319258628516e+00
1.063443072804859391e+00
1.841628522436299376e+00
1.423178721378671741e+00
1.467302318081786572e+00
1.531054636342401798e+00
1.195155093137581837e+00
1.270295536891305810e+00
1.011673801396027361e+00
1.303557099388013674e+00
1.148349098220649012e+00
1.644677012487019807e+00
1.935741526258730527e+00
1.879386398791851320e+00
1.206325705958724015e+00
1.446880828287467446e+00
1.426476534948806218e+00
1.662444523381793715e+00
1.444582510203476833e+00
1.295654217232647509e+00
1.470917648534666000e+00
1.074673663285099945e+00
2.145529207016460216e+00
2.330592515583643998e+00
1.444191547542616361e+00
2.251275421323193360e+00
1.154906126856321213e+00
2.171398282220240006e+00
1.154451685643910430e+00
1.070127442491433101e+00
1.809644428092292312e+00
2.243510243366270362e+00
1.710018894987689109e+00
1.333972741516152860e+00
1.009961902167912262e+00
1.218264013855274053e+00
1.097410393943840212e+00
1.778226823437316639e+00
1.057629631934714043e+00
1.458295914152315076e+00
1.004024642905480658e+00
1.572250323733171529e+00
1.465568275055895375e+00
1.190037780588785843e+00
1.064573240972794599e+00
1.821557531518041451e+00
1.880839602540553157e+00
1.206850441741444957e+00
1.081136546944273524e+00
1.112247601421308962e+00
2.364919033899440137e+00
1.841496245652388453e+00
1.670576725971487653e+00
1.149063678641527586e+00
1.052434715510893959e+00
1.376028381736122741e+00
1.168292211303031625e+00
1.382672795687907241e+00
1.464924361112968754e+00
1.339489015595300092e+00
1.510007012644558611e+00
1.518389779128037853e+00
1.052265858414276334e+00
1.404649445351081161e+00
1.515476690854672404e+00
1.085365924146687089e+00
2.083161139379771765e+00
1.395997885288794427e+00
1.486279127743407757e+00
1.535149771280789555e+00
1.347558367350186304e+00
1.166838075080529169e+00
1.236270149489603343e+00
2.297787107002365659e+00
1.377609382547450467e+00
2.407794971616863844e+00
1.495810392837233938e+00
1.547430576920292955e+00
1.580852998009709021e+00
1.432601385530911875e+00
1.076320198523338822e+00
1.021368199679834721e+00
1.355345600698589559e+00
1.094699026271762188e+00
1.482866091150221166e+00
1.365460105384684208e+00
1.356628959558477066e+00
1.295729938785021851e+00
2.346485025307280647e+00
1.647675738765268516e+00
1.661401584473869875e+00
1.466116200112553836e+00
1.302068866367225741e+00
1.081396632843322436e+00
1.421338315311150735e+00
1.018585985155039619e+00
1.660678487177966733e+00
1.252576001259845251e+00
1.583776433939455108e+00
1.663519292036886865e+00
1.562295480129679115e+00
2.551064537378832320e+00
1.336532122459209715e+00
