total_mass_source
5.494416230907409471e+01
5.568598140549351427e+01
6.112492219813051975e+01
6.210048276393729338e+01
5.745131920374819146e+01
5.663539854828203346e+01
5.713897925844190695e+01
6.066096473757915675e+01
5.649879950894943192e+01
6.095096949174021717e+01
5.857609429197209749e+01
5.887691520459123495e+01
5.988516421780387589e+01
5.797417294662882625e+01
5.899453625956370217e+01
5.987722386328519519e+01
5.539356739169966914e+01
5.830776296509756662e+01
5.588593185398318752e+01
5.931917405998176207e+01
5.751139050991081092e+01
5.969190413501576842e+01
6.020592995819573190e+01
5.764045624644173671e+01
6.154792571208629681e+01
5.791299330097477593e+01
5.784400658020904729e+01
5.862863178797331898e+01
5.289393170692094515e+01
5.725440242307772820e+01
5.990650795957870400e+01
6.178980429849119105e+01
6.137479454918865684e+01
6.812215112331645628e+01
5.806290339402796263e+01
5.438636512665834744e+01
5.738910250275748126e+01
5.530643310048512262e+01
5.790498700420448586e+01
5.865119869719062962e+01
5.776217628822282535e+01
5.990715002132436950e+01
6.022983460572217496e+01
5.717628027637467625e+01
5.700809997615823477e+01
5.754657125069117285e+01
5.466227912420756496e+01
5.654139985422080628e+01
5.245816915567688454e+01
5.815496143196266132e+01
5.751661045131369576e+01
5.681906010279839592e+01
5.644883525351884401e+01
5.719561753289583095e+01
5.766966222618496829e+01
5.393041386500030399e+01
5.910721508612400754e+01
5.725943983343444899e+01
5.623251174150593812e+01
5.696378417960141149e+01
5.544726525133104644e+01
6.000683496890786728e+01
5.430271475640056167e+01
6.127983707384491652e+01
6.621447662443026161e+01
5.763977073263308881e+01
5.961602038503070844e+01
6.027074053732636827e+01
6.039872241430524014e+01
5.963921861840742622e+01
5.631204911013125525e+01
6.062046728085073255e+01
6.201243710778491902e+01
5.880694291007795016e+01
5.653970785918969000e+01
5.965046439735093031e+01
6.634884567800332889e+01
5.656116548560913060e+01
5.875011512021765014e+01
5.882078779633319954e+01
5.896080750012063021e+01
5.724201588344180891e+01
5.767040409990218564e+01
5.938322182925725912e+01
5.920577100663361136e+01
6.051050063156825587e+01
5.518420706827377131e+01
5.978873998091194863e+01
6.152103542046118179e+01
6.075186356315754921e+01
5.854444435132771929e+01
6.381118817191870818e+01
5.634980188768457765e+01
6.189690227191054817e+01
5.675510914058338585e+01
5.481607036367461205e+01
5.696791210719105436e+01
6.056940592649982591e+01
6.275841208617297440e+01
5.539475345070277967e+01
6.186256650401332280e+01
5.939428629376227775e+01
5.826159403391300629e+01
6.384122777086700751e+01
5.740691101408154395e+01
5.741257064537464316e+01
6.216274573771509182e+01
5.574974800492515925e+01
6.067762815415728994e+01
6.082072940251728710e+01
5.577443575741407500e+01
6.156564337239048257e+01
6.117701709242390251e+01
5.659611597073823930e+01
5.781878210851331090e+01
5.428469216072222991e+01
5.912979806146412898e+01
5.935885823986911447e+01
5.415960670013693345e+01
5.960531249978862434e+01
5.982144310220972017e+01
6.496679147434956292e+01
5.774724308932278660e+01
5.950873514039015788e+01
5.543711963938634568e+01
5.799380486906035514e+01
5.545412456425474090e+01
5.985751600039331066e+01
6.163979137850473222e+01
6.110940110849556817e+01
5.362498384335901846e+01
5.324695897444247095e+01
5.519226503262562034e+01
5.927169798765224584e+01
5.489934782384911216e+01
5.768222136543577250e+01
5.609765040463494756e+01
5.379668351334716903e+01
5.812611555299677235e+01
5.896908964981758317e+01
5.762441222642338801e+01
5.960351918235517132e+01
5.783153707831388601e+01
5.850205204011842852e+01
6.368231178675970483e+01
5.727920498317026698e+01
6.114347454805645299e+01
6.282370745482622709e+01
5.973162552377225154e+01
5.669773589814710846e+01
5.610756973741422371e+01
5.508452149615440874e+01
5.670378733301807017e+01
6.414700226118058879e+01
6.179128430199426703e+01
5.461311733666521206e+01
5.683425913501783810e+01
6.352554828599633652e+01
6.354189316216900352e+01
5.580036368455702700e+01
5.249214120091512115e+01
5.931057353875031168e+01
5.941213534728096590e+01
6.240254281876037368e+01
6.210600171512807322e+01
5.800925446978985889e+01
5.706846313898360989e+01
5.688572361505739394e+01
5.732958856468802367e+01
5.557894832862745460e+01
6.322249685567280864e+01
6.162314707718258688e+01
5.854130877838642988e+01
5.925491269025073393e+01
5.908591328660681086e+01
5.867438147023892014e+01
5.582854242552733126e+01
5.868408971383718153e+01
5.443738104926565313e+01
6.493539490529978764e+01
5.848434201623145157e+01
6.247194949861669500e+01
5.558754667005283778e+01
5.929249056550334274e+01
6.135587630735748377e+01
6.299052596344564847e+01
6.977671454890939629e+01
6.163057505320483642e+01
6.063807043179421896e+01
5.634761232377045559e+01
5.752983832931154495e+01
5.780126651304784957e+01
5.616540682881489488e+01
5.784759990071101754e+01
5.586847969437199168e+01
5.836277592172662310e+01
6.047141796148673620e+01
5.637521063760005546e+01
5.713792746773467002e+01
6.339096941401841434e+01
6.553994436546572899e+01
6.367645874208756851e+01
5.743439363112221230e+01
6.388880232265552195e+01
6.027318567327029797e+01
6.139595702074328187e+01
5.528563250066106605e+01
5.832797509192971575e+01
5.923753207861160774e+01
5.853943795860843125e+01
5.821610829656506780e+01
5.925774094911622569e+01
5.972650408843009728e+01
6.299401212224730529e+01
6.071690525431736063e+01
6.084108674578605758e+01
6.331944952789068282e+01
6.128807615716333146e+01
5.487809015348332764e+01
5.528171656361087827e+01
5.515245073327692182e+01
5.884008349676225436e+01
5.313171687865609272e+01
5.516413135871540163e+01
5.767388654231024958e+01
6.093242076591518241e+01
5.893734774610258143e+01
6.247843970787725709e+01
6.264060206381952867e+01
6.065955237975381209e+01
5.940804315958535398e+01
5.783914216493106153e+01
6.343345048082807835e+01
5.976832761680034167e+01
5.802689536563613615e+01
6.009646002955611266e+01
5.450759889099639111e+01
5.770340271596640491e+01
6.105279498260440363e+01
5.977512789567751383e+01
5.975752468461591604e+01
5.892036279837676460e+01
5.430080960686843383e+01
5.868008201637251631e+01
5.818518828376421936e+01
5.715225250456117578e+01
6.047951906194680305e+01
5.633549701125404852e+01
5.567648849702499803e+01
5.719794178230819881e+01
5.894355172573875024e+01
5.311278724949728058e+01
5.897984443684299549e+01
6.064641006705561210e+01
5.668721020039243541e+01
6.061174319023863433e+01
6.381573108075839684e+01
5.755129736744331836e+01
5.806912184187838477e+01
5.809345928336158948e+01
5.468782812809561023e+01
5.682693681666108176e+01
5.783651179048376179e+01
5.891349038905897118e+01
6.559565803460456834e+01
6.002549497845218696e+01
5.601909158098544594e+01
6.051319085205545178e+01
5.468915943011279523e+01
5.605259918077105397e+01
6.512399555465243850e+01
5.813922710292373353e+01
6.305116204322258966e+01
5.526568914920229503e+01
6.415789146654621788e+01
5.988586353662736883e+01
5.990826530093813318e+01
5.332010195459833568e+01
5.810235013823794503e+01
5.742995163638936162e+01
5.438340874046204476e+01
5.941006046722618095e+01
6.477297007016348118e+01
5.987344523213374003e+01
6.072568445544066407e+01
6.592248354781020225e+01
5.577311687863568324e+01
5.685301065366417816e+01
5.916765539033797694e+01
5.698519554480677130e+01
5.953852607197639912e+01
5.556038303004769574e+01
5.844565865300157270e+01
5.751608965842686416e+01
5.561434648063182351e+01
6.421423798238043901e+01
5.654241029231235416e+01
6.564251574637803799e+01
5.619938227914745710e+01
5.772111513113179626e+01
5.608416560756253233e+01
5.421056494065945230e+01
5.723084074770032004e+01
5.755857356048242224e+01
6.124943050762989571e+01
5.774230239324050729e+01
6.147987637232137814e+01
5.955289277185577390e+01
6.293558624017202163e+01
5.499669276006535767e+01
5.610347445965488333e+01
5.936274379510111743e+01
6.430821341360477561e+01
5.979011842230369922e+01
5.788336393328839335e+01
5.623183695573778351e+01
5.766283941052041939e+01
5.851310423829431073e+01
6.243422753039825324e+01
6.332573829628238826e+01
5.932249056476473470e+01
6.646269294774518244e+01
6.146326341179192809e+01
5.864256254790321776e+01
5.944222044376561342e+01
5.863774409206736493e+01
5.545092728450105568e+01
5.714778449170366059e+01
5.806660869678897541e+01
5.795551379451299567e+01
6.190631583737535948e+01
5.784216515813845660e+01
5.826355079213299604e+01
5.797262213460592761e+01
6.365857505323775456e+01
6.850445279274326538e+01
5.959367888935560842e+01
6.395687713334166347e+01
6.236903526571936851e+01
5.692593129475045544e+01
5.932636168196187754e+01
5.572204735105584206e+01
6.281997683701688118e+01
5.857795727999413060e+01
5.764790198156610046e+01
6.163022228587301754e+01
5.296605797878762445e+01
6.009214114019425779e+01
5.697775764874563009e+01
6.364930324374258674e+01
5.777572075355754322e+01
5.853743377165226036e+01
6.021148601109543819e+01
5.616382702522108872e+01
5.437930743968190939e+01
5.887023384981661422e+01
5.587127274851597036e+01
6.255947851741212418e+01
5.375281706883261279e+01
6.224391754054433790e+01
6.227399040387255269e+01
6.133637631636271692e+01
6.029430844067631057e+01
5.437967360274839024e+01
5.855714364930658888e+01
5.595015354338709557e+01
5.934799532788139942e+01
6.408337585596682118e+01
6.094748476262487458e+01
6.006367608183222018e+01
5.617036537327838630e+01
5.917354750513774064e+01
5.889041578145387490e+01
6.356089626757820810e+01
5.800518653533151792e+01
5.903689407155201962e+01
5.656461793207293454e+01
5.819354346684685453e+01
5.491387285644626814e+01
5.920149182915242392e+01
5.981734018980677092e+01
6.055056845305294644e+01
5.973286175949391463e+01
5.861442129466830409e+01
5.620287722593987212e+01
5.855593978671002731e+01
5.682340927715960532e+01
5.696852473144565465e+01
6.589102417822417124e+01
5.802384421061127995e+01
5.630003538824378495e+01
5.436910377339193445e+01
5.497754071249720198e+01
5.719278178251178701e+01
6.635300461038281128e+01
5.879703035296402902e+01
5.535440552387167656e+01
6.420346467243217603e+01
6.563719328878802628e+01
5.598167346630026486e+01
5.739658153352739589e+01
5.929026800243715201e+01
5.618170036338309359e+01
5.770027926817743946e+01
6.631860830690895625e+01
6.187577439984751493e+01
6.171573928635117312e+01
6.035394524314920517e+01
6.036880264487532344e+01
6.143919013991672529e+01
6.884787962250413784e+01
5.339115598159141740e+01
6.115783310563023178e+01
5.450769816678549518e+01
5.497891994470925425e+01
6.145279409928097181e+01
5.614745021708194628e+01
5.774034424811987520e+01
6.101697881130981926e+01
6.672666090787808457e+01
6.510496928825220664e+01
5.556790139987550248e+01
5.511828392628692086e+01
5.541123663002893096e+01
5.702929884974559371e+01
6.194975682233643255e+01
5.836764985993948329e+01
6.405955796513735834e+01
6.611579669321821484e+01
5.825441339392685336e+01
6.299265477604669172e+01
6.109051628490252028e+01
6.276550087849536652e+01
6.641855110453178668e+01
5.589132311260712527e+01
6.050894095086200508e+01
5.562751805919560155e+01
6.408638327178388749e+01
5.921179812800636455e+01
5.702435935286911217e+01
6.180853858278537416e+01
6.027160725887392800e+01
5.848003317899372888e+01
5.474520555996689808e+01
6.192925680778990483e+01
6.093511034511266899e+01
5.544943979887639074e+01
5.720659830757206521e+01
6.223943672531288485e+01
5.703202050519525557e+01
6.362197589143620746e+01
5.566923595116415413e+01
5.478358203007723404e+01
5.946500979552781985e+01
5.830972664671745775e+01
5.728825745765170296e+01
6.028501806799008023e+01
5.954358320246052472e+01
6.249960639423510855e+01
6.279752311343123949e+01
5.826376651702659615e+01
6.075668016464502585e+01
6.081132716182547426e+01
5.931298470294814251e+01
5.824919442877370557e+01
5.688260577173812038e+01
5.563006854564574866e+01
5.917715248394682703e+01
5.719273721159203205e+01
6.011605867583477902e+01
6.064600818820899519e+01
5.710231266589392618e+01
5.763680816809833374e+01
5.599693465755063215e+01
5.829637660937619614e+01
5.798579330652399477e+01
5.654646605182067987e+01
5.783261780781230499e+01
5.681352661954122141e+01
5.677618175941964296e+01
5.895724160889795229e+01
6.215097445692755684e+01
5.830280891313326208e+01
5.476033615365449947e+01
5.751626447039308232e+01
6.234336060738081642e+01
5.810032332491346807e+01
5.988821486647334069e+01
5.491977487833641902e+01
5.669928963414414369e+01
6.003927352004201623e+01
5.705950233628878010e+01
5.963198240185988652e+01
5.626406087577368709e+01
5.369192854616859734e+01
5.697443531138011252e+01
5.883004135411157876e+01
6.054055163433626063e+01
6.442334231939608458e+01
5.680742879927838374e+01
5.965445323675019296e+01
6.043460111736299467e+01
6.970699682300855216e+01
5.910069769235045811e+01
5.821544570869792068e+01
6.190783872590024117e+01
5.629683423475600534e+01
5.842843871208535234e+01
5.744024072330064712e+01
6.316943463278581561e+01
5.901195873197224984e+01
5.513962552800379768e+01
6.260125452679146463e+01
5.797895192802800324e+01
5.992840438805059478e+01
5.879385108310000874e+01
5.814340132233198233e+01
6.564487757856902306e+01
5.583394863139229614e+01
6.134427131060876093e+01
5.873060518084789550e+01
5.654693250414569405e+01
6.217165830798666093e+01
5.624838403607181192e+01
5.714547316786490683e+01
6.116973110238375710e+01
5.521561177955496902e+01
5.550721128423159456e+01
5.799543177203698718e+01
6.266413312385049039e+01
5.471422115730706537e+01
5.752245944264966226e+01
6.253643764466038846e+01
5.900633045110599539e+01
6.059007469695426096e+01
5.389517283714916829e+01
5.248531132509836539e+01
5.933044899598559851e+01
5.687742964348026931e+01
5.849373069926129176e+01
5.782947857259361513e+01
5.909956279740718088e+01
5.986606780759871071e+01
5.806033226320506913e+01
6.345029158078109788e+01
6.121830998079783370e+01
5.935919648727874431e+01
5.625800623846406978e+01
5.751473956292901590e+01
6.383175376180403759e+01
5.599423919582532960e+01
5.950418913840273660e+01
5.583602049334216133e+01
5.672318325935109584e+01
5.649051487670759997e+01
5.606950763352345035e+01
5.586036009955503090e+01
5.673916129350877213e+01
5.899226682786506615e+01
5.920473133618635586e+01
5.685164759211053109e+01
6.110831729989529748e+01
5.907316306720873911e+01
5.957533152864152015e+01
5.492115592774271704e+01
5.823917991654892035e+01
6.244875512255929095e+01
6.472708709126985127e+01
6.205588941270848835e+01
6.205184607859593626e+01
5.758069115941997040e+01
5.467924868171532182e+01
6.358339219417597832e+01
6.001085446282520053e+01
5.424343696262407377e+01
5.870731354847977457e+01
5.803966808075433903e+01
5.657702264164404937e+01
5.888256071363404942e+01
5.531853416616881702e+01
5.656953634626458438e+01
5.410834226681890158e+01
5.658265255454803366e+01
5.890700698857671114e+01
6.090090290560880248e+01
6.758721303361585342e+01
6.068121839705136722e+01
5.907212387718346491e+01
5.919252154900883767e+01
6.146689323507545311e+01
5.913296354960133527e+01
5.827017692664001203e+01
5.603156558557843425e+01
5.678311860877175832e+01
5.972949908446817346e+01
5.582734461170196738e+01
5.360490919713539171e+01
5.386291262322024664e+01
5.797830351996376663e+01
6.262194564888566362e+01
5.485028068889032227e+01
5.695057049449664532e+01
5.798273621104573294e+01
5.955267902290106719e+01
5.751606749807968555e+01
5.547471098925979760e+01
5.968821199682834333e+01
5.696279499618334086e+01
6.123457732094071559e+01
5.890118626229130427e+01
5.659902503582438982e+01
6.041128537481285576e+01
5.787473830731267554e+01
5.984793314787891916e+01
5.622129451222022567e+01
5.793723601991722205e+01
5.923064692093533523e+01
5.783159045189605507e+01
6.092082765157072544e+01
5.852019306851737923e+01
5.905583541010879856e+01
5.864403922228537169e+01
5.350455954006707771e+01
5.893955515092999775e+01
5.792132284871573233e+01
6.719472615111679659e+01
6.040784171481971754e+01
5.254641222993760863e+01
5.804708040009935388e+01
5.688947562987082307e+01
6.486413579812109731e+01
6.198144670760646591e+01
5.832089073176330629e+01
5.963289691396296632e+01
5.649057685665477635e+01
5.812477868954155724e+01
5.619135908671614033e+01
5.881092709315215217e+01
6.094808866508969913e+01
5.844863041942988247e+01
5.991608883380615680e+01
5.832287415393939511e+01
5.958816857299110126e+01
6.137808855169370759e+01
5.642015877326377193e+01
5.650763041992314584e+01
5.993531033475273517e+01
6.006909515780947828e+01
5.546181447167128908e+01
5.821429898532754521e+01
5.987515749558314582e+01
5.659366073051533874e+01
5.954751814023254042e+01
5.719444808973073435e+01
5.748414400808987068e+01
5.485816939387158442e+01
6.012718898497598730e+01
6.336642845936169266e+01
6.211815939486835703e+01
5.532445893101670009e+01
5.804729432511913956e+01
6.333443404172414404e+01
5.892621960444513718e+01
6.049926600155305323e+01
5.519668536397681891e+01
5.896244101152017691e+01
5.789805509448522969e+01
5.268666913666176299e+01
5.822461691782040560e+01
5.786298155554510458e+01
5.781894309232005469e+01
5.803843105469614727e+01
5.735481441787702295e+01
6.282217475804289109e+01
6.119297635005690239e+01
5.845141582502465383e+01
5.778404561565193376e+01
5.514946006673605439e+01
5.785766957979291192e+01
6.141197606319056490e+01
6.164566455410634660e+01
6.094847539809298098e+01
6.644815286929784293e+01
5.870604061686469066e+01
6.007063032708297357e+01
6.164536536009317302e+01
5.756246359415818858e+01
5.721237052594745620e+01
5.689270115295023089e+01
5.850301322438270546e+01
5.622135212368865353e+01
6.596175003292576378e+01
6.216159496713490995e+01
5.811019496935366391e+01
5.926518316343727832e+01
5.677376628330765129e+01
6.260464296072552060e+01
6.099121258277808977e+01
6.594779882551880235e+01
5.805421725793428323e+01
5.770472234701394143e+01
5.327778114463726666e+01
5.649990144841079598e+01
5.608680005752083275e+01
5.912931302586100912e+01
5.487498774189436546e+01
5.738503900957359605e+01
5.791072559327003688e+01
6.281739384884176047e+01
5.527211544988779934e+01
6.360513951791172360e+01
5.833981030527276346e+01
5.682234631238637945e+01
5.787907621649848267e+01
5.752687387254373874e+01
5.779931393924481142e+01
5.848166809259385701e+01
5.970730179193242293e+01
6.030271341860432699e+01
5.374334862546142233e+01
6.331156331275119697e+01
6.419814727390988196e+01
6.189477681200801840e+01
5.935337434276237190e+01
6.176491697131007896e+01
6.276472487860920779e+01
6.076180568385363756e+01
5.824967673765024756e+01
5.837410831236092434e+01
5.640561973896566172e+01
6.257716229585656720e+01
5.572594833973580819e+01
6.177450976319573073e+01
5.634400700849873544e+01
5.879721281689740664e+01
5.495086938466085513e+01
6.108025657457239532e+01
6.525135597227206574e+01
5.332458301913099774e+01
6.401066705745445518e+01
6.230591019126205765e+01
5.666221935775669039e+01
6.336792270578033737e+01
5.988787215610530978e+01
5.733032380189984423e+01
5.889361264850395372e+01
5.911194963745377606e+01
5.682384396038128216e+01
5.818952561947937596e+01
6.217713436986166897e+01
5.862439198465284562e+01
6.278447513142053538e+01
5.773795727148429791e+01
5.744453438536665146e+01
5.892699438528625677e+01
6.086862104595717682e+01
5.858376863160681580e+01
5.839507012677557896e+01
6.135336904320580231e+01
5.930571152239937760e+01
6.229262558116666071e+01
5.743200391365071766e+01
5.778666906890779842e+01
6.379864173356013879e+01
6.117150813952762434e+01
6.402484233861949292e+01
5.876398427528200585e+01
5.519245618889653571e+01
5.712103144615170436e+01
5.639220336036554926e+01
6.290570491964395927e+01
5.909797295087734170e+01
5.813175927602124204e+01
5.823289284864558368e+01
5.825758232619277521e+01
5.356315788352384999e+01
5.850243465835638546e+01
5.837935582461253148e+01
6.156136373143460361e+01
5.976372672545707587e+01
5.920059463617564433e+01
5.872076408227980693e+01
5.760514951166292974e+01
5.929667792168740448e+01
5.704809154238446212e+01
5.832899591337466205e+01
6.033025842297637098e+01
5.380354264376472884e+01
6.198724175287701144e+01
5.895676131940829379e+01
5.889032212001575317e+01
5.834440628420634312e+01
5.776371959202747774e+01
5.765823079638801829e+01
5.489287725126084894e+01
5.505758660521162540e+01
6.829686766304944001e+01
6.201315336082847551e+01
6.559969924157481103e+01
5.791091782556343048e+01
5.602478916354261429e+01
5.712565920150728260e+01
5.868429334540600451e+01
5.751663939203730536e+01
5.732887535136845258e+01
5.571170404693943112e+01
6.302238800224534288e+01
6.083258171892123300e+01
5.722296894486108698e+01
5.713042185178874632e+01
5.876649836435535690e+01
5.821312347068281667e+01
5.486525821968761107e+01
6.266481373662617926e+01
5.375739236202536375e+01
5.483574865046407609e+01
5.540957706851892794e+01
5.867023014862669328e+01
5.620038395046539392e+01
5.968536389150518318e+01
6.027121512386411695e+01
6.432967779929684582e+01
5.626674343949409263e+01
5.837183615917305701e+01
5.753459151885541445e+01
5.890981071823006232e+01
5.532841905295737917e+01
5.830008183141221423e+01
5.926926461013552938e+01
5.753084552888898884e+01
6.118763330009923607e+01
5.853662989052710230e+01
5.634723368628005602e+01
5.382325480480062652e+01
6.021676056286008105e+01
5.836498514352828693e+01
5.802220181489230555e+01
6.440043075776932824e+01
5.443678235593365855e+01
5.717899205148832920e+01
5.706654641835373099e+01
5.606324002132171813e+01
5.606455517030956770e+01
5.989764998488583814e+01
5.709801403064521708e+01
5.628967100044593508e+01
5.469942894868696470e+01
6.269461841568129046e+01
6.437215623759182392e+01
5.700671319895013767e+01
6.102382443544406243e+01
5.512505646612323318e+01
6.084950927091336581e+01
5.825825876733961906e+01
5.772071090954543138e+01
5.821900496333911690e+01
5.636581697716456318e+01
6.247738775742832473e+01
5.700602066208633545e+01
6.027473009593606434e+01
6.125060047560391752e+01
5.413545884968042543e+01
5.892264844636655852e+01
5.525795767275148762e+01
6.007626742790966290e+01
5.973733135358075685e+01
6.448338634575213746e+01
5.805685025203926841e+01
5.700702605482490526e+01
5.619046279761310814e+01
5.833205775319164132e+01
6.126200615546719064e+01
6.312357517006905283e+01
5.976617205007950417e+01
5.613631396860991174e+01
5.595051038912394148e+01
5.903790345584356203e+01
6.218209311142508255e+01
5.808605180128179768e+01
5.710399808213702499e+01
5.791315293382339746e+01
5.908395607429175556e+01
5.949136616803600219e+01
5.859207559441895086e+01
5.679766478781734662e+01
5.923976522756441909e+01
6.127715542308362018e+01
5.628149563065288419e+01
5.531927410023799752e+01
6.416564236059667792e+01
5.594300310080133443e+01
5.761351443302974928e+01
5.815321708779917742e+01
5.782265138192332898e+01
5.786510003827521587e+01
6.238849578555978326e+01
5.792779754901857103e+01
5.871896419447774917e+01
6.189018627120690041e+01
6.204122524444800035e+01
5.785842926688769694e+01
6.090795431480982813e+01
5.871576051886388115e+01
5.420733278895897200e+01
5.934248026269639809e+01
5.630014282951471216e+01
6.086599241749077294e+01
5.675039321390386249e+01
5.898769796581790814e+01
6.197034829777372522e+01
5.769140246575838660e+01
5.753828131322795514e+01
5.806480224769448739e+01
5.736086578167722649e+01
5.420984047663046823e+01
5.895280816779239785e+01
6.161175243933736567e+01
5.774855214589052821e+01
5.793441640812955029e+01
5.893471176216352347e+01
5.657556751315446775e+01
5.860635887802596500e+01
5.830850158537590744e+01
6.065807383868872193e+01
5.900898223175433799e+01
5.888554961882335448e+01
6.271981334582500978e+01
6.054314088428782981e+01
5.575084898779822140e+01
5.740558622143464618e+01
5.855315195132429551e+01
5.903276858765334367e+01
6.047405492333505350e+01
5.768834646829532176e+01
5.896305492998484965e+01
5.436237422196071378e+01
5.812743095150332806e+01
5.843718952004804379e+01
6.224240464400742212e+01
5.558802837247694839e+01
5.723184381909862140e+01
5.945180701954140545e+01
5.984432767180204138e+01
5.770515814496254592e+01
5.596359886540959394e+01
5.939011311358292744e+01
6.180723706395544781e+01
6.554360909247520794e+01
6.217160148127187824e+01
5.545638023545571826e+01
6.150084178827019343e+01
5.881082608743719931e+01
5.740186648619818044e+01
5.488584171046723981e+01
6.099324592698481950e+01
5.819194350516298897e+01
6.181535859334451999e+01
6.244020015343132712e+01
5.451369226505811127e+01
5.785601550792311087e+01
5.810619615459783915e+01
5.680573813898298852e+01
6.257343284010049445e+01
5.705351091593492185e+01
6.111748754918530580e+01
6.839502833029645501e+01
6.171031575874162911e+01
6.033559599157822362e+01
5.528118855505172036e+01
5.660094566883668676e+01
5.888448141330140828e+01
6.015348225270728477e+01
5.803829156621420537e+01
5.756817296451385602e+01
5.806517261391135776e+01
5.585980984423945017e+01
5.545680754019245740e+01
6.064979613716158013e+01
5.549711163369002520e+01
5.711660249482083884e+01
5.900836083988340874e+01
5.536639504979883242e+01
5.581844297063260996e+01
5.998121229601148485e+01
5.674251572953908607e+01
5.663618138526680212e+01
5.628009228334046554e+01
5.663683959374984767e+01
6.143263500626190421e+01
6.008068084690763300e+01
6.268410375606980978e+01
5.996256617642078623e+01
5.726258124359199542e+01
6.699688112507699600e+01
5.404124534574182093e+01
5.707499700100412099e+01
5.871436087689468053e+01
5.562712817149606792e+01
5.765666877393804413e+01
5.997963495479037022e+01
5.644741380504430595e+01
6.222292468918575992e+01
6.072296186070001767e+01
6.019755812856497812e+01
6.070911449515840985e+01
5.502720952623938189e+01
5.761913887259562728e+01
5.736914453447776907e+01
6.316604713394951176e+01
6.159621970420272419e+01
5.711338510728574391e+01
5.833059293578256899e+01
6.040742940463592703e+01
5.853872593012641090e+01
5.844169085175828116e+01
5.508218335367300966e+01
5.537589502323645974e+01
6.118745994853266268e+01
5.715943082848203005e+01
5.684024365849557370e+01
6.192473509000750909e+01
5.877516297377647447e+01
5.844192218499968305e+01
5.789052596138301965e+01
6.346051499640864080e+01
5.959750439450217385e+01
5.721472632988548668e+01
5.856938453069054873e+01
6.231863180687504666e+01
6.328309364715829588e+01
6.038214416315705790e+01
5.635527440894592388e+01
6.445976806486521582e+01
5.573283470730563494e+01
6.240918129364383304e+01
5.777446859609469954e+01
5.838734418078157518e+01
5.592189004603558544e+01
6.123792913594121501e+01
5.994555676677003930e+01
5.740062898673339475e+01
5.697697491725258345e+01
5.910673660728371459e+01
5.673877346001805222e+01
5.724878628532675151e+01
5.410934206891570852e+01
6.119753323943965029e+01
5.603320916893243009e+01
5.812285418313511798e+01
5.686367468371723533e+01
6.126531001958599632e+01
5.856203060631801094e+01
5.886848248480755075e+01
5.848663959960224190e+01
6.273322788767568881e+01
5.488187461076337570e+01
6.009958067569756679e+01
5.893625423042532674e+01
5.921812206004951662e+01
6.254637005910745273e+01
5.654796706867595901e+01
5.942931932747819701e+01
5.490761401858532764e+01
6.163889101189748487e+01
5.858654213937393251e+01
5.492655259548018165e+01
5.512070787883307332e+01
5.448490661721032069e+01
5.735549744759876489e+01
6.023124687138244582e+01
6.184197861533436225e+01
5.546694973703603893e+01
5.931099561968874667e+01
5.938902099900362686e+01
5.876017570412108171e+01
5.364016945713883189e+01
5.732049965557337146e+01
5.947122219293699885e+01
6.007739414557956792e+01
5.625570623284868788e+01
5.853633533180024529e+01
5.356588178142104795e+01
5.888482534706736260e+01
5.541316935826985457e+01
5.897246731573196854e+01
6.179998629789088227e+01
5.939676182553863981e+01
5.791695077238728118e+01
5.869037213520612539e+01
5.745869578876588690e+01
6.040725691414669285e+01
5.892360142198003814e+01
6.121570840841553718e+01
5.884410738897241799e+01
6.600273075049881299e+01
5.670944945108362134e+01
5.917048460307728419e+01
5.718851303020750265e+01
5.735406961897982114e+01
5.793095846751302958e+01
6.370779254560694227e+01
5.985463076418361794e+01
6.775766522523522895e+01
5.873340944997805479e+01
6.080810038908235526e+01
5.556942797529453060e+01
5.939693301045643636e+01
5.981594527082092583e+01
5.607855798142633574e+01
5.675019131975536624e+01
6.239518842650375774e+01
5.829182705918206864e+01
6.284945883970313929e+01
6.431045487309197028e+01
5.821025300418916970e+01
5.514503900178903706e+01
6.197612596398760587e+01
5.621350792103034877e+01
6.110172353287659064e+01
5.605361945662897227e+01
5.752769228017380954e+01
5.845237414092893857e+01
5.923467336489397184e+01
5.726030673637787771e+01
5.837108967194248521e+01
5.978720562346517653e+01
5.737335254083292568e+01
6.105031647384218729e+01
5.480585040922523632e+01
5.739423959344374992e+01
5.874701034112907649e+01
5.780733919487295225e+01
6.353010931398728189e+01
5.910919037762621997e+01
5.746770952682491185e+01
5.924387708800099972e+01
5.763651342255302268e+01
5.827043095993575150e+01
5.576860081088712207e+01
5.593370886596827773e+01
5.980191203754852580e+01
6.212131225409326163e+01
6.047250752776916016e+01
6.147751437082691695e+01
5.677402395563949256e+01
5.658747419713644433e+01
5.707813827681061980e+01
5.871276377146283210e+01
5.784964430319724471e+01
5.637569033842149935e+01
5.661632891639355591e+01
5.815301776680769308e+01
5.621227954612502486e+01
5.390303617795772340e+01
5.715250992774766559e+01
5.810035541056542030e+01
5.346867925707957880e+01
5.812075506332485020e+01
6.194424342782628656e+01
5.837930184838133840e+01
5.678664892334788306e+01
6.339253236435769168e+01
6.358865395690546762e+01
5.704812726919762156e+01
5.885458950556564872e+01
5.718320977712961195e+01
5.688596758664939301e+01
5.736884150790810821e+01
6.187896421795051083e+01
5.631658971997682528e+01
6.384560891672693117e+01
5.978679787723736183e+01
6.171379980816589494e+01
6.120407181224835824e+01
5.839592757122457556e+01
6.128916338919291462e+01
5.819477259475404196e+01
6.073161154153366681e+01
5.526848621056008426e+01
6.714753597786258865e+01
5.896122489169034253e+01
5.643918225411464817e+01
5.894015582864745539e+01
5.944675225420132847e+01
5.195953672983021931e+01
6.523985227172198620e+01
6.015086104133097678e+01
5.556981505343669880e+01
6.167103760986631045e+01
5.475532361134387571e+01
5.999594190403339411e+01
5.625854684114123216e+01
5.930536641287481103e+01
5.702277100693962097e+01
5.804066422782110379e+01
5.648920106983008083e+01
5.601864451459916694e+01
5.682557128971972560e+01
5.628424651093220632e+01
5.530186871008324090e+01
5.851951387687759620e+01
5.713598101431064435e+01
6.180475667493142566e+01
5.542121398309853930e+01
5.905875040634868611e+01
6.577326003001167010e+01
5.289214345981110199e+01
5.884038420029479255e+01
5.824496598250110679e+01
5.708906267152448777e+01
5.585612722639159955e+01
6.205282617682715340e+01
5.623962082839769039e+01
5.550298059752483937e+01
6.573116963101861643e+01
5.704896984210683542e+01
5.873336001859231459e+01
6.092073305030442754e+01
6.323223714680568008e+01
5.595051451681987942e+01
5.548421631563450518e+01
6.106188526707509823e+01
5.705132902639996217e+01
5.710729054888539480e+01
6.219307909962482483e+01
6.545551881480307088e+01
5.873204764818365931e+01
5.586498820071923888e+01
5.501678258471529404e+01
5.765562749406086596e+01
6.119846959120018681e+01
6.829632004423264391e+01
5.773941579649186195e+01
6.185743873178508778e+01
5.994685612704651589e+01
6.146330059336343510e+01
5.191713386607744951e+01
5.793808772970612608e+01
5.211306065903303875e+01
5.714610759402582829e+01
5.786443292890555057e+01
6.110277556583604763e+01
5.563980198373690200e+01
5.656794090489010074e+01
6.384538996433551716e+01
6.036921345681444251e+01
5.932841148465564629e+01
6.353306376177341974e+01
5.818688600692144774e+01
6.510292836510245706e+01
6.058051760089577442e+01
5.878506359853597729e+01
5.752121039239881384e+01
5.757836407880451191e+01
6.171920514410143710e+01
5.531105029484877633e+01
5.836318436895297168e+01
6.030298658567465964e+01
5.508886132522924584e+01
5.536817029351811925e+01
6.114664527413313522e+01
5.764273364917338682e+01
6.719966611683703661e+01
5.399104147338305637e+01
5.838886595990589257e+01
5.551756225665567968e+01
6.528083203572771254e+01
6.583095574901493308e+01
5.515450121836050101e+01
6.104803317461136913e+01
5.807648444358340356e+01
5.905610857289499904e+01
5.990750221241607676e+01
5.709241911582373064e+01
5.966510814960945197e+01
5.779944605944152869e+01
5.448563295967913689e+01
5.536549435045394318e+01
5.268734270228012662e+01
5.690469918899706414e+01
5.635175132288293298e+01
5.504970833244558293e+01
6.221585191048693275e+01
6.320018272932486525e+01
5.754901865092421076e+01
6.034015342553822592e+01
5.850802685351525412e+01
5.767360057351920233e+01
5.925631190089534073e+01
5.994008825344548086e+01
6.129556323691893738e+01
5.693269486095513798e+01
5.674990920322370869e+01
5.445111787659583769e+01
6.466233522528108324e+01
5.879306727457061754e+01
5.990120551395892790e+01
5.552966963541616963e+01
6.426892651610538110e+01
5.745949345434193845e+01
5.824708480338105687e+01
5.890808564184927576e+01
5.950109670305296561e+01
6.042134393898150790e+01
6.387434083151183017e+01
5.842016492557824137e+01
6.011532443197305042e+01
5.499570742188389971e+01
5.670715659798696606e+01
5.772260625287532321e+01
5.738109845126937358e+01
5.869956863742267927e+01
5.701261312151036975e+01
5.744957166956435657e+01
5.719175356936395360e+01
5.783948954383919983e+01
5.615873813828956429e+01
5.938744975268217274e+01
5.567204033691775322e+01
5.741968024082602540e+01
5.661697550020885217e+01
5.896958928808989242e+01
5.665212795814226610e+01
5.642340166939911228e+01
5.560371659090468910e+01
5.802188203911224207e+01
5.767745474292363639e+01
5.970994712167228613e+01
5.579139069543101215e+01
6.155870181275031428e+01
5.432786621066563981e+01
5.738552518369028377e+01
6.030711375482335512e+01
5.742493768753519845e+01
5.940802093813243090e+01
5.465234365564742092e+01
6.563777759170342563e+01
5.476535308705894778e+01
6.103932064214257025e+01
5.773906352834340794e+01
6.246603837909557910e+01
5.941778283687797568e+01
5.900185217029381590e+01
6.092335758800984991e+01
5.865501382055666113e+01
5.808514177295145942e+01
6.426355761091572560e+01
5.792122194777448385e+01
6.362142201239745987e+01
5.796630670324351797e+01
5.610897067962955020e+01
6.699186625246846916e+01
5.653153215118748420e+01
5.745544660761168387e+01
5.844854445407613497e+01
5.683192774851756468e+01
5.804372489205275798e+01
5.610224113213374153e+01
6.355473040763848758e+01
5.801925608180567195e+01
5.503685751258472436e+01
5.996454810732051754e+01
6.008835267377663314e+01
6.188576945428771836e+01
5.773293684297218675e+01
5.701650414522826082e+01
5.869886877072489995e+01
5.785529117615482875e+01
5.421197997837519011e+01
6.011906362347386334e+01
6.218552800946711301e+01
6.131175682751904787e+01
5.772016628441677710e+01
6.156123701243394919e+01
6.416381624439794962e+01
5.888301151495221575e+01
5.704596502506052502e+01
6.061751472318390199e+01
5.683618942229644233e+01
6.345423345432678275e+01
6.168070811442740364e+01
5.889139393796881450e+01
5.535545259365140680e+01
5.566009053756246061e+01
5.997242869409113553e+01
5.831066705344967716e+01
6.287706010872106788e+01
5.528168479333952234e+01
5.965148156991266148e+01
5.919990939578072187e+01
6.340704627675883387e+01
5.800599729007309691e+01
6.587440508976145281e+01
6.302988172118341481e+01
5.472480460409390446e+01
5.809152264474945326e+01
5.544634415680260275e+01
6.555776650947426276e+01
5.901734770698811161e+01
5.380223508264820964e+01
4.970122215414332345e+01
5.635634598706757714e+01
5.788547125695316709e+01
5.573003546453684720e+01
5.498674612384941440e+01
5.858808675613040151e+01
5.655000281894605507e+01
6.052515622066071188e+01
5.814556893930014070e+01
5.636673265139314282e+01
6.187157002595041178e+01
5.878815299066401678e+01
6.066882988372280749e+01
6.574498916169258678e+01
5.730716104762004193e+01
6.488404763279989140e+01
6.054835113210936015e+01
6.286278240168343245e+01
5.706650608526707913e+01
5.598343142331582811e+01
5.386826162381525052e+01
5.878036129484340222e+01
6.121226997948352988e+01
5.748398933428806146e+01
5.649655048992179474e+01
5.750359329738883218e+01
5.860358661892831833e+01
5.715814467110828190e+01
5.575557295511708134e+01
5.931434145947419267e+01
5.773027502862555593e+01
5.695117605054382182e+01
5.900542115645121299e+01
5.687433487053937853e+01
5.502626050141415703e+01
6.339093776662658541e+01
5.695080948868665160e+01
5.649935761387032329e+01
5.524514363950490292e+01
6.246742506074345158e+01
6.180394252702138402e+01
5.985164113408220743e+01
5.338412226135406513e+01
6.093727703052616818e+01
5.969271796221732984e+01
5.277889116135659009e+01
6.079889508917429453e+01
6.016576199248896017e+01
5.872044727922254026e+01
5.713416603209439160e+01
5.619254347179873577e+01
6.053889549216115284e+01
6.125366164548245962e+01
5.876443707759279533e+01
5.842035248509358070e+01
5.442081334298480044e+01
6.509168920188093921e+01
5.695728838922222081e+01
5.943818852685188148e+01
5.558849772941714917e+01
5.955859059756726026e+01
5.784743445644361515e+01
5.510536011849909954e+01
7.278763159729606969e+01
5.658332141964588402e+01
5.777858539350244627e+01
5.898062755095407539e+01
5.514228288931793998e+01
5.739874403537906034e+01
5.676613445756896681e+01
5.830115607515303111e+01
5.403562440866299710e+01
5.753861891138279105e+01
5.505005964550273490e+01
5.676488203928434473e+01
5.712283265286425404e+01
5.527880181032752915e+01
5.725977837636927603e+01
5.707635111006359097e+01
5.776759029581402416e+01
5.515982273753002119e+01
5.653937971533936491e+01
5.922292239891606869e+01
5.463186948753793359e+01
6.243655872811770280e+01
5.874955730132117537e+01
5.541248209785960910e+01
5.749618683172877098e+01
6.002996489299189165e+01
5.970864581250336300e+01
5.762489533241159023e+01
5.594647898087535509e+01
6.510258327655034805e+01
5.698538078470819102e+01
5.890447883645460792e+01
5.959832656712351451e+01
5.843171618071068707e+01
5.831911179494472464e+01
5.864953614803651760e+01
5.921181297028265789e+01
5.249101233183216664e+01
5.873310823888850507e+01
5.890009555410428277e+01
5.763822446846079117e+01
5.715762736437619651e+01
5.628227272689202465e+01
5.891836544505899553e+01
5.795643076118724224e+01
5.503819422629360503e+01
5.957367009263272450e+01
6.413154148525546816e+01
6.095264333320841388e+01
5.970301118861504364e+01
5.883597452707810049e+01
5.882665956585560707e+01
6.294677907426438423e+01
6.053079478241131284e+01
5.470116887536617867e+01
6.073458800848477779e+01
5.518924554191457332e+01
5.885510502982019432e+01
5.994619110471902701e+01
5.512060195518073868e+01
5.397119890505310025e+01
6.169855252667935019e+01
6.344300675844301196e+01
5.810587563103997866e+01
5.640109883570211480e+01
5.724419418386371916e+01
5.380426483561576134e+01
5.357812504703190370e+01
6.066434005506476979e+01
6.242662463095726366e+01
5.448992805069813272e+01
6.136105879075395109e+01
6.461638846499334932e+01
6.226584194566948582e+01
5.963794416595554537e+01
5.985616250222157930e+01
6.403287616273517813e+01
6.084300360924834195e+01
5.660187828522985853e+01
5.866012034260607777e+01
5.702674976972996745e+01
5.785386684290743631e+01
5.912320503716850340e+01
5.749632147302438767e+01
5.722983241746862859e+01
5.320206308068791401e+01
5.744562219769565559e+01
6.283303409375152881e+01
5.909219065967000972e+01
5.559807395220257575e+01
6.004323257751678256e+01
5.667694771847506985e+01
5.838644335046205214e+01
5.466189610618712180e+01
6.359901817479165942e+01
5.358434717497469535e+01
5.787694038169010469e+01
6.338216795654177815e+01
5.846455792505076232e+01
5.848475249431115230e+01
5.661087859970441372e+01
5.905778851909394689e+01
5.488405223359578144e+01
5.707685998506455860e+01
5.849882621924290049e+01
5.585268390822469087e+01
6.636933475169971075e+01
6.036132863218315947e+01
5.804358374762888673e+01
6.095420642767673769e+01
6.236601955825832277e+01
6.022177183638032716e+01
5.883001344776729269e+01
6.222274666031925250e+01
6.106540247073524341e+01
6.205792218786118752e+01
5.928963150978644592e+01
6.040993222953596842e+01
6.098135123211294939e+01
5.610381933700215029e+01
6.015509924122626018e+01
5.757785465653994805e+01
5.914163065144137477e+01
5.915972460657417287e+01
5.764057211989504026e+01
5.883556273485834964e+01
5.783792023007514160e+01
5.807932252840587495e+01
5.644314351262357121e+01
5.880243197589513926e+01
5.497517263704658319e+01
5.558299587739171699e+01
5.828367547064934939e+01
5.685473890583988066e+01
5.749518006634095002e+01
5.817036110402074911e+01
5.683774461079140394e+01
5.763374414413463853e+01
6.057117983877504486e+01
6.309908877894838497e+01
6.130660278919203421e+01
6.634240202358714100e+01
5.865352660870822632e+01
6.022265287542426648e+01
5.700982271034853710e+01
5.936549171286387150e+01
5.826771177033546678e+01
5.640724039819271241e+01
6.146089062914555967e+01
6.254645639210094998e+01
5.693864351815523861e+01
6.019342697705013023e+01
5.567104695204715625e+01
5.746826481618937521e+01
5.715718863317091802e+01
6.324790239241652756e+01
5.850319664254619312e+01
5.916956072351586471e+01
5.348307127106392045e+01
5.604703192128646094e+01
6.138872193210971062e+01
6.155335005714342600e+01
5.809111981626260501e+01
5.643886701848206400e+01
5.846263644542345617e+01
6.275677901395864922e+01
6.224780622113841844e+01
5.986606793147050354e+01
5.574404143278779600e+01
6.306933947979276667e+01
5.800476130179076506e+01
5.692827699327931157e+01
6.492677656153158239e+01
6.075229276770058817e+01
5.436733860769138005e+01
5.690170132166446137e+01
5.956416016132266833e+01
6.082202865155237248e+01
5.493959921341298269e+01
5.824393561802682484e+01
5.494189971936362582e+01
5.864959524096532562e+01
5.945368249832858254e+01
5.935177283366198253e+01
5.845602496026753414e+01
5.697225887209884831e+01
6.042483294957931861e+01
5.526709230948614504e+01
5.756335454690391629e+01
5.614313600121921866e+01
5.563772989412876768e+01
6.370968146256267062e+01
5.936296632839361109e+01
6.462979013596572031e+01
5.623652039059139440e+01
6.117342179328205276e+01
6.906990599675110332e+01
6.236474714817315856e+01
6.123721576821573365e+01
5.320886557040357445e+01
5.510032729117344275e+01
5.505354654770589207e+01
5.936966883988831256e+01
5.540248828578380369e+01
5.860937825696533565e+01
5.495042826636709776e+01
5.923243466671773660e+01
6.021381618140212311e+01
5.649054354285743074e+01
6.457034660546700877e+01
5.647880331136271082e+01
5.885537543032016572e+01
6.249250042462604426e+01
6.299202371809307976e+01
6.159872926614859523e+01
6.240371522732715448e+01
5.681020913683580886e+01
5.399172273805917399e+01
5.629159816901389490e+01
5.747064685126529326e+01
5.589959670105201184e+01
6.175522199853835303e+01
5.645464363132512631e+01
5.794953985752938053e+01
5.650526289179529726e+01
5.862832992309949987e+01
5.976170316012033368e+01
5.483268029465965299e+01
5.693504706518942982e+01
6.061254587314754616e+01
5.889516804039751463e+01
5.215360041883885600e+01
5.563615605571520462e+01
6.466686496223968561e+01
6.295870501493202909e+01
5.849091517506962390e+01
5.930702953612712491e+01
6.006672744007832421e+01
6.190813550436933355e+01
5.744380463301092021e+01
5.936125868632365155e+01
6.013480940241071693e+01
5.614779673375205249e+01
5.582161634352257096e+01
5.840138754485455763e+01
6.044309986328333650e+01
5.618165141237519578e+01
5.935172010616530258e+01
5.588502640881249306e+01
5.837036056680765483e+01
6.047279622482320605e+01
5.464920521985420976e+01
6.460914656202641027e+01
6.136222310271991631e+01
5.963384264564210469e+01
5.643690143289144601e+01
6.011836170026350601e+01
5.999089644244170216e+01
6.240419879300576156e+01
6.271490308900982313e+01
6.263282842599844003e+01
6.042576183611867435e+01
5.560176770460223139e+01
5.713580811146763949e+01
5.439981479951561028e+01
6.168883858875765469e+01
6.260946273789601690e+01
5.800571407645040267e+01
6.394932931407042531e+01
5.481529936424319516e+01
5.230622837128692737e+01
5.798289724822209479e+01
6.028452845147452166e+01
5.819605062679431029e+01
6.279486805583010067e+01
6.091152268738395037e+01
5.598902403941246320e+01
5.526031939982397745e+01
5.818560659021102310e+01
5.826622498267036576e+01
5.621656987442926834e+01
5.906274437115971665e+01
6.049917172405138643e+01
5.913249925606095303e+01
5.811340763541220156e+01
5.747195213412557280e+01
6.113800162897244661e+01
6.234060401841420429e+01
5.933950630198602028e+01
6.094762131896487034e+01
5.849866203092219052e+01
6.210044028904707147e+01
5.805816641913042986e+01
6.310001938303183522e+01
5.515491688102704160e+01
5.769252769666552894e+01
5.623007987920714612e+01
6.022912514681574692e+01
6.012048728891907245e+01
6.068408769795129132e+01
5.682655402356213159e+01
6.167382401021499305e+01
6.100495091612224741e+01
5.840211403605803753e+01
5.592628096372835245e+01
5.658248310658287750e+01
5.817170682387018843e+01
5.907481740214019084e+01
5.640588742911751297e+01
5.427188790494169268e+01
5.555437470942923994e+01
5.928897827502121487e+01
5.597447392877218419e+01
6.430859326450365643e+01
6.524436126360338051e+01
5.732125493340068090e+01
5.690297097946042726e+01
6.132292981002589016e+01
5.599799798910431292e+01
5.758768159027323463e+01
5.983854876632159403e+01
6.142865576722713428e+01
5.669632827714654155e+01
5.646634845832442551e+01
6.139383229674616160e+01
6.055600438137473418e+01
5.989922225211212492e+01
6.003402262565693093e+01
5.589686516176227826e+01
6.494978031485167946e+01
5.925599543798102786e+01
5.369841141840465326e+01
6.348740693914916022e+01
5.471062804551251446e+01
5.643758008142140881e+01
5.581554233316853697e+01
5.727594239772336238e+01
5.828146382340981546e+01
5.654819247409781013e+01
5.888782166219097292e+01
6.503375816392477304e+01
6.365887322901243550e+01
6.344211354345573284e+01
5.440274713753210278e+01
6.357295764132963711e+01
5.781403810272500010e+01
5.742991923229815399e+01
5.827056558517426765e+01
6.172568549421355755e+01
6.005337056190618483e+01
5.835564168623061221e+01
5.739195520669365891e+01
5.996504200422059938e+01
5.959305392189071426e+01
6.124819300743484973e+01
6.018191108864431982e+01
6.499096718380131676e+01
5.607863652679944266e+01
5.663119373767550258e+01
6.075189598936702851e+01
5.748905731444261846e+01
5.568175130860962696e+01
5.841877533673764589e+01
5.833638978148267284e+01
5.845332772072634953e+01
6.941239799644561970e+01
5.369786275884401761e+01
5.508349887344412110e+01
5.885075252598963402e+01
5.577191846103907835e+01
5.802654035541375777e+01
6.534839022516116813e+01
6.232715636877235710e+01
5.441545768018889362e+01
5.791707596761690979e+01
5.488783745302573180e+01
6.231190885486898168e+01
5.770242933423190124e+01
5.702084935821559242e+01
5.835530150553177009e+01
5.774642451100179130e+01
6.167747095576493166e+01
5.835195953545753866e+01
5.671824339848690499e+01
5.720479097999646001e+01
5.812538610987778753e+01
5.787998031089509965e+01
6.137100499577088897e+01
5.421408647306139272e+01
5.830200340018686234e+01
5.509422110389732552e+01
5.536621802766754286e+01
5.804266415164975967e+01
5.772098185041297569e+01
5.983571028533811642e+01
5.789701296595481494e+01
6.022929622123718474e+01
5.619905579838540888e+01
5.965979101464936463e+01
6.169449600903454467e+01
6.217095397101225984e+01
5.679343023519636802e+01
5.762502600143456988e+01
5.553837752312539067e+01
6.097628280465706752e+01
5.842432221128876080e+01
5.772833249262103550e+01
6.103291880940378178e+01
6.516344183681772506e+01
5.885497586422658145e+01
5.663327570294316615e+01
6.498482099618186680e+01
6.281153231111998991e+01
6.378491232219951712e+01
6.841890988927072215e+01
5.392072472803325667e+01
5.704812146376732329e+01
6.125472907080934704e+01
5.624493951035677952e+01
6.017712071204655899e+01
5.653312712606714996e+01
6.267212153203378477e+01
5.935659542507180930e+01
5.856552134722225134e+01
5.614751434204153213e+01
6.343625188122609870e+01
6.449601726017381509e+01
6.153569270899586741e+01
6.033461868458062582e+01
5.650304476925472130e+01
5.918424160496076070e+01
5.986095774948595505e+01
5.680479802829562175e+01
5.622021683272171089e+01
5.266052086143847077e+01
6.529376457975064341e+01
5.447257513466098544e+01
5.408234322675590278e+01
5.721470011250405463e+01
6.037169656499126091e+01
5.879008713404483188e+01
5.902701071332906935e+01
5.746203347529063166e+01
5.265058951346006211e+01
5.660517650535884826e+01
5.609549527543538261e+01
5.604600758407902106e+01
5.980077473609669880e+01
5.961317521616106774e+01
5.763932854132368533e+01
5.326324239703427565e+01
5.903975094575206839e+01
5.267167871670503132e+01
6.484164255931126775e+01
5.933007255458357321e+01
5.783117757635223199e+01
5.565381934854595869e+01
5.724344389863770033e+01
5.620163832187533615e+01
5.702083457966463698e+01
5.592614483002898851e+01
5.428855823474870590e+01
5.842452126634937315e+01
5.939630335858024068e+01
6.204022572892435505e+01
5.473103801391555123e+01
5.522973662641435055e+01
5.573871347978863611e+01
5.938944794791859039e+01
5.726642725217817542e+01
5.774227283350575846e+01
5.767307893215085102e+01
6.293595028062888730e+01
5.734950475524233582e+01
5.700057265215176727e+01
5.708135616800945655e+01
6.277308411549285694e+01
6.018048626006747526e+01
5.632553027035821458e+01
5.483888689185669563e+01
6.316428732604357066e+01
5.819573712178306835e+01
5.914662171266138557e+01
5.806048998049004695e+01
6.189318369491422089e+01
5.686230035527727722e+01
6.026024755779715036e+01
5.635918953990662317e+01
5.780925189566436728e+01
5.870775835136274168e+01
5.947827509332712737e+01
5.959773182596427432e+01
6.366323973430200311e+01
5.557014557492207985e+01
5.529345690859413764e+01
5.865546116397868559e+01
5.752042248588795559e+01
6.182581740509547785e+01
6.294401366314558999e+01
6.417985238278951954e+01
6.209488124932858000e+01
5.784857590580682540e+01
5.414254380067494310e+01
5.379122262435933521e+01
6.317627777420789670e+01
5.668682381786980073e+01
6.020815187645514044e+01
5.892346481016935655e+01
5.410125296970075937e+01
6.093840595991691345e+01
5.497707678196285030e+01
5.569778812996521111e+01
6.003060863977454176e+01
5.819857217655385284e+01
5.985133413290549242e+01
5.668948174502163795e+01
5.421585874712526731e+01
5.749311517206507460e+01
5.971857847416390541e+01
5.716964353138904187e+01
6.130607986600142567e+01
6.207624681416513113e+01
5.686034311109964534e+01
5.866992706433016025e+01
5.741197918922301824e+01
5.987446190931908774e+01
5.482296121869070049e+01
5.564669913980917926e+01
5.452655428868329324e+01
6.071250127504694660e+01
6.223713430048765360e+01
5.699664935173947100e+01
5.554125322465510806e+01
5.743326382699593324e+01
5.820669417579666316e+01
5.784572900146914520e+01
5.589930636258740293e+01
5.740497069827014798e+01
5.593984165822975996e+01
5.726641442875102683e+01
5.964471759674411544e+01
5.417107892409128311e+01
5.728724007810436092e+01
5.625220991538797932e+01
6.101806746217214084e+01
5.596944284135963699e+01
6.015754535152478155e+01
6.007019754256686639e+01
5.524879758935463059e+01
6.349955635338869797e+01
5.563740510220856805e+01
6.172679430839990289e+01
5.917492769923217821e+01
6.005777189306820674e+01
6.394221574127888630e+01
6.126499908384045767e+01
5.743057023190174704e+01
6.197217324861774301e+01
6.106331709290839171e+01
6.158399457353937834e+01
5.616808780299800219e+01
5.738607601831240146e+01
5.660004776564156970e+01
5.485082954369215003e+01
5.430224168112346206e+01
5.911647762786910221e+01
5.645306505660798990e+01
5.672830324894411547e+01
5.504745459359882176e+01
5.489177647195721477e+01
6.368479363926671510e+01
5.492419819764236877e+01
5.920263877120009255e+01
5.572816534612177719e+01
6.194709125420462925e+01
5.539278560780738303e+01
6.075156041952705266e+01
5.491343413956085584e+01
7.335779019401876155e+01
5.499537622073356857e+01
5.729860575667992606e+01
5.641426275010218916e+01
6.105181683887188626e+01
6.062542895840724100e+01
5.708353865689778672e+01
5.974736248685269402e+01
6.340114783000836240e+01
5.640769585804058295e+01
6.299828556928411416e+01
6.385900467356269417e+01
5.944075685618211935e+01
6.197608337740465601e+01
6.225921883689697012e+01
5.827874781872212395e+01
6.293259280014531498e+01
5.842395651429565362e+01
6.195315463741703610e+01
5.937331001738122893e+01
5.520295958530882530e+01
5.821436168799058208e+01
5.806256842354090963e+01
5.974750157005007623e+01
5.709312043740040821e+01
6.315790393125136148e+01
6.053345285128753517e+01
6.165768745864976097e+01
5.840603643512461218e+01
6.074756383596396603e+01
5.643549029619375546e+01
6.226946702315397175e+01
5.865800299640618931e+01
5.764866782006856027e+01
6.246585750371568224e+01
5.490963798125572026e+01
5.810783643875915772e+01
5.468822254482776657e+01
6.004022181991489759e+01
6.554763503320825180e+01
6.033084970206694209e+01
6.314024258576343840e+01
5.567170487806161105e+01
5.806214425124706935e+01
5.358780821736573330e+01
5.732972228272031145e+01
5.595072182578215347e+01
5.487745951785897347e+01
5.606323031787760414e+01
5.774121087966133814e+01
5.605292000740240610e+01
6.276219110743349461e+01
5.629687848199428402e+01
5.752265751318767428e+01
5.805960900322111229e+01
5.965766123442011093e+01
5.841839478795596818e+01
5.584183702956847384e+01
5.793076706047300206e+01
5.876189993697255431e+01
5.978240469568916637e+01
6.066739947143388889e+01
6.033740345716928033e+01
6.117555227165495779e+01
5.631948678392231500e+01
6.707874502284968798e+01
6.170761271020913341e+01
5.854803303539518566e+01
6.219770644673351256e+01
5.800633678066480314e+01
5.368528510499050554e+01
6.041222233535320640e+01
6.110045971704069956e+01
5.666608439407706754e+01
5.839979940354305654e+01
5.860393376652319120e+01
6.276492396504379911e+01
5.756987868869573788e+01
5.414186172540466657e+01
5.911779262637275423e+01
5.918381669397736999e+01
5.993891113698867912e+01
5.703369368396849381e+01
5.251678727811427194e+01
5.955900814485686112e+01
5.705458157816158149e+01
5.641615097012412861e+01
5.832238008594514156e+01
5.843954484859995802e+01
5.532908614419076088e+01
5.900451119188604565e+01
5.652728538037852957e+01
5.813201375792132808e+01
5.666032661129111858e+01
5.719896428944620936e+01
5.724424719164626651e+01
5.461360256395877855e+01
6.493671713563634285e+01
5.610600920994600926e+01
6.327789379170300776e+01
6.083167830670075205e+01
6.276109642929240096e+01
5.941773098813040122e+01
5.920741114690488871e+01
6.013297189091306194e+01
5.927091335847827480e+01
6.083672036458040111e+01
5.509361563008998530e+01
6.013038459767480504e+01
5.805739631675476176e+01
6.055785270881023763e+01
5.766938400561262057e+01
5.713153556262519572e+01
6.075289971057964777e+01
5.726960987821038174e+01
5.669918988742655586e+01
5.902269208374936937e+01
6.073038340250603540e+01
6.101274903758567802e+01
5.959653663266124113e+01
6.138589432711223992e+01
6.255461408460951844e+01
5.599107963858566706e+01
6.086346652699737092e+01
6.117861385695188403e+01
5.643015047751345747e+01
6.050355883078159280e+01
6.240981991833029241e+01
6.129300137081362720e+01
6.193246388214470244e+01
5.629045508455921265e+01
5.909062542809217433e+01
6.400390055067079231e+01
5.650862214032121500e+01
6.685602218214287973e+01
5.673309806343110751e+01
6.197174221444858233e+01
6.121073202828603144e+01
5.511639747707558001e+01
5.564367851240271534e+01
5.490239692584168552e+01
6.173323456886956961e+01
5.771803227937027003e+01
5.778245491043833937e+01
5.650134708711146914e+01
5.877023347001989606e+01
5.863515654050681292e+01
5.646939970088280347e+01
6.183602007343412765e+01
5.894482701130686308e+01
5.554233989737777932e+01
5.620872474277392428e+01
5.512498645885914783e+01
5.805561017054922957e+01
6.003730036337528020e+01
5.961444595411592218e+01
6.109402601395694887e+01
6.012923263818591835e+01
5.813840094385695778e+01
5.811653924502075341e+01
5.729697471457718194e+01
5.953453313906929623e+01
6.000896478013297042e+01
5.726339925723717528e+01
5.839054541647848851e+01
6.390941071649002225e+01
5.785618436485761862e+01
5.832268143589233489e+01
5.645992745526578460e+01
5.783491063262978571e+01
5.894654766629151510e+01
6.110817694729130523e+01
6.376362286618729769e+01
5.783118435585204509e+01
6.148102311093270345e+01
5.645716166505287958e+01
5.613176080540451807e+01
5.883677871777126001e+01
5.984406447426734843e+01
5.961397748437199340e+01
5.809566316855297430e+01
6.800027970803681399e+01
5.856710526042843412e+01
6.178107560693737810e+01
5.944998500145221954e+01
5.831557044257277767e+01
5.919385949234274591e+01
6.137778352212623645e+01
5.970235849527360017e+01
5.860139139036995459e+01
5.986922322125249707e+01
5.942327800738539878e+01
6.271586067825894162e+01
6.034468861379333759e+01
5.834226994894150664e+01
5.766584859377910988e+01
6.038984117159266418e+01
5.370424869298094706e+01
6.144703594504734667e+01
5.492596942183531183e+01
6.350168669692678947e+01
6.045814564179753603e+01
6.169685729707989452e+01
5.857799570893683239e+01
5.507482504120758193e+01
5.584346258684851705e+01
5.540510608044895946e+01
6.142490030726349204e+01
6.124669770868135288e+01
6.218111037774382055e+01
6.051231728720330949e+01
5.709959221460898249e+01
6.036788557726656990e+01
5.765204027875014248e+01
5.724448792941243624e+01
6.099148235898917392e+01
5.933394672298219774e+01
5.806358589799586412e+01
5.458861018602858906e+01
6.111871239100297259e+01
6.084487091467734388e+01
6.293576027159888042e+01
6.059137387891562554e+01
5.605513956437159351e+01
5.931691672588760866e+01
6.100913116811364034e+01
6.160055641002821147e+01
5.993163340782533055e+01
5.736806661995447598e+01
5.792692604369665332e+01
6.295467232527467871e+01
5.631104841043749332e+01
6.024739993003733929e+01
5.840500426930082511e+01
5.848571791380992835e+01
5.839024450206511574e+01
5.873982398536018223e+01
6.405041971588818228e+01
5.835146124097889953e+01
5.903035348671474480e+01
5.332834901828282881e+01
6.141148121234347457e+01
5.799754822364194951e+01
5.672662432565565638e+01
5.653258954521943735e+01
6.186657563504633117e+01
6.582403650384864591e+01
5.712514917680275062e+01
5.896366256676490281e+01
6.234965665743776242e+01
6.342460907320312202e+01
5.702012047966868380e+01
5.437843547020641921e+01
5.739608800228638330e+01
5.651615273677055029e+01
6.044759175347142843e+01
5.800333868851112129e+01
6.012891976975559771e+01
5.945098995366669925e+01
5.933782220787412598e+01
5.829728251708809239e+01
6.000693149275144123e+01
5.646886609718372085e+01
5.811814685560550231e+01
5.539624505703043411e+01
5.871783259865778604e+01
6.112779354571647161e+01
5.856232192664175074e+01
6.022655300415389945e+01
5.644161586123900065e+01
6.397547174878975795e+01
5.851341318120595503e+01
5.717667400192603111e+01
6.294046766482218658e+01
5.713594914360548671e+01
5.495344729369674042e+01
5.833783137274769359e+01
5.798399216044217752e+01
5.788623253779022804e+01
5.685040924355374159e+01
6.639570038584291467e+01
5.472745584937322860e+01
5.642999527414011141e+01
5.597732908016992326e+01
5.959840428273113133e+01
6.013936302106960596e+01
6.234572898008325836e+01
6.243939990907022519e+01
5.838774551209971975e+01
5.393629606017558586e+01
6.373769613469347917e+01
5.909465937104434374e+01
5.617503179512269895e+01
6.472105048399927796e+01
5.688936861968455361e+01
6.152007617136789008e+01
5.550755643654904503e+01
5.680886648941164196e+01
5.956329006378923907e+01
5.663780945737815387e+01
6.375189822581914001e+01
6.229405947508455910e+01
5.921896140740934555e+01
5.835509258993243265e+01
5.717616974982344402e+01
5.967921463112430303e+01
6.630041991001080248e+01
5.396765985936039556e+01
5.401865613887976281e+01
5.946640256930687940e+01
5.526072035443267083e+01
5.757353951977282946e+01
6.085499105219401628e+01
6.061938258297855242e+01
6.191194927183896368e+01
5.646463864877960503e+01
6.117445611244421144e+01
6.100272835989828479e+01
6.078928630487204998e+01
5.750462403887659235e+01
5.535725076751985085e+01
5.574799457409444869e+01
5.596601999859885979e+01
5.898866787702623782e+01
6.401433441314634365e+01
5.992085635754320805e+01
6.211026173985415966e+01
6.211394701166247501e+01
5.970840071930105353e+01
5.604109853445056899e+01
6.117912745509490691e+01
5.984041719287397143e+01
5.352224479665190415e+01
5.792406023147149341e+01
6.128335956458939648e+01
5.418715668379841333e+01
5.845386786340273488e+01
5.555880866522723238e+01
6.020556536969535699e+01
6.076556265478365049e+01
6.060475726835303334e+01
5.761551082945468494e+01
5.434681766477950049e+01
6.020773711716783083e+01
5.793610590867553611e+01
6.149034658400333342e+01
6.092373422012175865e+01
5.623746891096687506e+01
6.547629203399203845e+01
5.317594791960116396e+01
5.973546787406782954e+01
5.511661225178954027e+01
5.834579482040359721e+01
6.162179322409107129e+01
5.855014607874739596e+01
5.658846333316703436e+01
5.637045999992756151e+01
5.961273544432122407e+01
5.702509984021107670e+01
5.583008392489182370e+01
5.887927283941886714e+01
5.591880599144856490e+01
6.359252542440648881e+01
5.558067398225603739e+01
5.914867309146315932e+01
6.023817677566697171e+01
6.168912992314309207e+01
5.941734346558916258e+01
5.948446608708555061e+01
5.633668486945283860e+01
5.873831077550948265e+01
5.815124098541778608e+01
6.082043405143844694e+01
5.646951393019502774e+01
6.267048261245642493e+01
6.432160248031628669e+01
5.984492806008012167e+01
5.703979826111302032e+01
5.655405331419660087e+01
5.640574976722047040e+01
5.863933712309983548e+01
5.884275306345047341e+01
6.019193750889170502e+01
5.889743879173061458e+01
5.975546490294718183e+01
6.266540420849554494e+01
6.081093822305160757e+01
5.647451893568028680e+01
6.651995288460543065e+01
5.941894431310679892e+01
6.218424639932532472e+01
6.422114841383240957e+01
5.853475381404264510e+01
5.877647998328296097e+01
5.848435076728000581e+01
5.464678320055570282e+01
5.730644731036539952e+01
5.473212748448086273e+01
5.879733653810809813e+01
5.696689082461097797e+01
5.495365564254291257e+01
5.553476226782181158e+01
5.503570850096917866e+01
5.619248059356760905e+01
6.780082399373937108e+01
5.490245211825101279e+01
6.417555533452994609e+01
5.943954271342408191e+01
5.461183169569176954e+01
5.899684242055568006e+01
6.177032309170758140e+01
5.836693722139384022e+01
6.064427658164044743e+01
5.854849801707239010e+01
5.655329238722426055e+01
6.027250616082447721e+01
5.887875287278539105e+01
6.117204743403593881e+01
5.977272451873416514e+01
5.571910028903724310e+01
5.988009815547331272e+01
5.730844155497469927e+01
5.989979916579217445e+01
5.828900816763158588e+01
5.825953200983768454e+01
6.354284975427061255e+01
5.948793347738576642e+01
6.371530217637984350e+01
5.647696685750852197e+01
6.015918001725530928e+01
5.777210124745675301e+01
6.744062007581452178e+01
5.606022631389301125e+01
6.383528984233073800e+01
6.000146770324099776e+01
5.877154841451152123e+01
5.908871048160909822e+01
5.812828699632949281e+01
5.860656389210090822e+01
5.401921307476715128e+01
5.884389734457709409e+01
6.021807472481049928e+01
5.761874300330516974e+01
6.196400095777577377e+01
6.176676354959597859e+01
5.533737633241582188e+01
5.774444041586476573e+01
5.718031093856616565e+01
5.661254276272949681e+01
5.916070343677942844e+01
6.017241587659093938e+01
5.854380042870419487e+01
5.994444939537221728e+01
6.136977509772000161e+01
5.633440669812178214e+01
5.707096760013333636e+01
6.016849219363000856e+01
5.738392407077404300e+01
5.655137015127944977e+01
5.857011261400978697e+01
5.660572685254643233e+01
5.845540691919922693e+01
5.640228407275080258e+01
5.788067080582052171e+01
5.776935477813476894e+01
6.075948882238203197e+01
5.736960092055679183e+01
5.995488092403073921e+01
6.011153495142220038e+01
6.244050565502859484e+01
5.926351941130296552e+01
5.987019607475929206e+01
5.741668481232917998e+01
5.926399034605575622e+01
6.224344486479225225e+01
5.886007545536151753e+01
5.865390941840024652e+01
6.310207870546827280e+01
5.749580376628047418e+01
5.920777903830998667e+01
5.525619328829489518e+01
6.278897351797854043e+01
5.574773099400712795e+01
5.764988902346264865e+01
6.024186262211475196e+01
6.100777092189280637e+01
5.772898067938766076e+01
6.143977624043106545e+01
5.492568083880868102e+01
5.501208153908247311e+01
5.937873973241052283e+01
5.584677635738057688e+01
5.491883727074443300e+01
5.700472907250969712e+01
6.346059760480790146e+01
5.426295032307744037e+01
6.254030386918721263e+01
5.773361177272879274e+01
6.092087162831931124e+01
6.368632766367321807e+01
5.729312663753605506e+01
6.399366944994000761e+01
6.483659057042497409e+01
5.596695922751824526e+01
6.591761633874671134e+01
5.867711858773961353e+01
5.782746751991498968e+01
5.776740488901870663e+01
5.708618723968010045e+01
5.825124809686657557e+01
5.302038236193462239e+01
6.002242246717290897e+01
6.581297284657465241e+01
6.241500440619955015e+01
5.522975013273003242e+01
5.856433369185140947e+01
6.086019522457949904e+01
5.711637662030990015e+01
6.000195523288876132e+01
5.748335665770878222e+01
5.660445546688269047e+01
5.997055788345487315e+01
5.444507472812041726e+01
6.047600468126648110e+01
6.016182920671113266e+01
5.945625266030869227e+01
5.558405751634118985e+01
6.258021885070311185e+01
5.830905369186514520e+01
5.467585166866044233e+01
6.548211809160568464e+01
6.434489351025382575e+01
6.312686479850168553e+01
5.814019720439507211e+01
5.823588801900785938e+01
5.764108208676488232e+01
6.052152531724576789e+01
5.799608705482754800e+01
5.724230238097662493e+01
5.981080801239500744e+01
5.554351041990928906e+01
5.884236680561380695e+01
5.756973772654875177e+01
5.956359540584294621e+01
5.848098580537200064e+01
5.734794586470233924e+01
5.855858378530121655e+01
5.820391630369997671e+01
6.091109619682911358e+01
5.935685891870696906e+01
6.031117841030467730e+01
5.739349643004648271e+01
6.018067223143168576e+01
6.334752547046256410e+01
5.624375657597965983e+01
5.774081281644313179e+01
5.673705398076695161e+01
5.721482170407914936e+01
6.050861390423393260e+01
5.851846812592535230e+01
5.576577076402986677e+01
5.720502618465025080e+01
6.222631671021679267e+01
5.905335417787981811e+01
5.823834012423974826e+01
5.985525412516130217e+01
6.166737731181042648e+01
6.616537392143257534e+01
5.771237431949030849e+01
6.563810323143627556e+01
6.029706587924520278e+01
5.965787105441336280e+01
5.861663835411145129e+01
6.091596790312556209e+01
5.869274664402426112e+01
5.512618983843922393e+01
5.788546196543502731e+01
6.065467903868832167e+01
5.741776378376819423e+01
5.553536594311945862e+01
6.099629344296239708e+01
5.794792979014997059e+01
6.309974661587573053e+01
5.790550688767880416e+01
5.961737339282742454e+01
5.839801617074756024e+01
5.407143977779506372e+01
5.380777167533353378e+01
5.929854072997223113e+01
5.877989164477954631e+01
5.872213508438310470e+01
6.075156869961884354e+01
5.605597985446589604e+01
6.424956243552678359e+01
5.854158124301026334e+01
5.912261713604305413e+01
5.688135474567694416e+01
5.752531935591493095e+01
6.153817197957725682e+01
5.846090774701127657e+01
5.449127252583039649e+01
5.613800341248007442e+01
5.301936925459649785e+01
6.325866662563311849e+01
5.737961071888403808e+01
6.444407141061581967e+01
5.809151929071261833e+01
6.230566942769803518e+01
5.754605291459080263e+01
6.672614249897502248e+01
5.777563633348960082e+01
5.813354422568489355e+01
5.795194823380636251e+01
5.974442818592659421e+01
6.054315932414589696e+01
6.166726969880532749e+01
5.627162173730202710e+01
5.812567299635395557e+01
6.236414569268998775e+01
6.056634411969751852e+01
5.963054686236756652e+01
5.704686646184708820e+01
5.605988016196687340e+01
5.872300555620410734e+01
6.144833696338130835e+01
6.075986477762697291e+01
6.189800127517755612e+01
5.749063055762755425e+01
5.728305407032182472e+01
5.720791517450823704e+01
5.833159450754123299e+01
6.046791283276737516e+01
5.626639785909140556e+01
5.890149194592898141e+01
5.977693990495313159e+01
5.978306104706389590e+01
6.362356979796339829e+01
5.592643996134197693e+01
6.378459460159059802e+01
6.092133859429684151e+01
5.842113944487964261e+01
6.112744956059941615e+01
5.744392100775744581e+01
5.855142278906607345e+01
6.261523769242291593e+01
5.873969520841301772e+01
5.787086809234084939e+01
6.021952454094694218e+01
5.679573979537648398e+01
6.014317065188212297e+01
5.826975933926139106e+01
5.419469828307688886e+01
5.862146369375348343e+01
5.845253188981664039e+01
6.080430237410629246e+01
6.052628731187022026e+01
5.851960676004738104e+01
6.582229418907917307e+01
6.118037830702858315e+01
5.736232472240349978e+01
5.817832108357156073e+01
5.926129556075478888e+01
6.484872591823223331e+01
5.902293735141540054e+01
6.230277173913219002e+01
5.678506627751532676e+01
6.223356484176094483e+01
5.985696821189125671e+01
6.075499004089364519e+01
5.886727419530764394e+01
5.672575409805065050e+01
5.831951300069222555e+01
6.074132891866578632e+01
5.521886519978396990e+01
5.756058207009189687e+01
5.732864890300569272e+01
5.978798394425381701e+01
5.686011067219941850e+01
5.967524302885806264e+01
6.191161739982678824e+01
6.409230411230858238e+01
5.484789804154502235e+01
6.425428594156107920e+01
5.827882661965026045e+01
5.737357622932312751e+01
6.268705453402742478e+01
6.226229885399886399e+01
5.527768114721432369e+01
5.733874223020947625e+01
5.669133365545178549e+01
5.999117646159561446e+01
5.872260753209506134e+01
5.698047000859858713e+01
5.707334841681402082e+01
5.728442652693237847e+01
5.887731597749398560e+01
5.810790284253982207e+01
6.595573783114137711e+01
6.094327689854469554e+01
5.725694763050117331e+01
6.032885906744604654e+01
6.156401906305816851e+01
5.606255938326994936e+01
5.957736774485427134e+01
5.837610972811575749e+01
5.802517057594820926e+01
5.468983051992147892e+01
5.989157500162400538e+01
5.956810863815901769e+01
6.127938683662881658e+01
5.789059390940557392e+01
5.940373588758180290e+01
5.915383884799712888e+01
5.553028204829421099e+01
5.852845691681419993e+01
5.877208995249444001e+01
5.488318565805172256e+01
5.728768663377449855e+01
6.012180884423077742e+01
6.044031704074330236e+01
6.326699221526052241e+01
5.841381633997729494e+01
5.392787239491833162e+01
5.678242640697613552e+01
6.355417807801629237e+01
5.811046176931259311e+01
5.750012838466582110e+01
5.711353478757130375e+01
6.415617017270768940e+01
6.315761273566270972e+01
5.247097008167215648e+01
6.046032159072633760e+01
5.543935706786850659e+01
5.909072403875528323e+01
5.768153776146542810e+01
5.622337984287967316e+01
5.739318440847508640e+01
5.691715096806945695e+01
5.822673065006847537e+01
5.612366951794785308e+01
6.165803099895595807e+01
5.543663036560128177e+01
6.145929895988760450e+01
5.520926816905085843e+01
5.518911212541559053e+01
6.058006835610787988e+01
5.681659189727874093e+01
5.651198369546765576e+01
5.922975642046893086e+01
5.786274161872464816e+01
5.885110815900139869e+01
5.547051165560989716e+01
5.800892138780757534e+01
5.556224902892484607e+01
5.982059154937461187e+01
5.540261629236775320e+01
6.044016284708999365e+01
6.696887298429729185e+01
5.984669738246479653e+01
5.980770316204704073e+01
5.948798606653350163e+01
5.561221689686252745e+01
5.743557706850094746e+01
5.621838779575448797e+01
6.120442797796766143e+01
5.635510938416027216e+01
5.356955795019218414e+01
5.882212110046844344e+01
6.518765341150862014e+01
5.716234110825823933e+01
6.375176365719279659e+01
5.824828178621746133e+01
6.341155317788369672e+01
5.551558077572743599e+01
5.825642513221731633e+01
5.911432662365348989e+01
6.077355931188746752e+01
5.652460096539032719e+01
5.849325666154202708e+01
5.542449343507817616e+01
5.537625732134162604e+01
5.823986989082001742e+01
5.827043457101125767e+01
5.757340996413385881e+01
5.681080372959274882e+01
5.782756899198865597e+01
6.009506516785025809e+01
5.646807366670341821e+01
5.539534366077489125e+01
5.607330629406509104e+01
6.190687847023069423e+01
5.660024869635079625e+01
6.134648702568790668e+01
5.846787489063264331e+01
5.627273843250307550e+01
5.651174000476191139e+01
6.140271748676870089e+01
5.777129025649776395e+01
5.418452289012653722e+01
5.743216962274946980e+01
5.724618835857965848e+01
5.586462257911924212e+01
5.795988491577564616e+01
5.752224031740947652e+01
6.003866452522343877e+01
5.922238673777138018e+01
5.719239557155662368e+01
6.078695300373912147e+01
5.923534062039261983e+01
5.402333666011002578e+01
5.331576052715492864e+01
6.056424827325309224e+01
5.896218988522713289e+01
6.238375914955802415e+01
5.440514734844492040e+01
5.379170932854728449e+01
6.012845822203873070e+01
5.910293881478186506e+01
6.335022954524014693e+01
5.642512002922983783e+01
7.088326782756637101e+01
6.229547937008948111e+01
5.824371066482526516e+01
5.761055718443257234e+01
6.182581970234704016e+01
5.832854144027668752e+01
5.719102288155117009e+01
6.104005572752249975e+01
5.545544247595996268e+01
5.771042630458430267e+01
6.434582162765154578e+01
5.721429027114990618e+01
6.550947892169590148e+01
6.101651975473297540e+01
6.513890030096314376e+01
5.911293315137825743e+01
5.671971417867397491e+01
5.860269582920844300e+01
5.662602028678975330e+01
5.698444955398178990e+01
5.757521475526622368e+01
5.629057654155515422e+01
6.046007828356096780e+01
5.844002458033703817e+01
6.275394024734101350e+01
5.623681290537006561e+01
7.490902636741526521e+01
5.718468967110295864e+01
