a_2
5.163659566732948791e-01
2.902548566576665934e-01
7.090927044398601664e-01
5.798187651187072800e-03
7.788179567710948881e-01
3.528934927795129295e-01
2.884038670872913213e-01
4.081816187822489561e-01
3.295890675328747577e-01
7.144020667727561946e-01
6.468166071733628675e-01
3.957779547889493377e-01
6.978690110164562643e-01
5.718358504134866127e-01
3.728576013276261869e-01
5.709213126252093984e-01
1.452936744256102808e-01
6.940216938482682840e-01
6.445417973527166611e-01
1.861828835551312955e-01
5.505459225328133144e-01
6.991791721259098535e-01
1.419401843818763886e-01
3.548819064385431710e-01
4.657605970056206135e-01
3.082472001092898539e-01
5.445578204791291094e-02
3.212539397580385647e-02
1.814799677676174339e-01
2.368586145378409058e-01
1.113058225898839460e-01
6.646390610110376462e-01
4.719488782019362616e-01
7.016272032402608438e-01
7.894005247609632292e-01
4.272859610435370548e-01
1.189766221670992934e-02
2.098572076470657521e-01
4.277372096559519110e-01
1.062292225542008639e-01
5.252329375414992452e-01
3.167301163804835396e-01
6.611361293568296382e-01
2.605877325660044264e-01
4.318050426385320328e-01
1.984811494998975079e-01
1.685370120564856911e-01
3.624400976853345280e-02
4.281603893374527625e-01
2.006401894063422897e-01
6.941215159312651428e-01
5.398953033418311953e-02
2.759242540236582775e-01
1.685057201683545225e-01
1.221262809253416681e-01
3.898366934552686125e-01
3.023248468214655982e-01
4.707912087698148396e-01
5.272581031501759607e-01
1.193250036127739833e-01
6.582158960800164049e-01
5.090597641685133956e-01
1.588490991148989173e-01
4.498864424147564489e-01
8.677719717039485969e-01
7.557977982428055741e-01
5.028149831633865752e-01
8.667837376873314126e-01
6.784254250464836211e-01
8.195022067620252315e-01
6.857877295441509036e-01
8.336144439156499830e-01
1.561459086959859910e-01
5.652318582784303658e-01
2.285182368713361001e-01
7.053168001812066823e-01
6.670985191848652907e-01
4.004524580809591672e-02
1.033208399474725703e-01
4.212918423915406607e-01
1.328034525086338458e-01
2.163468920599820600e-01
8.099086583907834369e-02
1.304241270923832408e-01
4.842914314513276364e-01
8.060256918794557190e-01
1.497453346974269572e-01
2.307192531913533073e-01
4.733242079312047212e-01
8.697384773181173756e-01
2.034472307256745827e-01
7.684548479845648705e-01
5.164064599503713771e-01
8.466469484323805306e-01
1.544018451322011209e-01
3.613540998763734025e-01
1.196494458622528179e-01
2.327910457822193191e-01
3.250006283196311130e-01
4.402274448796307249e-01
3.586478695388323201e-01
4.240335180730949727e-01
4.020378766205300880e-01
6.849411790333218009e-02
3.005097102502769513e-01
5.049566213887471955e-01
2.363056260651499596e-01
5.049127120270727742e-01
5.617905987693225800e-01
5.309649563281255702e-01
7.125810637584574225e-01
5.142591248463377340e-01
3.818233975127687807e-01
9.874220776188274984e-02
3.600860104805995165e-01
4.731690450679840731e-01
2.915543997306182522e-01
1.076659699950180682e-01
2.017896207576562462e-01
5.334168030576645902e-01
4.028192413416223361e-02
4.376581845371532165e-01
2.439774831944225841e-01
1.404887626995754701e-01
3.620568287457962553e-01
6.178390683266326011e-01
6.348866420603181959e-01
6.996738007535912018e-01
1.575013287387689032e-01
7.109622110452555876e-01
1.812844777505094040e-01
3.509180075715650493e-01
6.435762042977888342e-01
2.892096395429436528e-01
6.497440745774161197e-01
1.813446420606948384e-02
5.982055617825566829e-01
3.299313549784791411e-01
5.990412931437429089e-02
8.345740167431054957e-01
3.399418821384064260e-01
2.874275014521089355e-01
1.759168586793427858e-01
4.926748780544051853e-01
7.011180784134438682e-01
1.256756934944093518e-01
5.317388583763692500e-01
6.113889004276894246e-02
3.939795547017774791e-01
3.677693080674410142e-02
1.419060268532229829e-01
3.442729290951873633e-01
4.341815468516029841e-01
6.682877750905937830e-01
7.027599863533529057e-01
2.583899031100836963e-01
6.679721425953878411e-01
1.566488897591971907e-01
8.675735610246007035e-01
2.127381003571683082e-01
6.416422586170804354e-02
4.294421426175166201e-01
2.524946866243255594e-01
3.764100582399824146e-01
2.506595926857991263e-01
1.374639439830524223e-01
3.142041412004166201e-01
8.566104076529776901e-01
5.815485055374762791e-01
3.620626836984138786e-01
4.910846635885944833e-01
1.838152563275438287e-02
8.010152709122957404e-01
5.674705750977796503e-01
7.808600752609126117e-01
6.695088916931454248e-01
5.621386684700576675e-01
8.790803228981473039e-01
4.545184043522157435e-01
7.244574373268676537e-02
1.307774557636492800e-03
7.941301741103689027e-01
1.961999214027990435e-01
1.204315613452389133e-01
1.393186303721265229e-01
2.186293928348360394e-01
2.452243372490727769e-01
6.156288890018407622e-01
1.203810264550491116e-01
3.730658672745240101e-01
2.085336180021867269e-01
6.201969820877754544e-03
5.665317762690987857e-01
5.309067771501798649e-01
2.502293387103113331e-01
1.900919236072188268e-01
7.912812363045382824e-01
3.045484725512452584e-02
5.597213616896661303e-01
5.199667670040091227e-01
2.120626588478654873e-01
1.929828860274652447e-01
1.609058237307469108e-01
8.056298055345176845e-01
5.047289305767601597e-01
8.794732206120162710e-01
5.160853551905352221e-01
1.011145446201348191e-01
8.752931704559822057e-01
8.155104814425893078e-01
3.623079539211201405e-01
1.819010876137773236e-01
7.166507216222612643e-03
5.903199537413225118e-01
1.041766468728489020e-01
4.838462902147085132e-02
2.793086476902383875e-01
2.555062254360890850e-01
6.936811637105999573e-02
5.672747091600156555e-01
2.969276080155244246e-01
6.277425312033009241e-01
2.257030883935115528e-01
4.640780574236375022e-01
3.480303345707541074e-01
1.224728293678379598e-01
3.868717792236043840e-01
5.142825104077906051e-01
2.188187286864084480e-01
5.862100719472251864e-02
9.201599477155668338e-02
7.482576522395893992e-01
2.695279343716120990e-01
4.715505536356579541e-01
6.535385551915006141e-01
2.886929959168628157e-01
3.832452347060500419e-01
8.048760370630733130e-01
4.175794626437338841e-02
1.934740310341456493e-01
7.081689384855834879e-01
4.332045835221332020e-01
3.235521611388798568e-01
2.286633688922140306e-01
1.665015519868824068e-01
7.641482041052325425e-01
2.322767463427857088e-02
8.372338866227388987e-01
9.690544097808437285e-02
6.829617995792054697e-02
3.516452257117234637e-01
5.243123899524958498e-01
7.948686911242685005e-01
2.907767311365473950e-01
1.805003820215259625e-01
1.791447926980915817e-01
7.708249458682449040e-01
6.988682055422940076e-01
7.157304934661972151e-01
3.427044579764737531e-01
8.213498747545638912e-01
7.252153192637252888e-01
5.882782156043581123e-01
8.318697413014884690e-02
3.400428739605944051e-01
6.988996862225149709e-01
2.960283895419316136e-02
7.519086706016823163e-01
3.072884609841772252e-01
7.909707158994658260e-02
8.354041735074831942e-01
1.469320841979853687e-01
7.402373902735672750e-01
1.863748276781789781e-01
6.177535786840815391e-01
6.874818085786608135e-01
2.162293556748272338e-01
2.971173639753885709e-01
1.720106731387070209e-01
1.534146071929752275e-01
3.588272411406794871e-01
4.488019393743206686e-01
5.820337862944986451e-01
7.451012555549996197e-01
5.418500261200713819e-01
2.287434446261596699e-01
2.010355744882884044e-01
3.515229811611500499e-01
8.096717168311159396e-01
1.788442813100403761e-01
3.044174932250066634e-01
5.905225969307772438e-01
1.362151868159298951e-01
3.214324338408514614e-01
6.387321093448329601e-02
7.822622706955137395e-02
3.430268898845609260e-01
5.890709458047712482e-02
1.506425862579260366e-01
6.196852784129899261e-01
2.733422747210036974e-01
9.715632978771530925e-02
7.651877866518557170e-01
2.973686658819219009e-01
1.757070519696963540e-01
2.169847141216489639e-01
6.897498350495329111e-02
1.379649042910703893e-01
4.819540927161778954e-01
4.780505693644193643e-01
3.007459520131494646e-01
4.382763398172132563e-01
4.370967081389095510e-01
8.779126357905351341e-01
1.072002779770562103e-01
3.380920973881686442e-01
8.108447766704098836e-01
7.317680791059647527e-01
2.984533394062870437e-01
2.770144504134677277e-01
5.558650778062201869e-01
6.932646181534991570e-01
9.670989189665019081e-02
4.652060373607370125e-01
4.919934697837153870e-01
6.647243347253026791e-01
4.877389923795171778e-01
1.959863840888961262e-01
1.779891694619460119e-01
5.726540312482905071e-01
8.662172478067083903e-01
6.763619934838673853e-01
6.354126863326213792e-01
1.004946505549030172e-01
6.505326698474389602e-01
9.422710784548619933e-02
4.323760364285297864e-02
2.532778006796496117e-01
6.081598679907255223e-01
4.475524127008777553e-01
1.933713470496926656e-01
7.784478427248493759e-02
2.080795134393667034e-01
5.130504361301770760e-03
2.113838042520840843e-01
1.316837441966798583e-01
7.728921498117240219e-02
6.912024401956309294e-01
2.662370537647010260e-01
3.133546336046758585e-01
5.303447468035916712e-01
7.569163692926862419e-01
5.615234230583727726e-01
5.491372235536282620e-01
1.237329320130628185e-01
3.164739859878224482e-01
2.794809846404653353e-01
6.321779779540870337e-01
1.712458303353915356e-01
8.149307012668142169e-01
2.149937454151642224e-01
1.462689141232903500e-01
4.237097373427766156e-01
8.328678476831398447e-02
3.565895991637108575e-01
1.584856981865249703e-01
3.248252710146439792e-01
2.692479209224910366e-02
3.312579237324957404e-01
7.457995173019450474e-01
1.735951602933979154e-01
8.120629500335722062e-01
1.925887083330501404e-01
2.438506564624507988e-01
2.408985222728519393e-01
1.909731033471667727e-01
7.173370717972668009e-01
2.820498327497956981e-04
4.127779092696561292e-01
7.935606297598268855e-01
5.819475091496171260e-01
6.962230096656253642e-02
4.246702264172244057e-01
6.645723353707372327e-01
2.312533341721868807e-01
4.158686072656722632e-01
5.029385750140210609e-01
1.689155899974845443e-01
7.657321510720326296e-01
3.085174865448634396e-01
3.633862785836979858e-01
2.763479602372693189e-01
4.915654806025371859e-01
4.481644712590203694e-01
2.527874143814535235e-01
1.259760586222146150e-01
8.480641467963058178e-01
2.008648043670081818e-01
8.113883023190191501e-01
1.646967441304139357e-01
2.074806493920254569e-01
1.491968015511137280e-01
3.684602730049292285e-01
1.384025062297986053e-01
2.002358608600873502e-01
3.344727124477075986e-01
2.295640604368178739e-01
3.479468539103510588e-02
2.666012915954311113e-01
5.891747307700341274e-01
1.213555996582905000e-01
4.701419774071121105e-01
3.933680886735378968e-01
4.672507531177204076e-01
4.889524004341659902e-01
2.109145975629178049e-01
2.985973503709039578e-01
1.869547878656393769e-01
2.801349948370460696e-01
8.954604165787580228e-02
5.983929269813211826e-01
2.140550443581502177e-02
7.005187436090039022e-01
5.041900325603259070e-01
6.571475467980523177e-01
1.637622465162039131e-01
2.240400947291135980e-01
1.667059461160916856e-01
2.999331055199835894e-01
8.411162994690537520e-01
4.156873922451312930e-01
3.653511938319700114e-01
4.949920692443816050e-01
6.123191579412708974e-01
6.171304122630600908e-01
1.526896996226755066e-01
7.673538402981262829e-02
4.899039267277086052e-02
6.915631070561549798e-01
2.619517072508036337e-01
2.790123005941734791e-01
3.180128970396289279e-01
8.403839308985746603e-01
6.979292760604895174e-02
8.412976275054887543e-01
8.656192119692845965e-01
6.450159799975315744e-01
8.195163388863890841e-01
3.518218528033986159e-01
4.636839074935091287e-01
3.457886730874987213e-01
1.471352199516289816e-01
3.779892562376922505e-01
6.351304849928680607e-01
6.932096613274087993e-01
7.703967984278788927e-01
3.654135343347508225e-01
5.542557023685168449e-01
3.367439988168422493e-01
2.407900348033601423e-01
6.922831542085008394e-01
2.204745612895472329e-01
9.221599291273736843e-02
5.965990828617481201e-01
3.524317011496993501e-01
5.144497797573168718e-01
6.821283912415464501e-01
2.480593455388808710e-01
7.578837525047460444e-02
4.620157312409188810e-01
8.794304103590347976e-01
6.917680879088093926e-01
6.412031903292042534e-01
2.343454894864950566e-02
2.279266977766864627e-02
6.712853271023795365e-01
7.454596520099801005e-01
9.354570034551541735e-02
7.560235451703403164e-01
5.572888585339080825e-01
4.915998575349872501e-01
2.688909437535090263e-01
5.524527931607928766e-01
7.058322738601699453e-02
5.594136824744153635e-01
2.793811716130295553e-01
4.977258093899868396e-01
2.953466156778378759e-01
3.594961086325048627e-01
4.155559631751548633e-01
2.780124853713546451e-01
4.765556027056860877e-01
8.761846543612172855e-01
8.358414492460534140e-01
1.964591639948860546e-01
3.161073849150500270e-01
3.179818063501050895e-01
5.700478272514903910e-01
7.566204425287603730e-01
6.757079358061517382e-01
3.498827555457476035e-01
8.057588145222892573e-01
1.225874066325396555e-01
6.941476876451925238e-01
2.407728735358771466e-01
7.836960597896133751e-02
7.029645470802614593e-01
4.123173387940074486e-01
4.966774254429653923e-01
8.028547594122761311e-01
8.192794459875161195e-01
4.225465182654538077e-01
2.569349056808002962e-01
5.318656084855669652e-01
4.484321769361845345e-01
7.016425063337298207e-01
5.600309630903790303e-01
5.471285099062540569e-01
6.195675056811449366e-01
1.406620039340652772e-01
5.137596431419522158e-01
1.546065406697724742e-01
8.242958230230996997e-02
8.327012720455918560e-01
4.773554798231332552e-01
1.225705000229568437e-01
3.179566132975678028e-01
7.668115598606746186e-01
7.463570461953552559e-01
5.349345090714566764e-01
8.723801039193986862e-01
7.804413498351844281e-01
3.639326602400792532e-01
4.389829727331456821e-01
7.078383116141959697e-01
3.183112889716821492e-01
1.442322410649016506e-01
3.264594441266487901e-01
7.751173268796556215e-01
1.024321730138299802e-01
3.704267715734681499e-01
5.075348820564343777e-01
1.987868553018765083e-01
6.359578027001512313e-01
8.035021620421102240e-01
7.073689313037621051e-01
6.620067018441803119e-01
5.156718113616126642e-01
3.936437509978141236e-02
4.106280366810295956e-01
6.978243545947364623e-01
4.705722801054497417e-02
5.579088650634010937e-01
6.851458976832566217e-01
3.878393327795398582e-02
2.122078492688906082e-01
1.471538908048115601e-01
2.242817400157205154e-01
1.516969053792439348e-01
8.250538471529116347e-01
1.681948198117404758e-01
5.212372822890910806e-02
8.275041457450428295e-01
6.735431947517972473e-01
5.770710475552699448e-01
3.317903140740893070e-02
3.922988879284521335e-01
2.159786698702970131e-01
5.414114961204752330e-03
7.571220726503634646e-01
5.297058809701612470e-01
4.239585012843022360e-01
7.046807955180383054e-01
3.887422377762506098e-01
5.938556870191230574e-01
4.330899312380025457e-01
5.065624458448634293e-01
5.334710891925449339e-01
7.555684825738411270e-01
3.792329500165921852e-01
1.209147101913871786e-01
1.110259720570697245e-01
8.008828341727569633e-01
9.612730426177762411e-02
2.619568915568200040e-01
9.038301168278815856e-02
4.169739675693897030e-01
6.402987665901715975e-01
3.546067982327092416e-01
1.491832008553856670e-01
6.804857991297267317e-01
3.516844532295410053e-01
4.210347474845816396e-01
2.000309877376767187e-03
1.344231105533194026e-01
5.156859654855311392e-01
2.591434395014876046e-01
7.686082671506465624e-01
3.198278927742995159e-01
8.694066891477891801e-01
9.147813587377433275e-02
3.955768511397371179e-01
7.221422530786267835e-01
3.666156113891301249e-01
9.577748335994271112e-02
6.306964807146044905e-01
2.116027365810994043e-01
1.993153401049860274e-02
1.503972675014451921e-01
6.775219930492498710e-01
5.672493561050445665e-02
3.627183845596433920e-01
1.496857074573127722e-01
3.806007147052596351e-01
3.505941835297911036e-01
6.205269711133692967e-01
3.700194119092345413e-01
3.093089379600693078e-01
5.765825551169402319e-01
7.029773142138932007e-01
5.248887934335035865e-01
8.109586908903622382e-02
2.739676743912313750e-01
7.887809952363852295e-01
7.453864910235623309e-02
4.257647524678881967e-01
5.454613237498319167e-01
6.361264754995348270e-01
5.450814161268929814e-02
4.845481271518896627e-01
6.287703749444285839e-02
6.431920063655665043e-01
3.165797409429202403e-01
4.821062267134981760e-01
6.029949443750972637e-01
2.977463775621764785e-01
3.775349592108369068e-01
5.514592922042756140e-02
6.926991874699198748e-01
6.269805778768364202e-02
4.433758649474413005e-01
6.914583638633932106e-01
1.222525729125947119e-01
7.946027270132544409e-03
2.060159970939209537e-02
2.751207206882562706e-01
7.862011365214993663e-01
6.913802846798191570e-01
6.550489440313587153e-01
5.150253177767570856e-01
1.196635468123909696e-01
6.518432643501960166e-01
3.105044061052694149e-01
4.084023886668626535e-02
2.211229300578483603e-01
6.705795343947695830e-02
4.753645051213239436e-01
3.402429647617530861e-01
7.688341468058079720e-02
5.823348925866317360e-01
6.015657453896819384e-02
3.323855201066018561e-02
6.867722738834647345e-01
4.765094806671884564e-01
6.846301936909985342e-01
6.876753275353169048e-01
5.315734181994505869e-01
1.312658578806899512e-01
3.581933657719665320e-01
5.883267868804776812e-01
1.497998983573319565e-01
3.542623766016265718e-01
3.772938802455886309e-01
2.883260951262107685e-01
7.800369038392532817e-01
4.972346660388894946e-01
4.129161302747567930e-02
2.833230430651565990e-01
4.843398903661333965e-01
1.219608937085437661e-01
1.534088673630161770e-01
4.702641416446728395e-01
8.368115991002174070e-01
2.147347669270625869e-01
7.427128204069074480e-01
8.733496024325358986e-01
1.403597692628880678e-01
8.624923147014893487e-01
5.575957479869844136e-01
6.901388951489948465e-01
1.846232785124958253e-01
1.919105704309424232e-01
2.251959126884076900e-01
2.368435078791316373e-01
5.018064361520082617e-01
1.409691129107500662e-01
1.912404438707648591e-01
3.285934197134142698e-01
6.299605047427674354e-01
4.408095349682206177e-02
3.103525492257472873e-01
3.442319372273985878e-01
4.227743297207842837e-02
6.045782014395271187e-01
2.042406448250619899e-01
1.001142583473021708e-01
8.613600672294521310e-01
4.156713476231816418e-01
3.310999958470039473e-01
2.504424920569505164e-01
2.714133753558078954e-02
6.651448752598496106e-02
8.768928640491669979e-01
1.978984069941557289e-01
2.170624410031186668e-01
7.059577408410097066e-01
1.126725150544578558e-01
4.435379239764112858e-01
9.865409370983763138e-02
5.752009715588263239e-01
4.133832963506754998e-01
1.893676649140232926e-01
4.185879781066786376e-01
4.422960627761365893e-01
7.762705193367377410e-01
1.205183323041291027e-01
3.334546407225461029e-01
2.899821981120982439e-01
7.369865622335153299e-01
8.716963038603463554e-01
3.233663953324120849e-02
2.972246131961336357e-01
6.113553157976715502e-01
4.384638420419066929e-01
2.315607880342228642e-01
5.203959435499314612e-01
6.732089964630049161e-01
1.726798657114097524e-01
6.832366832239857857e-01
1.657622857612415790e-01
3.825355811883351942e-01
1.779092346709314383e-03
7.630372997674860214e-01
1.463678771790627164e-01
3.471562437732402251e-01
4.287149914898109593e-01
4.072581199262074181e-01
3.571160239969328742e-02
8.660182795204672823e-01
6.486428264120032150e-01
2.820030220199418181e-01
7.480570446838771259e-01
2.049242851010992308e-02
3.369224586953390443e-01
7.163684200315373340e-01
4.605701825220828161e-01
5.947711008270171185e-01
8.654333302844167131e-01
1.324581082638931484e-02
3.233088011061076017e-01
4.526084863437491307e-02
3.546001898139553021e-02
2.805189343200963359e-01
1.305949823334928706e-01
3.068498821382387165e-01
1.064681760501967472e-01
1.219821627192467367e-01
1.119991381711007983e-01
2.505910936369563219e-02
4.163076921062069946e-01
1.073311601614410082e-01
8.253732944777321112e-01
6.630308910585481774e-01
8.241355148072579961e-01
4.511871567748547696e-01
6.771583933165443714e-01
1.421689819699190616e-01
3.460638254256471341e-02
1.657734283925514918e-01
3.990686520017948102e-01
1.126260289654298502e-01
3.397085881899153392e-01
4.336446968250298184e-01
5.120659698511691171e-02
2.954895205654976542e-01
1.366334557084939588e-02
1.709024185054542344e-01
7.378836704679803127e-01
2.296786290419843835e-01
7.886083466634596917e-01
8.344508815526923140e-01
2.689004161718963615e-01
6.491355142384512833e-01
8.774088846905171435e-01
4.075425824820522874e-02
8.167901060673211644e-01
2.084690556901409308e-01
5.433306539204900698e-01
5.555501787612495690e-01
4.829317011647569213e-01
1.461004926019486283e-01
6.249455016943798735e-02
4.896160942326177046e-01
4.476500106919802935e-01
5.243708260022934831e-02
7.878584051952588485e-01
4.247131756853571027e-01
2.168662239599347952e-01
4.262310512513906025e-02
5.629242159345143603e-01
2.204730648646598123e-01
5.128065208725683943e-01
4.798643222680426534e-02
8.905557536669211904e-02
6.105568174706021978e-01
1.459041371383254238e-01
2.031522798259656759e-01
5.426972741127056299e-01
3.595380005020472614e-01
3.875959494989053566e-01
1.828411345745663275e-01
6.089485535174420372e-01
8.275802417968780578e-01
8.249909764363307918e-01
5.353342237141851534e-01
5.594049686930863130e-01
1.548636345330860198e-01
3.498189001668066123e-01
5.556028332619029619e-01
7.111759035835772957e-01
1.059027507584762995e-01
3.477078348662471230e-01
4.343271618222281916e-01
8.334296238884616667e-03
7.278126869447177905e-01
6.871909578684597397e-01
3.556196854919523309e-01
2.674608215321058746e-02
3.400628553523047382e-01
3.777235188962478896e-01
1.724375751524240830e-01
4.487964108103595362e-01
1.305749983044952600e-01
6.321267871346289979e-01
2.359938977789559633e-01
1.862344467639713008e-01
6.911016788542451161e-01
7.590620919698218838e-01
4.611849725492560281e-02
1.916439774565250886e-01
8.793936462363729500e-01
1.426170916994689009e-01
4.469252280530612298e-01
7.862170335486107220e-01
2.927372841389354607e-01
7.101334298990162885e-01
6.464711272154033406e-01
4.225946167900346828e-01
7.413878884497183686e-01
6.782629457933521122e-01
5.930952240284168564e-01
1.689148902788438211e-01
8.439803625287060906e-02
5.542529976905499201e-01
3.257824189080745225e-01
2.902310716873027774e-01
2.787939884487687925e-01
7.086512398271853641e-01
3.966568634944395155e-01
6.687009128605613251e-01
4.439362426037771758e-01
6.372840361348817151e-01
4.405045575394223034e-01
1.172868140407258147e-01
9.341303347877542851e-02
9.906643789036806425e-02
4.090660740066980328e-01
1.296644458899545993e-01
2.010250082517879566e-01
2.986781600271177783e-01
8.441535598377108984e-01
4.021784600158048728e-02
2.802378763787840010e-01
7.845215430798824219e-01
2.119915389633641456e-01
6.063775011847093444e-01
3.858647136329793059e-02
3.730267780234418629e-01
7.016368113162787523e-01
1.901365951805407961e-01
6.331994028391570856e-03
2.432957960885783477e-01
5.927538456923607812e-01
5.028173027726069444e-01
4.683415211505301962e-02
6.275055288442951129e-01
7.731996891641513825e-01
7.975272059328397667e-01
4.218137086447593664e-01
5.923789986475903602e-01
9.793357112974757084e-02
1.705061957788088223e-01
3.366235676141301481e-01
5.180347423512846605e-01
6.694184458937355586e-01
1.002449696132369228e-01
7.306163419396405345e-01
5.216264229105440631e-01
2.183331474322517396e-01
5.221690117161228439e-01
1.519327335716714328e-02
3.437549140391022995e-01
3.923391499088317858e-01
7.740083172282113955e-01
4.259230851738304846e-01
7.650136361681132424e-01
5.864411506774532823e-01
4.945580297973977135e-01
5.773160098823366670e-01
3.685336744682907173e-01
3.024130313293102446e-01
1.390584471684129797e-01
3.644376080661885786e-01
6.772060520607577905e-01
5.054780920382530018e-01
5.415221325865353652e-01
5.275427326738425515e-01
2.114888598258687566e-02
5.869640680373425790e-01
5.208927306256241202e-03
2.189946273665714926e-01
4.808473374291652447e-01
5.571579595296023424e-01
3.623255606702587700e-02
3.698127395386532901e-01
4.617705020153857198e-01
6.043107827072897731e-01
4.883838750229955727e-01
5.737368883717641754e-01
7.370377456510937009e-01
4.395633075701997350e-01
1.351919980305094915e-01
4.596696056164056854e-01
7.116552628388760349e-01
1.111908434915916989e-02
5.198049866405084485e-01
6.553537076221196411e-01
4.094197645053628265e-01
2.529479370520859582e-01
5.483423357866884507e-01
6.982176560497521667e-01
3.103373987722884420e-01
3.483362086087989362e-01
7.024501030335796037e-02
8.508462061793167774e-02
6.991177844810967379e-01
3.581432373286857485e-01
2.990889695371517498e-01
1.319283681413471188e-01
3.074058131663073290e-01
5.532599916137821427e-01
6.885525561987722032e-01
4.018822355883283626e-01
1.835221446375620014e-01
8.565476179556568148e-01
5.010950440759160546e-02
1.251576946607495799e-01
1.795541723778470641e-02
3.960723253753472006e-01
6.362505242100513492e-01
5.870647465888326720e-03
6.349078122160385362e-01
5.512947214171474986e-02
5.118634112791431434e-01
2.477494616611949363e-01
1.614493084328331995e-01
4.277676717490203617e-01
3.594770705799379962e-01
8.532559996331536833e-01
2.597283747898367356e-01
3.818430287381789912e-01
3.627743453542327523e-01
7.202781516435439180e-01
1.227638538350591668e-01
5.015115963018187406e-01
6.810878888771929596e-01
9.781004924058833705e-02
5.125804486973868368e-01
3.119591157507906609e-01
2.623988102002747791e-01
6.437287352102140092e-01
2.777907456521478968e-01
2.696807767290853031e-01
5.339281614595647874e-01
1.495244865215367980e-01
3.714604779417326474e-01
3.271603911113994401e-01
5.464316594638846114e-02
6.119029351061704425e-01
3.127899994173184983e-01
4.091727696832633820e-02
2.913084484586191958e-01
6.692118918498105584e-01
8.617447753898918039e-01
2.744416174482443016e-01
5.283984212743174647e-01
4.783903923448256101e-01
9.988847294616567951e-02
8.368435140254223414e-01
5.624443546122460669e-01
3.065539643764663216e-02
3.190014004987370977e-01
1.395382902199598374e-01
1.301434653516990170e-01
3.736495378060495504e-02
1.139011637563305535e-01
2.988734436572411113e-01
7.131696263906194266e-01
3.883711122132308957e-01
4.402121040803055885e-01
4.847570686110252436e-01
7.168712874404824520e-01
9.667167949509215819e-02
4.278317726734062187e-01
8.103322649457438409e-01
1.032799428404518605e-01
4.469981308414576193e-01
7.658249482780210560e-01
4.167162091954583203e-01
5.787835123874555121e-01
3.374446984634850710e-01
1.765531149742757544e-01
6.467158458534170151e-01
8.794878334278113385e-01
3.519007389652833995e-01
3.770166828597310560e-01
2.634134490591483191e-01
1.088076798219706071e-01
5.718081922656943483e-01
8.629093656419146718e-01
6.337429213253331639e-01
5.894291047443485088e-01
6.987895158069853396e-01
7.145669807452031952e-01
7.546100785271593336e-01
7.701413933259709799e-01
5.945993482426649157e-01
4.187142841186454190e-01
6.509074415392620550e-01
4.082323410353652648e-01
1.745101983713152893e-01
1.939560888970532915e-01
3.065087558492844699e-02
5.463891405280163482e-01
1.549925470716581599e-01
3.706565690699545890e-01
3.334558835867208471e-01
5.209288671011602645e-01
8.266223515684464340e-01
3.702165882381656670e-01
1.173494189126369491e-01
3.257355326237136861e-01
2.963385024081185981e-02
7.109057686005679777e-01
7.172652939049003473e-01
2.099493110594617962e-01
6.349645346472975183e-01
1.655913669068850569e-01
7.470055048454457211e-03
7.734431936884021974e-01
4.522528519776968792e-01
5.814255249555826399e-01
3.234707549473078703e-01
4.979231655250938859e-02
2.502777309116965831e-01
6.717760040817081224e-01
8.348718382541010508e-01
3.995602917706346235e-01
7.548319713601424619e-01
6.443015191318876012e-01
3.861626795516673871e-01
3.073928146083000912e-01
5.658408152572469429e-01
4.305574432615444924e-01
4.945765457610681870e-02
5.077299078927324238e-01
2.307697121933500739e-01
2.667246342126095571e-01
5.171779200529513787e-01
4.566087894867747465e-01
4.132551557122914054e-02
1.872970884059632080e-01
1.518666058948714426e-01
2.687794541833857243e-01
6.020306846452048305e-02
5.547030786105200395e-01
2.991172272207246255e-02
8.048380272519765899e-02
1.145600061454405197e-02
1.923252890860308040e-01
5.750580041629101968e-01
3.836907611109707794e-01
2.167810077439708549e-01
3.239085601770045342e-01
5.791317920702289124e-01
5.635950216692584558e-01
3.390200583369284426e-01
7.976247491902643816e-02
6.929957533606772024e-01
2.009941802535642752e-01
3.667628110261022534e-01
7.315423467290951276e-01
1.733606877439196892e-01
3.567857609621434833e-01
7.490198896106089466e-01
5.814650717557080517e-01
5.883499737251337569e-01
4.251868548391198044e-02
2.738943027726504220e-01
3.224021463786906905e-01
5.578980543469507225e-01
3.486145706276538858e-01
9.625490216160988155e-02
2.155845604676538407e-01
3.560594938341584137e-01
5.111174382929829507e-01
1.399126628597447686e-01
4.193048692624640368e-03
4.700949643342216544e-01
8.269292887466692665e-01
4.594606345020833538e-01
1.009796140180102969e-01
8.123905455657445263e-01
1.097123300783739291e-01
2.359438203853075344e-01
5.324401023232114838e-01
3.376451835440815175e-01
3.598843429252190917e-01
2.504333860035407033e-01
4.135620834308342819e-01
1.769564842817670236e-01
2.861395839958292067e-02
4.365056881173332015e-01
2.946243688360629040e-02
4.429357952625874173e-01
4.930729803420300650e-01
8.726202433788148305e-01
3.800046670731099252e-01
1.155275326847365717e-02
1.495623273436949840e-01
7.484561906695220701e-01
5.765203312701712157e-01
3.495479486306224959e-01
2.269859974299005129e-02
2.220540823658155305e-01
2.702964711102678330e-01
3.791190248158149423e-01
2.307048079404084573e-01
1.139865152182715224e-01
6.931361026722355767e-01
5.505716405149118087e-01
5.878858480606486969e-01
3.425301939339653323e-01
5.234012072326903464e-01
4.921774364411555247e-01
4.783053005435352611e-01
1.206531463552054789e-01
4.941031443704448911e-01
7.256825409931316750e-02
3.055261531493039251e-01
9.407728451579788764e-02
3.872626560089690861e-01
8.690694690251008492e-01
2.863374840310402014e-01
2.639977473964434385e-01
1.512507958466689506e-01
1.321718523088559749e-01
7.881437066917031942e-01
2.339537756927821954e-01
4.360946758636622955e-01
2.018190973734219074e-01
2.081783526454191596e-02
7.127950633786068746e-01
6.356819497207434333e-01
4.607534775537604488e-01
6.321388051930226792e-01
4.799967752874436666e-01
2.901757319760651654e-01
4.011190699454976472e-02
2.726117911481119038e-01
1.213467989963522842e-01
6.100453767145911366e-01
3.657503563832908422e-01
6.633909670246314061e-01
4.299030368668411706e-01
2.235043904867547448e-01
8.666769174753073957e-01
6.562387280035306691e-01
5.346147494222843743e-01
1.902287524824867737e-01
8.319204751938060610e-03
5.637659549613870114e-02
6.252812333884242291e-01
4.483900858801332934e-01
2.363895049337974841e-01
6.493132022546194149e-02
4.417007373149980376e-01
8.681481360334845077e-01
6.924476948229876250e-01
3.145348314629298758e-01
6.046951375180311672e-01
3.649961021620855561e-01
5.083658649421537445e-01
1.987476703672283462e-01
5.507681611513711717e-01
6.316915358626614685e-01
3.051309090362850363e-01
6.167635553002612792e-01
2.470412325325498648e-01
6.550966801698185904e-01
2.104570994695891539e-01
3.855404478302842386e-01
6.713090808900301631e-01
3.574488402754503191e-01
1.565424442151912565e-01
7.141887365341954563e-01
7.226953568126566196e-01
1.140522977227547557e-01
3.591601485237007063e-01
2.599444939908279045e-02
6.078693252474317577e-01
1.181447504463637305e-01
6.572410821053350505e-01
4.489793612626652441e-01
1.314483544498151746e-01
5.897934563243236727e-01
2.724954766239188753e-01
6.066935491200715624e-01
1.105062295671005862e-01
5.301893038987634532e-03
1.393815165672186995e-01
6.801291177312742686e-01
5.368320663335961473e-01
8.075403599924966258e-01
1.214653322270677765e-01
8.666745674872328165e-02
8.965227038538386983e-02
4.958176834221265095e-01
3.544481658429138315e-01
2.091183687550866310e-01
7.997727183121684513e-01
6.073392970798906498e-01
6.341143179221715442e-01
4.372030506000411654e-01
6.000520630246127668e-02
5.220825586358206483e-01
5.410457286700083301e-01
3.207696120458092826e-01
6.793690564872256754e-02
6.839513112289231644e-01
8.642351276721305098e-03
4.517292733324709264e-01
5.732152189201066284e-01
1.402488304643979278e-01
7.382782148301475500e-02
8.755476574711326121e-01
1.166295317742882115e-01
2.001966417019049316e-01
7.467534961774379143e-01
7.883838402399766521e-01
4.137936793488254938e-01
4.587257686243230159e-01
5.668941732718574267e-01
5.427119550866158493e-01
7.392041590604756518e-01
4.411984495455746891e-01
2.518356311342206943e-01
8.560862987483544018e-01
2.572381164774018014e-01
8.201321512909102163e-01
5.481882781523773618e-01
1.015761666089574078e-01
4.485305047489960284e-01
1.092830126440435395e-01
4.208774254126712577e-01
2.747557171178297009e-01
1.521556772573871060e-03
1.289388188482964159e-01
3.216081255937194155e-02
2.824309783223900583e-01
7.841912339524879094e-01
1.487541198482279503e-01
3.608397211519006470e-03
4.083519083474794753e-01
8.631940132755634432e-01
8.362912690287617190e-01
2.876859330645521462e-01
2.044672036886178434e-01
5.867682628311407522e-02
2.757345462719703044e-01
2.962020277472058871e-01
1.058732480969547946e-02
1.713667588460006941e-01
6.561758167707778533e-01
5.885189902160844477e-01
6.912280689417701351e-01
1.517249686753960325e-01
4.055027562546442005e-02
7.258994509104667314e-02
3.371177689491786644e-01
1.072660707922783174e-01
3.254468017631522159e-01
6.893581973042680611e-01
1.238625742128584561e-01
6.077285769536764359e-01
4.315705979679787530e-01
6.602150987632837698e-01
6.482674642883107241e-01
6.302972601693539456e-01
1.248980645146873791e-01
4.118634690378907837e-01
7.034339056427763026e-01
3.797866165908992953e-01
4.779407009731473366e-01
7.384840412829015710e-01
7.029253499620824464e-01
8.253413494798041983e-01
4.112097986311119557e-01
1.717109121401708405e-01
6.751712159310779837e-01
4.630230643728455164e-01
4.417592336915206475e-01
3.816990783744347859e-01
4.032228006964173050e-01
8.253564346633274207e-01
1.342179099999771252e-02
4.560027056916142185e-01
4.835831383160749120e-01
2.996417457381210792e-01
3.321945471455077237e-01
6.166463067885231686e-01
1.032846871251770354e-01
8.018694932116555985e-02
8.079128776357663577e-01
1.752245590489991955e-01
3.838847804646895456e-01
1.994451348521622258e-01
6.798513813705178155e-01
1.555683546878233736e-01
7.912504123588155469e-01
2.369519612709932721e-01
3.420694919035447423e-01
3.349394070778213828e-01
6.839877043757468245e-02
8.241291023152116368e-01
4.370045661100988021e-01
2.459951199119596588e-01
2.843507403106387485e-02
7.176287481658442102e-01
5.486900683378239663e-01
5.164665161062332865e-01
1.833045945873416072e-01
1.408107646168915150e-01
5.448151309094924066e-01
3.370438993771016634e-01
1.263131818826871977e-01
7.755517710334160209e-02
7.114648017394776813e-01
1.344161744252625190e-01
8.198063625932036080e-01
6.916624038315822842e-01
2.273460470630074212e-02
5.769531239062554162e-01
4.393270156431195450e-01
4.756346481528815340e-01
4.191513729691379586e-01
3.987379276914918558e-01
4.902825028554290698e-01
7.769921816037241857e-01
1.860311189723289349e-01
5.966922774964208420e-01
7.095099183497394213e-01
4.080772385807773794e-01
5.712164995457847949e-01
6.439636836814320864e-01
5.905673078610886861e-01
8.298306605051324336e-01
6.546064390499580776e-01
1.845101648411672235e-01
1.085054930760586123e-01
6.867030963221761874e-01
5.005691329903977360e-01
7.023897593677219664e-01
2.157738452090309234e-01
2.772021617438979318e-02
2.674428063694195834e-01
2.850367796215120264e-01
2.176193508849475280e-02
1.190696223206601095e-01
6.409315588475195113e-01
1.233090920743444008e-01
9.136863034542999640e-02
5.715586783317751912e-02
8.525737309306423706e-01
7.578342258413985899e-01
7.830322086703763729e-01
4.938777336686535624e-01
5.760536226999564136e-01
6.638536035848671135e-01
5.860994605300257065e-01
5.326698075182689784e-01
2.591012041631185481e-01
8.220017459400827953e-01
8.063328325648808081e-02
5.541958284611079311e-01
1.166993901932674299e-01
6.294457644158059084e-01
5.848745426905262168e-02
7.300215551551705873e-02
4.255887867188528628e-01
6.608380045618247323e-01
3.759147870007381043e-01
3.881384535494644128e-01
8.253408429539677016e-01
3.729594117240221385e-01
1.455323796642540579e-01
2.441324021020072899e-01
4.040839563614782859e-02
3.436006576750048058e-01
2.175665821054185989e-01
1.284823114601914007e-01
4.557135701016461204e-02
2.378441359493877749e-01
6.406853272872587990e-01
2.072862749682419237e-01
1.273904273436620715e-01
6.588883532621945260e-01
6.845551060908551255e-01
5.828561703517488590e-01
5.962156111873724296e-01
3.742765395633853021e-01
6.495599883265621433e-01
2.930164527201730706e-01
8.492979842076962826e-02
1.228329553392024931e-01
4.381021551141440207e-01
1.925699950609715272e-01
3.604120903305436108e-01
5.485631908000369039e-01
3.988714658668066071e-01
3.819718429183787678e-01
4.328077706791879642e-01
3.189625461030845543e-01
6.617916777847977494e-01
6.268269036985911757e-01
1.121461082862021258e-01
3.996307786248938232e-01
8.671689355573455882e-03
9.507295369777513105e-02
8.515851659829782871e-01
1.484071600524405621e-01
4.818395095038425779e-01
3.960506923676320179e-01
4.442592813498306703e-01
2.311782794955183074e-01
7.177225023214107991e-02
3.841444469266886985e-01
2.438630961208052561e-01
4.505526299453445627e-01
7.369140313198185854e-02
3.878795545669582179e-01
7.065197172726400687e-01
8.170740467020750630e-01
1.828614818979615864e-01
3.617969173604915212e-01
4.476610764247463403e-01
6.148137653991845308e-01
8.041552888111141995e-01
7.672501133245224203e-02
1.670356213368671128e-01
6.618835587990801184e-01
1.317152536357867887e-01
1.942262770245026804e-01
3.555523192790341902e-01
2.072629237973242222e-01
5.622874319061537118e-01
5.427310298038660052e-01
2.551393895153154512e-01
8.072930122289475596e-01
1.802997461749264729e-01
4.111646855376437926e-01
3.199303084698783550e-01
2.248356376541658097e-01
6.788990855624777998e-01
6.965532798617665167e-01
3.055567188757755126e-01
6.658690128203622605e-01
3.938839052156598575e-01
4.763997812587280611e-01
7.294448536713700471e-02
1.150643202367493401e-02
8.750279945373236057e-01
3.914785616514501188e-01
2.274414438061904686e-01
8.740871459157710799e-01
2.015969576395301166e-01
7.422279557025869279e-01
5.565453252488552494e-01
8.577375766291686077e-01
2.604375339730523597e-01
3.154230911464004361e-01
4.149782671421529123e-01
4.752846046565467053e-01
7.657750432736304532e-04
6.577055266908623521e-01
8.426249629762019855e-02
5.280967442202072482e-01
5.281414519157213716e-01
5.638822473605898944e-01
7.428101656154507682e-01
7.260958741976704101e-01
2.489648619724409706e-01
1.235738503011452050e-01
1.734076475422522204e-02
6.883251008789158243e-02
8.479453489994902560e-01
4.742882732573935334e-01
6.074183290917771760e-01
1.879595504258198269e-02
2.799466364876930236e-01
6.752759036910962465e-01
4.955514808136522453e-01
1.112822313010218833e-01
6.313723743943259192e-01
6.241445141013486353e-01
6.023207640572232346e-01
7.765541263012258888e-01
5.399513015375337899e-01
4.026148149339668914e-01
7.109318935494656211e-01
2.271427265980742183e-01
2.665582228662877196e-01
6.059560537067411046e-01
6.350528929313440374e-01
3.208017611685811676e-01
2.886253102083548572e-01
8.438424764127260280e-01
1.529677936787723555e-02
1.015629601870255139e-01
4.016699596900198954e-01
4.253891655497215596e-01
2.712366980026343355e-01
8.300424192040182225e-01
8.173245194585998519e-01
3.882806462697765415e-01
5.865525457240381435e-01
1.173660355264686955e-01
6.841029722449428752e-01
2.656268910895976387e-01
4.346985284059962651e-01
3.951596515943749388e-01
3.222210972388123845e-02
3.339015909599855614e-01
7.609247896929668409e-01
2.951242886810942490e-01
4.365023803896868060e-01
1.486671019921378522e-03
5.767228141292931598e-01
6.712443977045540189e-01
3.460070374686998740e-01
1.191002268952133930e-01
3.051494162599109258e-02
5.195258540035153638e-01
2.790716223783598626e-01
2.247992814237178283e-01
2.833321342494131700e-01
4.738695094680963615e-01
1.699351148586411842e-01
8.137067846058545495e-01
3.090808610957693214e-01
7.378037845336510303e-01
6.872775183712167557e-01
2.277264222201255961e-01
7.651671043390935179e-01
1.914336835510664636e-01
3.500630782525504525e-01
5.391030263209217743e-01
5.157909444959208473e-02
1.013008492618163170e-01
7.039439283513932999e-01
7.979780047560038891e-01
2.362367405737155757e-01
7.832383984294323254e-01
5.396617539368053773e-02
3.166880973588547411e-03
2.670559479623093035e-01
5.293203399004751120e-01
3.699996601087996440e-01
4.748421587253912057e-01
3.789115309266661291e-01
4.020418742306607757e-02
5.666969201132032730e-01
8.125349279203264441e-01
5.956123971074533258e-02
2.113280653466069747e-01
1.172886868088411638e-02
5.081453153802812923e-05
6.401545714552757671e-01
6.194523440543034942e-01
9.994247114124119036e-02
9.874069270102403539e-02
6.974024035429704504e-01
8.365822045962759135e-02
5.336766940086963285e-01
5.637406838682844645e-01
4.263298080310966021e-01
1.091453972081236068e-01
3.482519573544789471e-01
9.750751947701283544e-04
3.251962333352513834e-01
8.610952304546320296e-03
6.823794757974152025e-01
4.540398308261093807e-01
2.450023911775543461e-01
3.764118381257345325e-01
8.617456556696084791e-01
4.151988507053984423e-02
4.041988555389383619e-01
5.755624385663567211e-02
7.596232501939560455e-01
3.220907092370582370e-01
2.558151667209396796e-01
1.052550850820298395e-01
4.424967201730804073e-02
1.757222593321701165e-01
1.807014097203166469e-01
1.140513131497341570e-01
6.182502360275189401e-01
8.134934150084591753e-01
2.353643567961493377e-01
2.688392981656429481e-01
1.813658313776105313e-01
1.375635213894491060e-01
5.439894131496288976e-01
4.311459213521954825e-01
6.231994516601209178e-01
6.666433432364930745e-02
8.610812309416913113e-01
3.462627958587061738e-01
3.282186356200202104e-02
2.108878162800661982e-01
5.512431638712785714e-02
4.522156243142213539e-01
3.535583717560196737e-01
7.410658708184388876e-01
1.929992150357782432e-01
2.315997790549698954e-01
7.596958366116460803e-01
4.124434541156737910e-01
9.169264505115253330e-03
3.451644106586237992e-02
2.721658917864501759e-01
3.760879170540577521e-01
7.420173665052485212e-01
6.547424164444625161e-01
1.126387408982510441e-01
2.005293657939888341e-03
5.755820245504662813e-02
4.163730838616292451e-01
2.092160995772072152e-01
1.961827980989732101e-01
2.248307133539067526e-01
4.248428940803021248e-01
7.875408366883882572e-01
1.678636981521547944e-01
3.106114645034688815e-01
8.652019785029041454e-01
7.856233367172421600e-01
5.034488209122541802e-01
1.026035020910044532e-01
1.566930500940325044e-01
6.093820653029911050e-01
1.415857515520429488e-01
6.180327775972661586e-01
1.903131014080612637e-01
1.345849328463549766e-01
3.394322347748829349e-01
2.027446311305077797e-01
7.118649498379896468e-01
7.686982632809906402e-02
3.620716089009504146e-01
3.933575936995961086e-01
3.885220890844725550e-01
3.457996066274147129e-01
3.976632407372465705e-01
8.154423226220686161e-01
2.285298243354391412e-01
3.233057840815555251e-01
5.043915479739168040e-02
4.776883938023656073e-01
2.515382519809857831e-01
8.254388362287811143e-01
6.713908851175840464e-01
5.338253433589363883e-01
2.705992831957448330e-01
3.084181230917082406e-01
4.379705099135123847e-01
5.188844653981418142e-01
2.135397464226162501e-01
5.660662152155497839e-01
6.851180405227269565e-02
3.923344332691857117e-01
7.587540090776856427e-01
2.557717024404473904e-01
6.882270684569249397e-01
6.660628570921659497e-01
4.937066324111427651e-01
2.196874414104983964e-01
5.236584533743176006e-01
7.365878691497284025e-01
8.034217211092491429e-01
8.012244380089204032e-01
4.170785056711626138e-01
2.969138346284627694e-01
6.520105035256346104e-01
6.899819555318246200e-01
5.379899503748609285e-02
5.852704638340817667e-01
7.539881040359807107e-01
2.312873487259650973e-01
1.850226364630488257e-02
7.350588770879529221e-01
1.739677975118913145e-01
3.630607316602282308e-01
4.168221250911000736e-02
5.699110574131123208e-01
1.717695646245796792e-01
1.787874353640724057e-01
8.315917356792293380e-02
6.425826003945797060e-01
4.131201262240875860e-02
1.990421721615960038e-01
5.231737772743171311e-01
5.393581934113917953e-01
4.398475368072627401e-01
6.280621709250815143e-02
8.113401610952211129e-01
6.962718312818811928e-01
1.406060399440259012e-01
2.940970018938018904e-01
7.441384263793653364e-01
2.803775969263260781e-01
2.905293131074291879e-01
6.016401290411215602e-02
2.176072512324930264e-01
2.157415572173423113e-01
4.054245762764293048e-01
4.749987324170401037e-01
1.753038769154174059e-01
6.131909677865207131e-01
5.916142607289638367e-01
7.452950034121378353e-01
4.515678549459103963e-01
4.508652981560254402e-01
1.403081411265808820e-01
3.456237327441462615e-01
1.598490965579171807e-01
1.917340953805916903e-01
8.082453912351540426e-01
5.906613385789459825e-01
5.408776245296205154e-01
5.744191714065048915e-01
5.719648165047842847e-02
3.055808655896324333e-01
1.623904778880776948e-03
7.800864537824926392e-01
3.997154227175820362e-01
7.131542768799770116e-01
5.812721308931698694e-01
1.314388917776232180e-01
1.119446199375814105e-01
6.181962189106052774e-01
3.618308059617965089e-01
2.134916284576646728e-01
1.139857915088993423e-01
2.882516247539468890e-01
7.724318963282831296e-01
1.868126623060843428e-01
8.207980206555800518e-01
3.544867240381759377e-01
5.051155681704545125e-02
1.917341169053073946e-01
2.071489608461559995e-01
3.074050778985749632e-01
2.117983905830728708e-01
5.428703661744831849e-02
2.394134749245494798e-01
1.481568668522362797e-01
3.552480729905889145e-01
4.918268917695249598e-02
6.224961058306963668e-01
6.862801046630873092e-02
1.496429388898137536e-01
2.403850853437587420e-01
8.367153404648444148e-01
6.414147021482760613e-02
2.247827917223231900e-02
6.123129755939988872e-01
5.201113304939507520e-01
2.220095125412317461e-01
3.974818793352615232e-01
7.646896322656003830e-01
4.600878663861425188e-01
1.596202615657437707e-01
2.030379542498587375e-01
4.903136173246623875e-01
7.322663304863040734e-01
2.647007808859693778e-01
5.567272066462722879e-01
3.643596243336506557e-01
8.592165828924097637e-01
4.385080762522438058e-01
8.941831811690746645e-02
2.273929979081316388e-01
7.518792154786381188e-01
4.140686646404919125e-01
5.943586834713879830e-01
3.417053704922852209e-01
1.174282703003153849e-01
3.163318445434357140e-01
2.289386136962409668e-01
1.829144444611217890e-02
5.871388901019264361e-01
4.842326184113805027e-02
6.988904396359491011e-01
7.540458791795768834e-01
3.637306300642335066e-01
5.401057809985921887e-01
1.232309067175423600e-01
5.575976845331925835e-01
7.914849140063953126e-01
1.408329708483090914e-01
2.844705505607202922e-01
2.688269023483008668e-01
7.698482908246204737e-01
3.029874803885190815e-01
9.796696302478431762e-02
1.324604097627529176e-01
2.942207324423408710e-01
7.618114999320192426e-01
7.359431302423645460e-02
2.658431451977451565e-01
1.921107413469771708e-01
3.236630793305881881e-01
4.617221244936772773e-01
6.636666401085198341e-01
4.509587412852610888e-01
1.363008313234952487e-02
6.833811537599969732e-01
6.025940560982204763e-01
5.311827166576994497e-01
2.294560193450430052e-01
4.429638693757222967e-01
3.936638567739163541e-01
7.641134776436080411e-01
1.337369176569273843e-01
5.072644122049673188e-01
4.082944861060889274e-01
3.971113338150621397e-01
2.156191374870208288e-01
4.550450888772735181e-01
1.277526750484878626e-01
1.969234434617336549e-01
4.209775468286907629e-01
6.176180946694185270e-01
1.269160994207406690e-01
3.505693715155473456e-01
5.063839358575294991e-01
6.109944063294843186e-01
6.025526984944906683e-01
6.872251840549474800e-01
8.672352868941179960e-01
2.431197026511987269e-01
1.398297693220725280e-01
3.243391172104724829e-01
4.602979696560256101e-02
2.629801882342681640e-01
6.801002430731373227e-01
4.176410081882007130e-01
7.439416595750866223e-01
6.581944531249668273e-01
2.888019199375186918e-01
4.664133570983719501e-02
6.089688708961922547e-02
2.189620415096715789e-01
7.423767124529536687e-01
6.697790133563996662e-01
4.580961504887904878e-01
7.583239617534606181e-01
4.995376702312243067e-01
2.443014178308905715e-01
6.578416962005976254e-01
1.531936987161843788e-01
4.118951555526645936e-01
8.747285437288931931e-01
2.398038465274549558e-01
5.088551862882955135e-01
3.282611024464283656e-01
1.523153308407616535e-01
5.208720299493089234e-01
6.867365249984692666e-01
7.811216408364838326e-01
4.003769295147318052e-01
6.381111506568196701e-01
2.853338198207684973e-01
4.043221467765643895e-02
1.516739072272527966e-01
7.244455462818075731e-01
2.324597984725826072e-01
1.689764655599097776e-01
5.386678728626943524e-01
2.774870593057643942e-01
3.880344119576576434e-01
3.701158777325880278e-01
4.781303733907258935e-01
7.517471657129474495e-03
3.441792332022123868e-01
7.692736338743478841e-01
4.060022870035390891e-02
7.224823536897510834e-02
1.145495724618292577e-01
2.118761661510550898e-01
2.882340610488863808e-01
7.347237796270342236e-02
1.841543257691758140e-01
5.867444850257864664e-01
7.786558257401186012e-01
4.213764392237515644e-01
1.539806435985145161e-01
7.791086216881790705e-01
2.525031942422708564e-01
5.289550433271605900e-01
6.088401699572566494e-01
3.694962215082242540e-01
3.610854714289533085e-01
4.110678222553857536e-02
6.772834800944851352e-01
8.403828315270053251e-01
1.839745354048836212e-01
6.601650827079418027e-02
1.960765094147968735e-01
6.057561136219192788e-01
1.592912852304413374e-01
7.746518808491921204e-01
3.776499384485139110e-01
4.096000658979515041e-01
1.707726530260462450e-01
2.936127552710258160e-01
3.888583805932761539e-01
1.434425701855742141e-01
7.977218422419394273e-01
1.738533280880330267e-01
5.319457792915729399e-01
5.426689639362900497e-01
7.138466449576964801e-02
2.252408980266879315e-02
6.392051325646844750e-01
3.305926995355896736e-01
2.436365355859253234e-01
2.461632014438025207e-01
7.946622387830525325e-01
2.928193532194141024e-01
3.437860878908592932e-01
7.858257051832576723e-01
7.798916945086580288e-01
6.308932685227430781e-01
1.259561733505386860e-01
3.044727762745588762e-01
6.651595383041818133e-02
8.277155589279204806e-01
6.784174113930091510e-02
5.984939189026133866e-01
6.836641828335685567e-01
4.932203530481363840e-01
2.995869857607662001e-01
5.045244787941847164e-01
2.146880242972037944e-01
1.000108522848695558e-01
7.552166343591797115e-02
4.594519635243022315e-01
4.208321160274146600e-01
1.374264104649741136e-01
1.502532438534176507e-01
6.730282509443127337e-01
1.896915998949449955e-01
6.902185405915964855e-01
4.229461554499215348e-01
5.134443169497524551e-01
2.682530603597274577e-01
5.025838918327498739e-01
1.538753949366674506e-02
1.077162204926292860e-02
3.091116364879079731e-02
1.242676323537631466e-01
8.613670143624252429e-02
3.380420384269591794e-01
1.446761142134075744e-02
4.050546677420704400e-01
5.378077548744966130e-01
1.228426175122794561e-01
4.148886200076448705e-02
6.347539693419121942e-01
3.091858847422090939e-01
3.155719152715947828e-01
5.139327542176409525e-01
8.566798561968518300e-01
6.404431618480557198e-01
1.849329042095812503e-01
8.550323121403956284e-02
5.348411657086757920e-01
1.644152467589957978e-01
2.579758412821707703e-01
2.944334974907230063e-01
4.128982130856242994e-01
2.523085109678394611e-01
2.357811605366517405e-01
3.955524464623122460e-02
2.706698967979646597e-01
1.296145486487951803e-01
6.837749396039735084e-01
1.935566583342946123e-01
5.568269311673753608e-01
1.222353837901260787e-01
5.733647293780284038e-01
3.020741739536537684e-01
6.240733540245094746e-01
3.086183758787617443e-02
7.325246200472076974e-02
1.282930566127215011e-01
6.604666299757880887e-01
7.122216495447472040e-01
1.391310121096618179e-03
2.590373081234510488e-01
3.284842103264820068e-01
6.916725505085166148e-01
3.630058048248658298e-01
7.884210596642006186e-01
2.265927221291550719e-01
5.147056602621655902e-02
6.144909852994333566e-01
1.750984931109628162e-01
6.693866034453467284e-01
5.425779865367557075e-01
4.314766815791090671e-01
3.321838133073793942e-01
3.513815054132212179e-01
1.279717884204435996e-01
4.557907954638252823e-01
3.763166894034762899e-01
8.069641479118321303e-01
5.285355397051467730e-01
2.423830985819043493e-01
4.147136103139758001e-01
5.053640839181205296e-02
6.527185094950908040e-01
6.555516956589466648e-01
5.641102271867696194e-01
2.515458357710447235e-01
5.278105873955761806e-01
6.565041497493095957e-01
3.425486831659143583e-01
4.752716544376532348e-01
8.353317725386654180e-01
4.157784448088845952e-01
8.642314026294235507e-01
4.458410097129734684e-01
5.002765554063782760e-01
7.096839141805666440e-01
1.377265639878493542e-01
6.299039904604497586e-01
8.330731273648774859e-01
1.093817247116466995e-01
3.578745020966385693e-01
6.839616304555099502e-01
4.502065968404685425e-01
5.300245571391107857e-01
1.373401646105976703e-01
8.562958238843079162e-01
6.280274571637365355e-01
8.435410196919204129e-01
3.443083659909863536e-01
2.824647706078526332e-01
3.200278710848330349e-02
9.110600711436615817e-02
1.440690430808567180e-01
2.001221619842223909e-01
7.658329064263157404e-01
1.343539722348092436e-01
1.040853517553586294e-01
1.311104465410966591e-01
7.289448245512879510e-01
3.116741219846677624e-01
3.775179171533882827e-01
1.357837553538544517e-01
7.976319513373593129e-01
9.944015494201675909e-02
2.352974275803390303e-01
4.577183076802888162e-01
2.317344093499252300e-01
7.852559372390390813e-01
4.775777766190643647e-01
4.512025112420051109e-01
1.746473447956252145e-01
6.411954701754986052e-01
3.441373089955482301e-01
4.765090388468204430e-01
5.261125242046728046e-01
2.485818972433227747e-01
4.058015263795191618e-01
4.135134301497940257e-01
1.442631661756717809e-01
5.454747379608284596e-01
7.227506933473785145e-01
7.160625830944553627e-01
4.581983125801785545e-02
3.890715373681603029e-01
1.020376531678594129e-02
4.330182888335145086e-01
6.720341768973084884e-01
2.628375409989748834e-01
1.513805060722961948e-01
2.830362891885170873e-01
5.993535192251565197e-02
8.666059311560664336e-01
3.855959476307327938e-01
1.570496142964753275e-02
6.841304745940113285e-01
1.287896851513034568e-01
6.097295212209821180e-01
2.135558215415041261e-01
6.705368159303776165e-01
3.509687878875176748e-01
1.919938768131129181e-01
7.187135098310295511e-01
2.450510222018781603e-01
6.008154924856292656e-01
2.071436369628960883e-01
3.835998699291884306e-01
3.771024355348833734e-01
4.668073510232087497e-02
7.253806633014912020e-01
7.404578630729042876e-01
7.288508790364015000e-02
5.759890598097217040e-01
1.068502654976117433e-01
5.193297650505491747e-01
5.574316274178018338e-01
2.814367537497796667e-01
1.749874334004951071e-01
5.119552224946070096e-01
5.616567361014310755e-01
8.485827525010275485e-01
2.965816343804698607e-01
7.373807804633947249e-02
3.830236136655191387e-02
1.765617368629493755e-01
6.347000447735219320e-01
2.694778320441651998e-01
7.609298210503860904e-01
6.348757564308435963e-01
2.398494481736433426e-01
1.480244116919704478e-01
3.508366719587115434e-01
1.356897691464288846e-01
7.573172717273018995e-01
7.843792531685815916e-01
4.490720158689802122e-01
7.326892404716817131e-01
1.753340379936221549e-01
2.083769588445395782e-01
5.049848478824113807e-01
8.526819884415856587e-02
2.700648824761400172e-03
3.526843089122697061e-01
8.224509495116534286e-01
6.396558603893134354e-01
8.689446093122039638e-01
3.842567966866733964e-01
4.687848137057668563e-01
1.208813847257893814e-01
7.686584123788449130e-01
5.698702939920768928e-01
6.506856945031019857e-01
2.483007466297407762e-01
2.085600087940229774e-01
5.094061875345206464e-02
1.534489358534081582e-01
4.323150914351968632e-01
8.222157880714023870e-01
4.290628447953850899e-01
7.945313567241711894e-01
9.161835547919983114e-02
2.589980433953146810e-01
3.642886244411021046e-01
7.569278235445046077e-01
7.054140866982985258e-01
7.977569811852714965e-01
7.271996841271974876e-01
2.517522050992400673e-01
6.516780054918284160e-01
3.843976602701517503e-02
7.336483312548826019e-01
5.455362469179082519e-01
2.266290556551481539e-01
3.028483075772855915e-01
7.435537359676736013e-01
5.000971359111623660e-02
9.187959641747793504e-02
4.389290018645004010e-01
1.529578345480462065e-01
6.953638888642241778e-01
2.837127463144191175e-01
7.941800894226457019e-02
8.378545482266270827e-01
2.913817110831687929e-01
2.249736569096073002e-01
2.246674470386599565e-01
2.255895340868264987e-01
6.538394401282918156e-02
7.231920134519794763e-01
7.779076274968696469e-02
3.039929668433838938e-01
4.318129372814490385e-01
2.295439164084314976e-01
2.848905959375688246e-01
2.370930360228252487e-01
2.546798466822840501e-01
1.039120620988714799e-01
1.531077332386316103e-01
2.247813900679554999e-01
7.653793438609283184e-01
4.767262660252395423e-01
4.896239121695641350e-01
5.605209315249732871e-01
6.543454922220145464e-01
2.189081268279804704e-01
6.878158346449887439e-01
4.725963051760102007e-01
4.323349476546437531e-01
8.209047003674045939e-01
1.254175617410712568e-03
1.517810868547748472e-02
5.762682004037312788e-01
4.327898752898644563e-01
5.029263060549805653e-01
6.936326071915179803e-01
1.829558347773602434e-01
5.946402645028418810e-02
3.140935330627119271e-01
4.341085809131765560e-01
1.085439823071077114e-02
8.702505964972591102e-01
1.912553201321721408e-01
4.358726070258232554e-01
2.002263304805090849e-01
7.633217920089141462e-02
5.647563502305166100e-02
7.021696777870605199e-01
6.079062220737869726e-01
2.128113122185801565e-01
2.492647307281075642e-01
4.010121493046645558e-01
6.317505884290297580e-01
3.737632032732534637e-01
3.920253661484042751e-01
1.624669258375197739e-02
1.566557959790967902e-01
7.837251390631828629e-01
6.759040173749754077e-01
7.253481778522452572e-01
4.386053905850777479e-01
8.677505794604916112e-01
1.217233945645754961e-01
1.545809308715196118e-01
3.374401550873853961e-01
4.030556750369905794e-01
2.419708547550135092e-01
5.705956648079887339e-01
1.077635105904563573e-01
2.780226238702689923e-01
5.514005147260427064e-02
3.654780954229902012e-01
1.385763442011537228e-01
6.257883707614559921e-01
4.414288601176269977e-01
6.187639144962502336e-01
1.835749777248133485e-01
3.150027588548552915e-01
5.274688760510790608e-01
1.053172165508683561e-01
7.515689955313900605e-02
7.103308433720226245e-02
3.281640690457222065e-01
7.815049447880918487e-01
1.449871395007795993e-01
4.706647021413750687e-01
2.899062621732419465e-01
4.353508437226916716e-01
5.542225387245737211e-01
2.852858094036129222e-01
3.632390713365902246e-01
2.196304155914839684e-01
2.441205522446255882e-01
1.680344434728681113e-01
2.628641723636946925e-01
2.876760830619278786e-01
7.391268915448245824e-01
1.466431923294534423e-01
6.574129576879225167e-01
3.934267238215602980e-01
2.351665512451352469e-01
8.655019927793399237e-01
4.288113687849538502e-01
3.839106188239959638e-01
6.649578878746981170e-01
4.303052376681846258e-01
3.163429507939862773e-01
4.008594855731598128e-01
5.939702180691787126e-01
1.124917103851410943e-01
2.652902632646738090e-01
7.647676505495092369e-01
3.759555029008622151e-01
3.745036066520399110e-01
6.799187342532173606e-01
1.356347590258608071e-01
5.417566107498327233e-01
8.257403556655246168e-01
4.985711303026769681e-01
5.861557656042086784e-01
8.744591656182575390e-01
4.464119663231757434e-02
7.068989210745815766e-02
2.660168199261579436e-01
4.560260022402850555e-01
2.219023823386074290e-01
1.236273649856288979e-02
5.821792043307127962e-01
3.121287663711642124e-01
7.617822494313791770e-01
1.489929209019164036e-01
1.982944518781453586e-02
1.481095897302829034e-01
7.828053416984733781e-01
3.576397206965414161e-02
1.935538017101006147e-01
2.793981424583162898e-01
2.072171492251962399e-01
2.904518488277550436e-01
7.273639506406680555e-01
6.114617869153466528e-02
4.947974254286138240e-01
7.515248846852407016e-02
6.824108708027780412e-02
1.769274335980479396e-01
3.077453146422729977e-02
5.007449640970066396e-01
6.663011057746558441e-01
6.027419115451720932e-01
9.915501867949602643e-02
8.620244053600294443e-01
3.645055464338687323e-01
1.944986427758464143e-01
2.909635437271652081e-01
2.637701500597155468e-01
5.734439077894371017e-01
5.332333197231160504e-01
4.533987387965297648e-03
8.406282272825000845e-01
4.088118085978255378e-02
7.492413587378616846e-01
6.475757441617712162e-01
5.124059967221358813e-02
1.666748018704713730e-01
4.014463510837409932e-02
1.884880592481810446e-01
8.823621839093422070e-02
1.861839260050279776e-01
3.151664948603554728e-01
2.829997025939506861e-01
5.267406658004450959e-01
4.479818753560554367e-01
1.306988219618210323e-02
5.311672989876342621e-01
3.432848722884286885e-01
2.361071950412436393e-01
1.203860005672015843e-01
2.525972316414620278e-01
3.125058497650339828e-01
5.319397682808746364e-01
4.624110399660449899e-01
1.800893131198769755e-03
3.890804855432646869e-01
5.128774765326536977e-01
2.320262030501763773e-01
6.662938253000698641e-01
3.784160760591928629e-01
6.445026204027560768e-01
2.585464380133030704e-01
1.732755244881719822e-02
1.192017452315985299e-01
8.443855210080307427e-02
4.198104581737027025e-02
3.404354389627139293e-02
4.067330912291823586e-02
6.229459601727457274e-01
3.249264915564760159e-01
4.520014909208920351e-01
4.716702987779676226e-01
7.535764437973884178e-01
1.767773174646063150e-02
4.203833579593440062e-01
7.629771503152471546e-01
5.329859722682200873e-01
8.478686838763555000e-01
8.879052820608458046e-03
1.576403177761954988e-01
6.573749747244270747e-01
6.476048934261673384e-01
7.187800993582882381e-01
5.100365773267480085e-01
3.001993432017005525e-01
2.049570808979056524e-01
8.342406822527406174e-01
2.795959661480250658e-01
3.400609548797526860e-01
8.220475671218343550e-01
1.430767408403648029e-02
2.456767343718127827e-01
5.208416341828356888e-01
5.216016047486883300e-01
7.269937018624940128e-01
1.835909230761297306e-01
6.798182171997643741e-02
8.322779575319043666e-01
6.290664002882332406e-01
7.757349819541873304e-01
5.272283530037442656e-01
5.504110256581402627e-01
4.885528689533280566e-01
3.624302885156903686e-01
4.492632352893096148e-01
2.514268686575524825e-01
3.911567025217546067e-01
3.062425331627893765e-02
1.928653847563619184e-01
5.464203814782743196e-01
7.514092943096676303e-01
2.191287776972428991e-01
1.740121753504470792e-01
7.450372569879623597e-02
3.079601271403126783e-01
5.842492558856076101e-01
7.149490904044288886e-01
7.944118338658414658e-01
5.903221958209229348e-01
1.325850133856807112e-01
7.940563513759394398e-01
2.889508629455957156e-02
2.918474112225075690e-01
5.464326485159688440e-01
3.309581916809022362e-01
5.909227362766282798e-01
6.048140314045019617e-01
5.646111621648437495e-01
3.549218041439779481e-01
4.936104212740791697e-01
1.497987851730907538e-01
3.444480360290329557e-01
3.486948679571317822e-01
2.691603995645858172e-01
3.972964559473808888e-01
3.946080021775750790e-01
1.240149270324018976e-01
3.136739809028826764e-01
4.706166073305171338e-01
3.039642656681789679e-01
3.863831932345888620e-01
5.078428107695184268e-01
6.051231473101368330e-01
1.509873237838898485e-01
5.149519990807220893e-01
4.242282540067576213e-01
4.179077984436570525e-01
9.359673866555449917e-02
7.252839434501877625e-01
1.067701687767822621e-01
8.529499668848457006e-01
4.712703886773357276e-01
1.179090765674912777e-01
7.285819094346890346e-01
5.152301385100108849e-02
7.338332930612906368e-01
9.642253323173312352e-02
3.508185122954067814e-01
4.985107357493219205e-01
7.172738251066511639e-01
5.367182684420308547e-01
7.117579451955960979e-01
2.829636669156331830e-01
2.929330880000625692e-01
1.605446233148267454e-01
7.655451537617203872e-01
6.511710407668964695e-01
7.586461166605033002e-01
2.713667148312392530e-01
1.872267042284570804e-01
2.511313445449194215e-01
5.044128432463885758e-01
4.792508826061053218e-01
1.200834832802721297e-01
1.551955059634005096e-01
4.121211291050829728e-01
4.900601139685061280e-01
4.263101589827446580e-01
2.801898959743255590e-02
7.623951781218285539e-01
2.775212626225667112e-01
6.345253819837149978e-01
5.626143877595881637e-01
6.529680105022040992e-01
5.849949562911213596e-02
1.777196080423648628e-03
4.178522967081579886e-01
1.263367080916767970e-01
2.578001104683012579e-01
3.189764656873095294e-01
7.241731770825347025e-01
8.809082891169536800e-02
2.982781415260282176e-01
5.678831211267242329e-01
4.153525015815494048e-01
3.584259399061694995e-01
4.869558429787356202e-01
5.941657749900064456e-01
1.155720362489633668e-01
6.949738498135877851e-01
7.681371164210570868e-01
5.246130444648783309e-01
1.953880754703753442e-01
3.136603817277815454e-01
8.645135295154109112e-02
4.076758211702191104e-01
2.672284602202313897e-01
5.469727594545240601e-01
7.037298673658408665e-01
6.556810110804934810e-01
4.599794757572303605e-01
1.807288619477213920e-02
2.289810534908876261e-01
6.464588655505638659e-01
3.322986273348120245e-01
3.265438546529101371e-01
8.496161644280524339e-01
6.061862628544852916e-01
7.983259762951618876e-01
3.095655371949426193e-01
4.499433282527532385e-01
2.474876549678432791e-02
6.631634948353906100e-01
4.129747540687193630e-01
3.119205273891841879e-01
1.163904634338370769e-01
8.120138858427335127e-02
5.404729956535817559e-01
7.660916632852664554e-01
4.720601069299686925e-01
7.073037983359671266e-01
3.095703317043777547e-01
4.903141564830433285e-01
9.431262095026504699e-02
4.667281930085576125e-01
1.394201363137238803e-01
2.779699363762710984e-01
4.284168678101684669e-01
1.559596723706193067e-01
1.014516659129645858e-02
5.753080098406675447e-01
4.338397408844520825e-02
3.807153530279598352e-01
1.467024348480560625e-01
2.400222653373724757e-01
8.664748764268487280e-01
6.426936509278974308e-02
2.185662048934886303e-01
5.776957329574071709e-01
7.098157439949820402e-01
5.271847950390227133e-01
5.432358271133335137e-01
3.806320206435105935e-01
1.857043760766385609e-01
7.102766012251163774e-01
6.506890261925178942e-01
5.535437485959887605e-01
3.366459164871936638e-01
5.177503664013302087e-01
1.364335582688805948e-01
5.629330507065921640e-01
3.374672007075722735e-02
6.236699413769580813e-01
5.999077268667212248e-01
2.505310400851594177e-01
1.725599220205039364e-01
1.890950475272235864e-01
1.378170218627712829e-01
7.349275286294024156e-02
7.987535947003906456e-01
4.699062895642331927e-01
4.962086098476503060e-01
2.606945026075011690e-02
7.338059558355571887e-01
3.291043558788351309e-01
3.063323260175110918e-01
7.842791222792639960e-01
2.803673061101806807e-01
7.660517792481656985e-01
3.802013559022536793e-01
1.627287957697061416e-01
1.542889845983169972e-01
8.474388267273996744e-01
3.543325031808217673e-01
5.370716643596651352e-02
8.081585564803962507e-01
3.063384893701508460e-01
5.593161446150755056e-01
2.749643702109175747e-01
4.845645384521656274e-01
6.966594538035443263e-01
7.817311141502445437e-01
4.015600568061277187e-01
5.443128944485876863e-02
2.809049572795737637e-01
7.588934956984308977e-01
5.357357638947206624e-01
1.666193252572993611e-01
3.323816860798383122e-01
7.823367102896363612e-01
7.588850105961528203e-02
7.874627763317338935e-01
2.083679041554319933e-01
3.177563556108052301e-01
7.354697631412191461e-01
8.685496329575851382e-01
5.353894496798039526e-01
7.123890248341042675e-01
4.180693110292178494e-01
1.798159426944768435e-01
1.694897720147033049e-01
2.606273140937342969e-01
1.960162308420408950e-01
7.786717878714691232e-02
4.338403294782375852e-01
5.323220937587790080e-02
4.283222541942517392e-01
6.138054643506366537e-01
1.029568741247152870e-02
1.670431467704723005e-01
1.445843450497572187e-02
6.901753126255700810e-01
2.552813436098465630e-02
2.796321736915968748e-01
7.072102072687614926e-01
2.678947579868966034e-01
3.025113167525482205e-01
2.309191956099283100e-02
1.061462376846000200e-01
5.872267504891893752e-01
2.734894022562491811e-01
3.713077715261493550e-01
7.946196807811199969e-01
4.120977516117005912e-01
3.711759356166829393e-01
4.155181653718356682e-01
3.667594543463348344e-01
5.168137119284863523e-01
6.301619119264836311e-01
3.314957095604744164e-01
5.279793865206025005e-01
4.456145646701574203e-01
3.964435589767607571e-01
1.299624723729103594e-04
4.467516464851166158e-01
5.997950931873181624e-01
2.422164512799139247e-01
3.582045522741572063e-01
5.231377473223979280e-01
9.830394959847790770e-02
3.969759987206168961e-01
5.298578418802337708e-01
7.583535469542686258e-02
2.424628532001850412e-02
6.513147569101935819e-01
1.893859996334905926e-01
6.108777806798779686e-01
7.695290543128906480e-01
2.281551417759017930e-01
3.612053966998040044e-01
6.397576899970001119e-01
3.709924416310385609e-01
5.916829854469299876e-01
2.087126518883210269e-01
7.262906539061838584e-01
2.627208136961788343e-01
5.918987445091475896e-01
8.347548968347573428e-01
1.385951207993980083e-01
1.449450437542889603e-01
5.135848663796840352e-01
8.710182799288291866e-01
7.946796602217529593e-01
7.616217075684442728e-01
8.665560726821287529e-01
7.391102108829761264e-01
4.477208758831646707e-01
1.971169300226785492e-01
2.376423229183812214e-01
6.139787357448835969e-01
5.612140213214267259e-01
3.832714862626806496e-01
3.497781299455409165e-01
2.382422376257088970e-01
1.545990608247453935e-01
5.362026417503742426e-01
3.144339275827742752e-01
7.246634592069534087e-01
5.188902266319100898e-01
2.170547645463045960e-01
8.768765071406868783e-01
1.970171506240958950e-02
5.062789423482014772e-01
7.186261191771280421e-01
1.531085187380448742e-01
7.628607098985529245e-01
2.051567939278164665e-01
4.828945636565975530e-01
2.448205130378024452e-01
4.157088686990989546e-01
4.445875644089350986e-01
6.754981978472899273e-01
3.044982750167036789e-01
5.701412314669460635e-01
7.407734008849018448e-01
3.627505798363165473e-02
6.522039257982694682e-01
1.629758610511509442e-01
3.019031563077747560e-01
3.535916162819366382e-01
2.947365981049743233e-02
2.260878788077724799e-01
5.420001231584351542e-01
4.541089437267687989e-01
5.918767930374254638e-01
6.145211802344271446e-01
1.836017490070669944e-01
6.094192726095268853e-01
4.726530742690810416e-01
4.396672898495595505e-01
1.740089285153846588e-01
3.850177756545713342e-02
5.056381903851308035e-01
8.297117555128251665e-01
1.708519593072663212e-01
7.830353984765466846e-01
6.665636432085677576e-01
3.941234549884722327e-01
1.126009401850856240e-01
4.990499424147513130e-01
4.031271708634714401e-01
7.238842602095382217e-01
9.927373199043311447e-02
7.863892286431072298e-01
4.076670332372139272e-01
3.997360478085375535e-01
7.030823622203878909e-01
2.462319609567694412e-01
5.748297587052826341e-01
7.203779063977434616e-01
1.495599178648196748e-01
3.938603338388609876e-01
7.189215248376610301e-01
1.012510357707294140e-01
1.603992992544257534e-01
4.840376186833735828e-01
8.202691714671521417e-02
3.246161216829718255e-01
1.354191447599800147e-01
2.651864113316034777e-01
8.654405862223116808e-01
2.515642480809838766e-01
2.122231153427265316e-01
5.848395829961359205e-01
4.704379464108994768e-01
4.447872259390838745e-01
3.664794074324071449e-01
1.227903046033148038e-01
5.961363491598238307e-01
4.713477019003744495e-01
9.157651855697156174e-02
1.178610048765281471e-02
6.962864937085667671e-01
4.561477211070902871e-01
8.337624907883896264e-02
4.934057781761062023e-01
1.336231124912888868e-01
8.714753709665957748e-01
7.887266178468835612e-03
6.206633733764399530e-01
4.358002967553622486e-01
3.978071193842183662e-01
6.569939373288130602e-01
2.266944300658772782e-01
6.764311972584391430e-01
6.907260746869219314e-01
2.259822313610027888e-01
3.049687120087459236e-01
4.974084219710498411e-01
1.532731438004875379e-01
5.277976441371021732e-01
3.207653132635168713e-01
6.776091683769764895e-01
5.236809480108429726e-01
8.303139265096672883e-01
5.688417341501100788e-01
4.854810992775516754e-01
2.116366321209512957e-01
8.273754889092209408e-02
7.560394999348611922e-01
5.137048051757537870e-01
6.099196191240171538e-01
4.027655853718962176e-01
6.215121299840015157e-01
1.397905158003356352e-01
1.239194859751011762e-01
1.578506223430786726e-01
8.262843270735336088e-01
4.963531966202155421e-01
5.098564915148954269e-01
5.077678318874155605e-02
6.964117360421326342e-02
4.130720196705707781e-01
1.000227010600930194e-01
6.195298693149460245e-01
3.005321449314623528e-01
4.022977052553378119e-01
6.051325611335854893e-01
6.384057167717169801e-01
1.434030134768322362e-01
8.758854438046961843e-02
5.610816436393946116e-01
5.285820138130779000e-01
7.094834111301659973e-01
6.610979181664977666e-01
5.588728470333583775e-01
5.521831993110853931e-01
4.984758524141445490e-01
1.427031824925450720e-01
6.108518785808625395e-01
7.246979320880287956e-01
6.392602572433857544e-01
3.239221546031224586e-01
2.801047337134621174e-02
2.938419065033099908e-01
9.260805320683433706e-02
1.277221516903002951e-01
4.150375316397102443e-01
4.791523689085380733e-01
1.766479552807884990e-01
1.720103310907177274e-01
2.078400982868656155e-01
7.989317208327638697e-01
2.240533798465977333e-01
5.592691127006870211e-01
6.146257717383601937e-01
6.675230683661236286e-01
4.151469346252276704e-01
4.402868189892010786e-01
3.501486480252328781e-01
6.908787788300686794e-02
5.003864058481896082e-01
