cos_tilt_2
-8.091191666298570839e-02
-8.293091952337497963e-01
1.569477519771702856e-01
2.791615051028455141e-02
-8.608341974028151933e-01
8.719689374952398486e-01
-4.657804481750172920e-01
3.252228453852173407e-01
-1.696374343228198855e-01
-1.078735933808913083e-01
-6.818967785709849627e-01
3.157763770533456027e-01
3.782698270006933927e-01
-2.028306714100205910e-01
5.716174768929451616e-02
-1.965354022642716025e-01
1.101635045116145101e-01
1.311967205054899999e-01
3.012925422061031866e-01
-7.234520024537793859e-01
2.678366885201163283e-01
-1.981481238784444654e-01
9.106227983621284494e-01
4.492220828279532840e-01
7.962188172654129925e-01
8.849287256240776500e-01
4.551950560050556649e-01
-6.466946636114559999e-01
-7.675337369751217276e-01
3.665671712951764638e-01
9.885620963182930598e-01
4.972948783495150793e-01
1.407046555797942557e-02
-5.859839575917089594e-01
2.345051559118204454e-01
-1.840103097218726280e-01
-2.139805784050506088e-01
9.266397127746741624e-01
6.106090820196042879e-01
1.191563214637166024e-02
-2.094280076399585855e-01
-3.306631203040722999e-01
1.793592977103708741e-01
2.913071879962618183e-01
8.535847652122154905e-01
4.665569184683955317e-01
1.301802614255745116e-01
-6.734519527236469960e-01
-2.065617294066413034e-01
-3.983212293251913172e-01
-5.051124030257402309e-01
-5.574242201923689244e-01
-6.510605288832563842e-01
-7.641091996786522622e-02
8.546236849942879799e-01
-5.900837209948701645e-01
-2.162056245556715772e-01
-9.852457913048380256e-01
4.669839147061351226e-02
-4.577307341169755128e-01
-9.255747227203374450e-02
5.846439710854045568e-01
-3.163503766835128461e-01
1.731894261086590059e-01
-9.276144245959652146e-01
-1.661002462171486116e-01
9.599529426235957619e-01
-4.564841471517060989e-01
-3.162628726910179378e-01
9.716836908717456367e-02
7.726779985956046259e-02
6.029929843830877934e-01
-1.225904427767978144e-01
3.488253150719679563e-01
-6.821767664950313392e-01
-3.594570458355954012e-01
-5.597628702435196724e-01
7.649419964661280380e-01
-1.477319599489297364e-01
2.006120344005645206e-01
-8.187679356934804975e-01
-6.604388415648537736e-01
-8.333001136682350873e-01
4.255731972802285212e-01
7.684101685602806597e-02
4.350793097099011630e-01
-4.522514772943975192e-01
8.517398501977709868e-01
2.331666340237434354e-01
-2.699899960500612983e-01
5.181122026361763000e-01
5.815479868831527899e-01
5.102679583948841469e-01
3.573589804535149961e-01
9.404937684055743041e-01
-6.096677286548703167e-03
-2.951484031902257277e-01
-3.105211646844966422e-01
9.564071779123047845e-01
1.882057970877707986e-01
3.454752628632525857e-01
5.530204180657106727e-01
6.265139025205056500e-01
5.573463631150074038e-01
7.716854126403516201e-02
5.221029241303924984e-01
6.821959562557382561e-01
8.742964886546291670e-01
-1.023796696958059887e-01
7.169359052988066860e-02
-6.257033653645365234e-01
3.456281802907381073e-01
-8.976534400820030957e-01
8.416608066667105037e-01
-3.266202357762371111e-01
9.613962387223391470e-01
8.611990933408192328e-01
4.953500069801312633e-01
-6.484619643104819753e-01
-8.551718991888589139e-02
3.621584406501059394e-01
4.180883141224214228e-01
5.260148746943045239e-01
-6.938945206043242164e-01
2.257841145768662294e-01
-4.564546504208298328e-01
-3.843986760134319725e-01
4.897691204028181144e-01
6.368286901467870020e-01
2.995654038731263014e-01
6.581489185740836689e-02
-8.186410216810986462e-01
-3.723514190673220536e-01
6.940944610248629409e-01
3.735071466557580988e-02
-2.063268950170140947e-01
-1.907794350917666470e-01
-4.525567747504332661e-01
-1.879926181420855588e-02
-9.512131508887419207e-01
-2.152705717628628501e-01
-2.520221291028297908e-02
7.557199852296341280e-01
4.345150435491096919e-01
-1.256844864788070615e-01
-5.036798774608432228e-02
8.491696301023267113e-01
8.477226962749589978e-02
9.355645363828162253e-01
6.315991342200972802e-01
8.844258084835687761e-01
-2.553776231622524873e-01
2.579496149342996869e-01
5.545920189765465302e-01
7.770165955119129331e-01
5.288205769674674261e-01
-6.001427899040472358e-01
2.779965673469759757e-01
9.393224453262370988e-01
2.247527920866640994e-01
-8.039539926150056637e-01
-9.603808808777568595e-01
-3.146754161863770660e-01
6.790079593860608165e-02
3.008797844259407106e-01
-7.219720371345907939e-01
2.999731864577098728e-01
1.182980234316387269e-01
1.074521266106277240e-01
4.482626617569014649e-02
-3.119610033417563599e-01
-3.631526614618610926e-01
4.437566505608865342e-01
-2.217354929095449456e-01
4.998694014205352643e-01
8.329498597353274247e-01
-1.790032199175571603e-02
4.696363505651917625e-01
5.494989116154739284e-01
2.817512010698569602e-01
8.991157513035289428e-01
7.817941120326133975e-01
4.780417379274122802e-01
-7.036148047160960539e-01
3.999948414723284440e-01
9.852378041141135467e-01
4.644222987985859724e-02
-4.931421773746377246e-01
3.313455001071579087e-01
2.826151920577457677e-02
9.682603887506469054e-01
-8.843407776076951665e-02
-5.639614869875260172e-01
8.508411293880773218e-01
8.153431693324332541e-02
6.223612279483873300e-01
3.226619272877229716e-01
-1.805357371496779662e-01
5.485947591791963118e-01
1.125497198446876734e-01
2.627345933280548218e-01
8.653818829791449785e-01
-7.004075809452825485e-01
3.594707550041874589e-01
3.026112205040759617e-01
-4.809705598618534833e-02
4.375878104143371417e-01
2.071293370864246697e-01
2.614845455933311191e-01
3.193732790777523700e-01
6.672919862586520479e-01
-5.503055029394148256e-01
-4.928739081749087814e-01
6.469511922384899583e-01
-9.644256240496222876e-01
9.300750924701325362e-01
-1.395127911180309987e-01
-9.433999097029084624e-02
-9.022221952611497731e-01
-6.134869496056222227e-01
-8.130760282098125069e-01
7.049021025339936575e-01
-1.819268376244776164e-01
4.182940763231907111e-01
8.381490770813255775e-01
3.692821121610491142e-01
1.644010299335542380e-02
2.027280678323414853e-02
4.181927482069472228e-03
1.681617232641393067e-01
7.872586060659308993e-02
3.405376083337047222e-01
-7.576421986598010916e-01
-2.456286780356257970e-02
8.944904332445194894e-01
3.944729677684947200e-01
5.720007317590781737e-01
5.339634639997244969e-01
-4.397437010777950628e-02
-7.188713583905753657e-02
4.630550996292673860e-01
-7.731905275286563572e-01
7.711630464091331350e-01
-3.139461849577598884e-01
-6.316393490725830118e-01
6.993181855551087178e-01
4.767698763873270407e-01
-6.300722213668249472e-01
-7.913447553499249887e-01
6.176012136195644375e-01
5.672772710015751008e-01
6.631084624359001589e-01
9.062542801317320373e-01
7.324663211195738821e-01
-2.594617913706668763e-02
-9.166698659676247862e-01
-8.008902361327464581e-01
-1.732392269990350175e-01
7.169835694815530625e-01
6.317906248958998772e-02
-1.859951510544420317e-01
9.336677228783626381e-01
4.714844735322239466e-01
-2.225283759204439993e-01
9.513497982956957699e-01
5.581890877123818484e-01
-7.090592579594187650e-02
5.618653042402921294e-01
8.616697152813720395e-01
-8.490802805572714718e-01
-3.693240201840107817e-01
-2.576286202123683755e-01
-5.685861076458570418e-01
-1.733860411976586857e-01
-2.408116023439829667e-01
-3.406057576155572253e-01
-9.687330131376776787e-01
-6.677929299649123518e-01
-2.352584704684459460e-01
-7.897227372813603319e-01
-5.159285580960930595e-01
8.741589345081185458e-01
4.838984227188494192e-01
-5.212448031697360928e-01
5.720880899445351941e-01
-6.374869815550792129e-01
-5.041609348936242352e-01
1.267807638860324604e-01
-1.475775222228064010e-01
-8.537125331243862192e-01
6.968132078613686886e-01
-8.671836097774001662e-01
-5.343888403106596963e-01
-2.518941227772548280e-02
1.881295063348158714e-01
6.126343633489670371e-01
-4.096190111028289449e-01
5.408046156293134787e-01
6.246532062345321323e-01
9.635755945773433195e-01
5.338943800767428360e-01
-6.817374835239510267e-01
9.267354988075784394e-01
-4.474290364626914429e-01
-8.848166115688715916e-01
-3.409999871311165109e-01
-8.118708149724834788e-02
2.319801285489159759e-01
7.329481493382559165e-01
-3.464315184320013175e-01
-4.947222437236245551e-01
-1.554855827623425890e-01
-2.267226626915717080e-01
2.023198282104220549e-02
1.788226875702544350e-01
6.657621183496167383e-01
-3.663979805579293259e-01
-1.177864353235882205e-01
9.133218591721209423e-02
-7.836162957811027008e-01
4.331813327625586574e-01
3.438347531117322831e-01
-5.852768010360219486e-02
7.770026616846753553e-01
-4.791048283445054623e-01
8.153315468532517096e-01
2.891133814720479034e-01
3.106496234676293655e-01
-2.024462193045544756e-01
-2.813420857636838024e-01
2.789939366345656757e-01
3.212716653635639408e-01
4.680169089289881734e-02
-9.914367964361600061e-01
7.803337028137985465e-02
-3.865497884471131296e-01
8.287734424757382534e-01
1.258783495399942720e-01
-3.054344085237160611e-01
-7.429135127199682984e-03
-3.947540692225622871e-01
-2.494992547930749149e-01
6.070514661318341387e-01
-3.356214647266443918e-01
9.263548592859527364e-01
-5.288526717949247891e-01
-2.590117781536729891e-01
9.377114819341297869e-02
2.103977804817032046e-02
-6.467392618736805820e-01
4.067779103331670698e-01
7.619279176801019293e-01
5.007027075093523072e-01
4.845208135884581657e-01
2.691566632195536712e-01
-8.176201482895023576e-02
6.232564139544279902e-01
6.246211419761436012e-01
-9.154077779041696061e-01
9.448037791599566138e-01
9.704835521760304395e-01
7.671592092816031938e-01
1.042476606964427704e-01
6.563331164596659661e-01
-9.264652730835776229e-01
4.467813699658310794e-02
8.435378995145932993e-03
2.876906918803097679e-01
3.728235325765090757e-01
2.343519116106511369e-01
-8.700648832998014726e-01
4.951437359500145963e-01
-9.475925022668771902e-01
-6.624103628358105622e-01
-7.481420398462647059e-01
1.656715200731187776e-01
1.183283405820867024e-01
-5.976355528381301907e-01
6.963473778621710464e-01
1.878318411528268062e-01
3.616861213926104157e-01
3.752026724155096415e-01
1.620529211736177755e-01
4.464064891322753192e-01
-1.538275632818208449e-01
4.573378924137854185e-01
8.464369695920449521e-01
-7.011767741385138697e-02
-4.267463552742145616e-01
3.189866403678894846e-01
2.927402060193761146e-01
4.609957379806877698e-01
-2.215576550870884953e-01
-5.687728476316539217e-01
9.821232900429370805e-01
9.831285263800015883e-02
6.391867868871086156e-01
-2.206007408454352947e-01
5.061620516525898728e-01
-2.953709576820393590e-01
5.047853091609926235e-01
5.466588464858485041e-01
-3.603495582971376621e-01
2.511169707216705516e-01
-9.292231357827928084e-01
1.058590208298251512e-01
-6.515256188899443135e-01
-2.914349367399407531e-01
-2.823469864686825037e-01
5.071817486594222268e-01
8.007162076324717548e-01
6.180209289188022259e-01
-3.668085662356304066e-01
1.390734307726431418e-01
7.948975135425315752e-01
-3.532688464196703793e-01
-9.270320218622245534e-01
5.528184143206263911e-03
5.322545138609273696e-01
5.303825918740762146e-01
-6.153826612237925930e-01
-7.238903291854269506e-01
4.968167601768571640e-01
3.560371261609475702e-01
8.442123112374962934e-01
4.422081395639028134e-01
4.963603877521807761e-01
7.529825553368153512e-01
-2.804635163678858567e-01
8.771768296986653946e-02
8.645424989617933598e-01
2.570125561125265468e-01
-4.090047496792381110e-01
8.058088640338848530e-01
1.821786293230449605e-01
7.584160950846872973e-02
7.201985880753740688e-01
7.383274264444533719e-01
6.301241173167108911e-02
3.365982218213423027e-01
-8.409953856666815275e-01
-2.514615369919489529e-01
3.459481715083826403e-01
-2.964698248873630648e-01
6.028091350626032519e-01
7.098239886551209743e-01
1.282561016443116708e-01
-9.878578535105160263e-01
2.760406598846307791e-01
-6.385299435938690538e-01
7.570861801829892324e-02
2.675967220564398619e-01
1.782904527269115191e-01
3.631403639909713127e-02
7.379289209283056150e-02
-1.457373047558375469e-02
6.002506093604303983e-01
-4.107755144346573739e-01
-3.989442810327663569e-01
-4.022074770705598157e-01
-9.694766278802557924e-01
3.088564290198159701e-01
6.987674594197864630e-01
4.786088781852594343e-01
-9.546400051222482877e-03
-4.243923422042324978e-01
-1.068816219396976630e-01
8.320453119806116016e-01
-8.490162521704919252e-01
2.432240273271270847e-01
6.618537100793727701e-01
-5.525389417717407881e-01
1.562997517582193074e-01
4.530793769645553581e-01
-2.483571567188168350e-01
6.226079745952219913e-01
-2.118635353740233318e-01
7.872727337405707182e-01
-9.251259604556469895e-01
9.282197797880064050e-01
9.449067954239726008e-01
-7.287928265226735203e-01
-1.662507810077122894e-01
-3.014241649072230134e-01
-9.792308297986418442e-02
3.364925434696527939e-01
9.591090898082194061e-01
6.247236862651640577e-01
6.352530353826014720e-01
1.896341828241838723e-01
9.865090668817845243e-01
-8.787339668522217151e-01
1.248614662143564813e-01
1.427216284112959588e-01
-2.429821034015171577e-01
3.961901966920144957e-01
9.706039831717116692e-03
8.653999285278859421e-01
6.365913854370772729e-01
-5.038768977296518292e-01
5.193670207936379457e-01
-1.666752198136301488e-01
-2.861569930653072302e-01
1.181770556116143039e-01
-2.426715608429912407e-01
-6.633365949892637836e-01
-1.999251304907535831e-01
-2.492974411200734874e-01
1.789487833810014805e-01
7.230893711279403613e-01
6.174962974869744325e-01
-6.064089986057956683e-01
-1.529978389979420005e-02
1.230749672796892791e-01
-5.538992049093314218e-01
8.221384173989663147e-01
5.550974773204672141e-01
-9.783469352830592713e-01
4.528105403048842681e-01
9.259380930570773605e-02
-3.330591679720698028e-01
9.388972487838193048e-01
5.071107921625178649e-01
-7.390071464219924446e-02
5.728319947757372077e-01
7.488965797422281190e-01
-4.325481880081589736e-01
2.368908332097514197e-02
2.786661610475479889e-01
-2.296283185051388454e-01
-2.118976698778379242e-01
-4.651776975073573100e-02
-4.851224156589504788e-01
-5.719313076574875782e-02
7.496939352410562085e-01
-6.852071720322636672e-01
-2.526305896013268382e-01
8.708276651155356651e-01
3.801685848023183545e-01
-1.638178661104408851e-01
7.242698611555179466e-01
-1.641728222116207725e-01
7.869138771668032772e-03
6.309635988734088041e-01
3.856700245630284019e-01
2.509977225052004157e-01
-1.306524257688512769e-01
2.751755485914308963e-01
-4.628348090442633844e-01
7.869397038937560040e-01
3.967989568808077405e-01
3.020681531881405646e-01
-2.121911645415459902e-01
-2.685907242692242569e-01
-9.742563301818421007e-01
-9.063208776286801882e-03
5.607383358802315865e-01
7.261393862728263704e-01
6.299179985301088802e-01
4.308056975026950397e-01
5.742102729503936742e-02
-8.603487598623062171e-02
3.620570169561670437e-01
-1.080489639271806634e-01
2.032688543577324258e-01
1.481024904255785236e-02
8.363877277621851736e-01
6.497783257980194183e-01
-8.383372931222661251e-01
4.265241594709698880e-01
2.836555820516951654e-01
-4.162429654809672308e-01
7.638791576940963390e-02
3.172375048321734448e-01
-4.581576372162688426e-01
-3.925300342674375442e-01
1.730907090033302342e-01
-6.119062227920723379e-02
-9.255350244310722729e-01
-1.680540286707291331e-01
-2.301736560869122039e-01
-7.417168859202680764e-01
-1.399953958454725755e-01
9.387548186870803280e-01
9.008783991307182104e-01
5.238751598263829967e-01
-6.344085063480741082e-01
6.936497744397372989e-01
3.848432538673621228e-01
7.154831819087112965e-01
6.463931691691734427e-01
9.991711027268747047e-01
-4.854507450808041857e-02
2.706845771532897515e-01
8.768302513439948376e-01
8.486361485864353238e-01
-2.898740692106281935e-01
-9.945909303434388171e-01
3.103656856642402206e-01
1.890864675901414993e-01
9.577311577902983819e-01
-5.261355480037454013e-01
5.966984603358619355e-01
2.316961556993788474e-01
6.359884581828735284e-01
4.587870220844554869e-01
-3.374856397443072309e-01
2.272201179393235904e-01
5.931342866996643926e-01
9.073086285624745381e-03
6.236614717941804109e-01
4.185597542004472760e-01
-6.505774025853718889e-01
4.342685987007341430e-01
7.883184752832727016e-01
8.624911383790043740e-01
8.412169161290258268e-01
3.847982201456182083e-01
-2.123968467531205384e-01
-5.678853344494764199e-01
-1.725593526732348282e-01
-4.284218919131874831e-02
9.549860666187951486e-01
3.063424387620895528e-01
7.778868445007427468e-01
8.393319415050104482e-01
3.820032290193304259e-01
5.255614533150413381e-01
2.355262129536472848e-01
-1.892713288174458219e-01
-6.342804544754401253e-01
-8.493038896012558014e-01
1.728681084655904754e-01
1.539972172642309900e-01
-5.199284475495153934e-01
-9.821012222924886403e-01
4.741658755661009028e-01
-3.443495460441821088e-01
8.239417558355008886e-01
-1.404126961788537131e-01
-1.289782839543310577e-01
9.659937509050289250e-01
2.399447844908632332e-02
-8.233266254554515440e-01
6.436909402214242570e-01
3.778723673507085046e-01
4.972335132222772680e-01
4.336881505446315566e-01
-5.464966441414020187e-02
-8.914309168854235299e-01
-9.839234596674635569e-02
-8.973064624031587000e-01
8.350041394013163476e-01
-6.396313531259376628e-01
8.572487697210052771e-01
-4.349360249722667576e-02
7.315189550135605678e-01
1.312910220221992774e-01
3.266496852862612044e-01
8.479228351203895730e-01
4.382170477384337293e-01
9.901985767093863799e-01
-3.241610034345108193e-01
6.585283183689821795e-01
1.689381228887168740e-01
3.558394328858627831e-01
-4.943779160036009257e-01
-8.552944190621419862e-01
-1.098646688001676114e-01
-6.100519870171902115e-01
-6.844552879484135099e-02
3.244002698223577563e-02
8.452263249991832650e-01
1.385228401050400404e-01
-1.528968324718917304e-01
4.474535279861781012e-01
6.252100299660630078e-01
4.474288009390755549e-01
8.405135432805155293e-01
-4.938242198101949199e-01
-4.493462120621499745e-01
-5.199454902425263425e-01
-8.947536051921261002e-01
7.807862550564056425e-01
7.378775459781951318e-02
5.145924698170291078e-01
-9.602707738728616382e-01
3.336813678772687641e-01
5.529214840260706643e-01
4.465997772434240898e-01
2.692085898520364950e-01
3.903855326132644188e-01
2.525096160859220951e-01
-5.693134104255391792e-01
-2.635518268264617769e-01
-5.129799993691538246e-02
7.964550731999822109e-01
8.945061260224537181e-01
-4.794230978056691628e-01
-8.141440795720694679e-01
-5.622068790892755796e-01
-7.755448117147553666e-02
9.534831980662202000e-02
-9.220272002528906441e-01
5.868026920480804431e-01
2.312418304243086253e-01
-3.400144629132373364e-01
-1.018676896201257259e-01
7.961314725881655230e-01
-3.788281129255433033e-01
5.727137400252565458e-01
2.504288383000038420e-01
8.040395901147159852e-02
-1.584711475150722693e-02
8.240650673157788875e-01
-4.548004547353237670e-02
4.384725136433358927e-01
4.424599344157149616e-01
3.352285949364078865e-01
-1.829450866444779500e-01
6.615245804455863743e-01
-4.829868592970177343e-01
-4.687806885835342774e-01
3.942044395191338646e-01
6.220565547126132022e-02
-2.000951898289188985e-02
-8.523314984588463428e-02
5.197338108741296203e-01
-3.422827282967363383e-01
-1.520727011786576488e-01
-4.101541897774718670e-01
-4.181244033311533048e-01
-6.040522128310422678e-01
-2.837346120297129515e-01
2.931749869099458672e-01
4.731883317985063342e-01
2.159413351903780864e-01
2.471491156744023976e-01
-9.056306259181207130e-01
4.121413196957835479e-01
1.229762814316927855e-01
-1.210124124756815356e-01
3.004796226646252455e-01
-7.132226401861646581e-01
-7.574574506689023545e-01
7.024758816553638985e-01
9.430922789200685274e-01
-2.324387586439745634e-01
2.547215933820258238e-01
5.755278250014257413e-01
2.333518832303015933e-01
4.686839039598575396e-01
-2.372188296233646299e-01
-1.767650047453552808e-01
-1.310238152640031406e-01
3.864091508267148978e-01
-1.681698888453416196e-01
1.567486090450218028e-01
-9.209601698351664589e-02
2.014371451348693012e-02
5.847002334229984832e-01
-9.135042102427221034e-01
6.920676308992406156e-01
-3.578211322115267268e-01
1.871451350940455949e-01
1.263804159180445877e-02
-5.705761747266828721e-01
5.985585509264718107e-01
1.695331867555638916e-01
6.040716178709801959e-02
2.992940117703111746e-01
5.554953702617951850e-01
3.250341504534258741e-01
-8.610281732752984585e-01
-1.331079344196186565e-01
-3.863119097571251492e-01
9.042247683848438911e-01
9.831507132547344652e-01
-7.978358925161781467e-01
-6.102968358571300156e-01
-7.544318314127208547e-01
-3.260100013490987991e-01
1.443919124051093461e-01
1.839943880941593418e-02
2.794459301099055382e-01
3.779288517297421657e-01
7.360618313605011842e-01
4.506396540672801265e-01
-9.064047097111457840e-02
8.284296351235422851e-01
-8.131813081421553902e-01
-6.539312606887762724e-01
-1.307213455230128440e-01
-4.119475026815779262e-01
2.792741224868544592e-01
-6.019076583736864272e-01
-4.808399148614293517e-01
9.850269152785970928e-01
7.027531684438109716e-01
1.728084148210969062e-02
2.569489291647111262e-01
-5.048112439657544970e-01
8.998736676511321919e-01
-5.426777055318111609e-01
1.636691986218994643e-01
1.454427307411112202e-01
7.409645182205536473e-01
-2.575663742320676297e-01
7.046773469270879442e-01
-1.408850722404757783e-01
-7.592857656108915609e-01
4.229685298928973491e-01
-7.575384619501277506e-01
-3.781824450884879035e-02
-3.389159937126261513e-01
3.881667329287266099e-01
-6.991813208372474886e-01
-6.504506965113185935e-01
2.027698866380117093e-01
7.650397855819673909e-01
-1.011530477995814942e-01
8.098702024474118133e-01
-3.657249304627598896e-01
9.086315476596313889e-01
4.386279940495235730e-01
7.198556766032292165e-02
-5.007857104068440535e-01
5.740649523906846685e-01
-9.420093662733490802e-01
1.146810885863445845e-01
5.476547808793742478e-01
3.433279127162219280e-01
5.166262527131122440e-01
9.971591784881640441e-01
4.821761182300041693e-01
-5.282245431625205434e-01
-5.395527644615368823e-01
2.185603730105848408e-01
2.338176075655662434e-01
-3.197562405060814239e-01
8.587048596254969191e-01
-7.881292492333291655e-01
7.016008589205131596e-01
-1.999714197971680721e-02
1.541054690720908560e-01
3.637351361848326081e-01
-3.126692861381576427e-01
2.672214708989204546e-01
-3.125640308627977704e-01
4.701158893451878873e-01
-4.068922343812889086e-01
-4.367136316995964829e-01
4.338492976244818222e-01
8.943078449066781122e-02
-8.582062634520472022e-01
7.715752760642025088e-01
-3.967177682931823934e-01
-8.812321053278959759e-01
3.325546696842613392e-01
6.101980996404458152e-02
6.719406626722490561e-01
4.567003723120481307e-01
8.473014475994072869e-01
9.800633912507005219e-01
7.261847680818601658e-01
-7.195522489874381922e-01
4.153316118842766413e-01
-1.184414862904454302e-01
8.140291916136510597e-01
-4.832126825689870425e-02
2.874690795303489269e-02
8.674355806561309112e-01
9.462985638692304052e-03
-6.042552930036309000e-01
-1.910896839381316936e-01
7.678739274246064450e-02
8.768574607834560553e-01
-7.157339148936123774e-01
6.538796226911951504e-01
-4.401908823826931605e-01
6.643576867230573946e-01
9.519767497978354198e-01
7.124894981678947525e-01
-1.638061465004512496e-01
-5.583596632257998849e-01
7.906461674966477338e-01
-1.209414511620120619e-01
-9.075265552645634948e-01
-9.524081122508544495e-02
7.571381760542563732e-01
2.138052373469665479e-01
4.644045335181920531e-01
1.658578590839188405e-01
4.998095997286795544e-01
8.510318915680278318e-01
6.643373409573311017e-02
8.477764178406170803e-01
-4.703398371404104439e-01
6.337241667804734968e-01
8.143238796422697101e-01
-9.589739131761880475e-02
2.108322145277874982e-01
9.876591474260711934e-01
7.192820694055980235e-01
-4.342791643542466273e-01
-5.353426521164649232e-01
3.095561006023710426e-01
3.553666715110228580e-01
8.740195672372299551e-01
-1.823951859107225404e-01
-3.007414358143681299e-01
4.767804256405805408e-02
5.817764502882696309e-01
1.038711018630974203e-01
6.404997818557529865e-02
4.734317791591464153e-01
-4.662766757146757923e-01
8.152490243386968372e-01
1.450140228330112080e-01
-1.211488777091171837e-01
7.458726032418414587e-01
-5.916735064196512184e-01
-6.333818241835519336e-01
4.255788842798994831e-01
6.448517824562639555e-01
5.595351145534522841e-01
7.407996997664801908e-01
-9.046550795306849968e-02
9.297964195176725566e-01
-7.557513067924108707e-01
5.579335241603886608e-01
5.641003295733034717e-01
6.422550559022452976e-01
8.648121763489320379e-01
-9.430220999097143064e-01
-8.638046311762693774e-01
2.694995146355495530e-01
-2.364903991472756817e-01
3.303819592382194886e-02
2.885701919056056775e-01
6.477634165186827442e-01
4.255070830698726714e-01
4.278047610363362036e-02
-1.156791630609262517e-01
2.254239412430853948e-02
6.486989735750890995e-01
3.159791171290657896e-01
3.968199888998168445e-01
5.789672881395362125e-02
-2.305725072428023437e-01
8.321186962857493041e-01
7.825076964194342954e-01
2.564360831899750170e-01
8.336459862971325185e-02
2.775293601608223026e-01
-8.414453469248693862e-01
4.000897674528004488e-01
-9.815267378590220027e-02
-4.738356282217952020e-01
-2.595384748729315239e-01
9.940335561112327856e-01
-9.032527433072132239e-02
-2.220868032056292907e-01
-2.285713689803090531e-01
3.593901902254402203e-01
-8.342674783992396481e-01
-7.808207256024944642e-02
-9.585344088247380046e-02
-8.881023733013873045e-01
3.387838053322239640e-01
-4.935039355771498326e-01
3.994998115401395822e-01
7.537231662556741485e-01
3.320579823085059723e-01
3.496253101536032915e-02
4.392042114176025747e-01
-4.545665436366022050e-01
2.263394813346910062e-01
-4.904093227694231172e-01
3.253279198392890481e-01
9.836120346077080467e-02
4.194001205121640763e-01
-9.324511771279552219e-01
6.811543398899208013e-01
2.917942534143875832e-01
-3.201247552435945720e-01
-9.679219124596447621e-01
3.518925279787510907e-01
9.448637516858509056e-01
8.937055295105732489e-01
-3.324614823179832812e-01
-7.376413157434729140e-01
8.414523554586389106e-03
9.367606412704856389e-01
-3.340487944920726981e-01
4.572321249330086324e-01
-4.751147205886777081e-02
-2.313738493836339227e-01
1.064540310523345579e-01
-9.914026154953436976e-01
-1.386491887647477439e-01
7.275401182516383347e-01
3.734334076750407405e-01
5.413895979544716131e-01
3.482943628334221886e-01
-7.377515746549313524e-01
-4.306570713648128490e-01
1.837893389547582690e-01
-1.976245795942056793e-02
2.953720490597983583e-01
-8.134602669857906587e-01
1.102155028871708298e-01
-2.191592984901971075e-01
4.527920164246309609e-01
2.089822287291536740e-01
5.836193957990030157e-01
2.982589750065858802e-01
-1.279859040848024820e-01
1.744137864812073946e-01
2.260829877205218497e-01
-8.782426240800933481e-01
2.507008494180676395e-01
-9.651226629354084374e-02
-2.109702884139857404e-01
5.638474993680860914e-01
-2.350867336600738766e-01
4.424486709551726515e-01
-6.045835793912910372e-01
3.576347313640408643e-02
4.214098269288940601e-01
-5.974071262916873515e-01
4.549422932727191227e-01
4.080397686332469798e-01
-9.123747154228318834e-01
8.216214065828235380e-02
-1.232021913373422713e-02
-3.970129624212347386e-01
3.185186617774404816e-01
1.228288333196292659e-01
2.556273039122641255e-01
2.821412858739211216e-01
-4.868652411196303098e-01
-4.721746235166641714e-01
1.378555734388026977e-01
3.832957550402199542e-01
-8.262578071291093451e-01
1.741591978292522935e-01
-9.065969231599444456e-01
-8.337735573695463920e-01
3.884237719361531282e-01
6.756623138967235431e-02
-6.937139926356451491e-01
3.901069339154738386e-02
4.062042343204140815e-01
-2.291508840400330038e-01
-5.836679378552153685e-02
1.003590234321944663e-01
-4.674894551812049381e-01
3.110617287565370925e-01
3.104702460203315542e-02
8.062869046166902531e-02
5.262137348474858756e-02
4.616867250865887007e-01
6.733008591681037824e-01
-3.530136426654246762e-01
-1.322862015268021774e-01
-1.815746694494282942e-01
5.626084595761185990e-03
2.125360234647056812e-01
2.411908811440430234e-02
-9.364074340662223994e-01
-1.907348338284924616e-01
-9.216718342710721323e-01
4.703179788448865750e-01
-2.405999804889506766e-01
-2.301519413994410068e-02
-2.076600774139130134e-01
-8.251611641675808961e-01
4.045940731239785482e-01
-3.713473159654678835e-01
-2.254180539035591235e-01
2.570771971995409189e-01
2.329667127293569284e-02
-3.664730062445367698e-01
-1.011321565995026983e-02
-1.917924291726722241e-01
2.701551016451183562e-01
-7.774810068887201275e-01
9.268795122867572456e-01
-5.753601275190320732e-03
8.758576092546319636e-01
-3.906011901507362438e-01
3.683114438633871002e-01
-2.770598578573432724e-01
1.482701421809017595e-01
4.917861671564098258e-01
6.086231445452755517e-01
1.383645244933484064e-01
9.107211611673435847e-01
6.182778553066095029e-01
8.843629566568467215e-02
1.314420893108157185e-01
-6.436488437411882479e-01
-9.502609549063333327e-01
4.679616882691738922e-01
4.365497366066522500e-01
4.548730415088597101e-01
1.176737930512588952e-02
-2.031423331074401206e-01
5.287799641103325676e-01
7.503648866912957516e-01
4.488986248151071723e-01
-7.287458418446737252e-01
6.195165800852771021e-01
-2.372713001467146032e-01
-5.327436741302631340e-01
1.009839268169383519e-01
-7.207786471559316510e-01
5.635515450753282585e-02
2.059485243431151413e-01
-1.750394147707795833e-01
-2.905574268653018932e-01
-7.246861614200205137e-01
-4.817988815652691770e-01
3.862770095674317727e-01
3.427673851239479985e-01
8.800061342499997108e-02
-7.208522672628389083e-01
-5.777748420559276621e-01
-7.647794277744437430e-01
9.844438177378774801e-01
-4.047385679198182706e-01
7.577984267945385710e-01
-5.565006344535325944e-01
9.063418843621227905e-02
4.141578888253119595e-01
-6.071335881435129256e-01
9.960623535747174795e-02
7.816266487851676326e-01
-5.811603102332239812e-02
3.385168029072823104e-01
2.837272625095074163e-01
2.213947061761445678e-01
1.202892993990026110e-01
4.744697093311298769e-02
6.393253726909989831e-01
4.636005258209879298e-01
9.576654192000351173e-01
-8.577968610241398784e-01
9.884132897862690781e-02
-2.011368315367273729e-01
8.497796618605604202e-01
-9.307955403037500297e-02
-9.490859139613381235e-01
4.382175493699517199e-01
-9.024889250157444032e-01
-2.768423039566114685e-01
-8.459394678958535030e-01
9.322722250098778307e-01
5.919742321300697219e-01
7.463299241379687254e-01
-6.724350999016863728e-01
-1.230792365540477606e-01
6.551920653846231568e-01
1.854062629004863128e-01
8.640945098955604697e-02
8.617375699074504292e-01
2.740253948748936907e-01
5.656045315700904963e-01
3.744515284946902667e-01
-8.382411112958028099e-01
4.555845818984785578e-01
-1.200246940056117761e-01
-3.869985309272628848e-01
8.126666879892010531e-01
-8.781255877661611198e-01
7.223426180341354641e-01
6.413129107826321951e-01
-9.818798712709261300e-01
7.621481738221006497e-01
4.759450404486275099e-01
8.610836927245800743e-01
7.159260734115679981e-01
9.331833730795006943e-02
-5.966278222706189460e-01
-1.260740414534432252e-01
8.770700190153349896e-01
8.391317628381612659e-01
-9.722849090789896787e-01
-3.256366590147563578e-01
-1.481265037471580781e-01
3.138964802543385280e-01
-5.183707051676352817e-01
-8.366311559983369284e-01
-2.282813439370939834e-01
-7.188347942229337262e-01
7.785625634655468641e-01
5.243766262430547831e-02
-4.869117631688583969e-02
-3.167263442914158289e-01
1.562332516362376633e-01
4.687420633663219594e-01
2.669487677402435089e-01
8.471836987638552419e-01
1.192528824248239583e-01
-6.966718031707035408e-01
8.634234791943001808e-01
-4.730906543730837854e-01
-5.700524673065558989e-01
5.282520684282303591e-01
2.955852823726834097e-02
-9.275659255745395404e-01
-1.094652794052754091e-01
5.542467049328547724e-01
9.345976021263681099e-01
-1.768846066144353635e-01
-7.031703395104624832e-01
8.794666693346183672e-01
5.628673075041186191e-01
5.361394934309142712e-01
-3.400726393570957518e-01
-5.252468959739240439e-01
-2.623568325901396991e-01
2.787911654962844654e-01
4.993653210955814603e-01
2.663332735335795509e-01
-7.026347169201340170e-01
-6.278037632572350812e-01
-4.334312157857639902e-01
-6.970902620157658491e-01
4.972232096792967848e-01
1.441030419755512659e-01
3.222164764669958603e-01
8.538847288037711980e-01
7.818691452960322419e-01
3.489204371984030995e-01
-9.285863031103049892e-01
8.288605296034392556e-01
-6.783986942964360667e-01
-2.756292209791952885e-01
7.008288657527113052e-01
-1.045201458342843309e-01
8.447510133969304835e-01
-5.342565543772057057e-02
4.286274218774031031e-01
-8.155300910918217294e-01
5.193979406136279842e-01
-4.113372161215368417e-01
7.801873033606022689e-01
8.193493239929022787e-01
1.437715714211967866e-01
-6.500608822265190323e-01
9.949486303678479748e-01
6.448826262533345899e-01
5.302316867625282981e-01
4.792692146162740308e-01
1.576742383478844933e-01
3.859597260689304199e-01
-5.159629128290567079e-01
6.799063307376432830e-01
2.798661697056998854e-01
-3.183184810394182329e-01
3.937398433119030927e-01
-2.054032539568274862e-01
-3.110327226960664104e-01
-3.414507411551089000e-02
4.296112363637361042e-01
4.609868103529167760e-01
-9.680783057712041284e-01
-8.605767692688878201e-01
4.119765081664661932e-01
4.719820315697340063e-01
1.756554468214572284e-01
8.654665272284205457e-01
-1.131723943520731579e-01
7.047787156982610046e-01
2.208645548779349377e-01
-1.970109673953282514e-01
4.233490370305511424e-02
1.949300848620075244e-01
3.529176173477209799e-01
7.855076922976407250e-01
-1.919262000892063280e-01
3.507726645555350742e-01
3.109405395749815226e-01
-5.000780025714109955e-01
5.914508988597803052e-01
-6.868240240262816210e-01
-6.378495704203903660e-01
-8.171725247695026395e-01
-2.746502972904102391e-01
-3.386644900749934961e-01
7.702729960702575651e-01
2.609179065156372324e-01
4.729361500668939344e-01
2.294925826114349587e-02
5.153800666198845581e-01
-7.344554926524597960e-01
1.658379428113554710e-01
-3.944329627772381608e-01
-1.772830385667668873e-01
-4.825496005494811502e-01
-3.059900210225249828e-01
-6.282096493473252607e-01
1.642591355458909372e-03
-2.804770367799490072e-01
8.733409639913961575e-01
3.403427201333769081e-01
-4.194944187079656661e-01
-1.988788198830306053e-01
-5.783416184398909587e-01
3.503195825479459291e-01
-7.238289550663525862e-01
5.666052679274207193e-01
-1.621183803100954557e-01
4.980979264312874744e-01
-1.568135808707025736e-01
-3.701342022961565115e-01
1.700894127232535913e-01
4.266035004973197653e-01
-8.361669793223550640e-01
-6.369799349072661210e-01
8.855884724331782865e-01
2.230904219216779949e-01
-6.306344041531708466e-01
5.064530270158010827e-01
1.007511009888701209e-01
1.366708969922282857e-01
-6.263110144667903834e-01
2.039710737272652785e-02
-6.016583291599115757e-01
-3.859491954268592928e-01
-4.805002569816879676e-01
2.935730692376724571e-01
2.913737882642022936e-01
6.245353437359032478e-01
-7.039390444415973835e-01
-8.223018994080114608e-01
7.879180957997614643e-01
9.284964395714285779e-01
9.080814078906744857e-01
5.914082898659268617e-01
6.832954694899535664e-01
-8.372891453692845598e-01
-8.346709917276080581e-01
6.258729659392664457e-01
2.849715241836143220e-01
6.080582726445393771e-01
-9.978044725323799158e-01
-9.898108813336892187e-02
-7.832426064367247198e-01
9.816218993046750274e-01
-9.067288487704209254e-01
-4.110020138781546595e-01
-2.462824178875581416e-01
4.641356034101327133e-01
3.675557386237393587e-01
-9.015818015419381493e-02
4.535101057632656696e-01
9.134097880450204876e-01
-2.852345679964553571e-01
8.353759600206791536e-01
-7.127367291218895673e-01
-5.977411654775984795e-01
8.166473795574560324e-01
9.674391696725467837e-02
-9.534367364081797191e-01
1.035043803684812663e-01
1.405573009351445968e-01
7.266517819712545734e-01
6.465185799879636930e-01
-8.008798003144795841e-01
8.121223144237585956e-01
9.547665831200488062e-01
8.606448437301433829e-01
6.406592438551478308e-01
-9.942233106282118149e-02
3.059300513795408238e-01
7.241573960762131001e-01
9.241140318644702756e-01
4.065349441172204092e-01
4.202710002978711779e-01
-7.213527694096436571e-01
-2.094323118266146894e-02
6.183829115091945584e-03
5.231182028534278050e-01
2.323887787814531980e-01
-1.360647018785213214e-01
-5.046893389565116905e-01
2.854694800748985850e-01
5.533608483460099592e-01
9.704032466347645158e-01
-8.822111429097588831e-01
-5.500246251563460920e-01
-1.452073342055426874e-01
5.339683218835705736e-01
-8.012266068888742598e-01
8.544305794647365504e-01
5.838266016018368587e-01
-9.982535784412734925e-01
-4.627688062384038292e-01
4.115224099605104269e-01
7.214440338167255051e-01
-3.248549626713568284e-01
2.760026040253881763e-01
2.581190052725670370e-01
9.546733273756178306e-01
4.390646114635692321e-01
-6.763131749880830768e-01
8.851513915803260746e-01
2.715627214645758847e-01
8.570319907593224595e-01
6.931645530259795684e-01
-9.271433406474834937e-01
-5.895357912059756567e-01
1.371515224148891210e-01
-3.310536366954315302e-01
9.859813425224491779e-01
-5.759777420759935040e-01
3.596225437027337213e-01
3.754371295489902782e-01
4.057498475765631274e-01
-5.032331004953344289e-01
3.988124145027271417e-01
4.153589995179851058e-01
-2.655832534710989012e-01
8.608433049056907205e-01
5.522189869741449542e-01
-2.787288169587311126e-02
3.714007503613622752e-01
-1.657753406745976210e-01
-5.357187982293672990e-01
6.942884935537179114e-01
4.911213524710809075e-01
7.705051268685267907e-01
-6.402362272755912631e-02
8.560304294039692286e-01
2.791159064698585379e-02
-1.012648774665049489e-01
6.685137228834022727e-01
-9.195638137732393691e-01
-9.174090854427647823e-01
-8.979816087560718030e-01
-4.952730664873293831e-01
2.213374097452648903e-01
-5.006796409856650865e-01
5.341881635655385541e-01
6.691481066337608974e-01
-7.302891812403325966e-01
-2.871263121975579646e-01
-1.359880762701907164e-01
1.028422136296913425e-01
3.653055335536723458e-01
-8.073134240109055559e-01
-5.197732173733558003e-01
7.119428152170225177e-01
1.326829265613942710e-01
6.953939400024649053e-01
1.065495891513629362e-01
8.763300569375701565e-01
-8.010522282302201535e-01
-7.906410986961075471e-01
-1.842367215672660874e-01
-6.382160222496262580e-01
-3.025019925962840195e-01
8.191094512626703183e-01
4.756691172912340670e-01
9.260781160828712721e-01
-5.404345473882345985e-01
-1.436998651703383367e-01
-3.059865863083786053e-01
-5.225338629977277494e-01
-1.333589661397866499e-01
7.228904311618968848e-01
-7.177926595905350649e-01
6.286654727403750975e-03
-5.948801587143160985e-01
5.422989515170371089e-01
-7.174130075764992842e-01
1.461275074550740238e-01
-2.142525354164591389e-02
8.240967318712290046e-01
4.129964713376965135e-01
6.838831136953700263e-01
4.996518258344703756e-01
2.969864926349453319e-03
6.816884182781801464e-03
-8.791098457959146684e-01
6.010799878057798695e-01
2.082286414283259224e-01
-1.684210379250129230e-01
2.018690380741895718e-01
-6.728226323481727444e-01
-2.551426459995390496e-04
-3.672354451781080220e-01
9.351090353427301549e-01
3.140816229713163099e-01
-6.519150012493892810e-01
2.165741925212281982e-01
7.045262851286364647e-01
3.331574109341574608e-01
2.631983869639521467e-01
-9.463911281511240281e-01
7.654088409273885896e-01
-2.479740911593450725e-01
7.342983013251184188e-01
-6.876115813663052911e-01
6.916392430919025003e-01
-6.376751969099172523e-01
1.304525294173627392e-01
-9.178856017684658974e-01
6.330328629283837882e-02
-3.721711941547558022e-01
6.300185691331524618e-01
-9.039209634998139897e-01
-9.406773306444187188e-01
6.686612588273573854e-01
-9.253357234273852372e-01
2.410237093345387327e-01
-6.951817271115033892e-01
-4.754981646570424075e-02
-2.667826737906637408e-02
6.474528036343769610e-01
-9.722109324120071783e-01
-1.492763331683561179e-01
2.958833208537192117e-01
9.782633482292952820e-01
-1.729362629431553111e-01
8.291282434544912094e-01
-2.332621382451499914e-01
1.391218026852845402e-01
7.633399652659975665e-01
-2.359194997099526292e-01
1.505018346152665609e-01
-8.354259392424231434e-01
8.657401157930195712e-01
-3.037235773138728390e-01
2.587620348881740640e-01
8.831612580564916770e-02
5.180210637546032171e-01
5.458987147306000320e-01
-1.524866245432765499e-01
-3.423499149800577485e-02
-3.232225493451816312e-01
5.521819379130238348e-01
-5.127518179431770351e-01
-6.834370310150611472e-01
-7.920283741402757149e-01
6.087485547635377303e-01
3.852658665294517726e-01
4.422705083590914299e-01
4.691346389104243397e-01
5.550731208644698045e-01
6.687097522938286742e-01
-7.906400264289700774e-02
-3.431401728325954581e-01
8.828905447532765516e-01
7.912688715954593333e-01
-2.861589656755815225e-01
-6.046572980100177741e-01
-2.218535733214153927e-01
2.086320341606362136e-03
3.007529634017516162e-01
3.061344630231450092e-01
4.337336182021658271e-01
4.786402120835651641e-01
-5.103621199410153242e-01
-8.851852985695185527e-01
-2.314201249665101545e-01
-4.746260190714648997e-01
-7.774939139841573477e-01
-2.471652985552894033e-01
2.881695442378081062e-01
2.539824292007152318e-01
-2.002290151817951239e-02
6.211811492704659710e-01
9.718850582100435620e-01
6.694537743004406183e-01
9.589692904169105914e-01
3.167782152626698045e-01
-5.497043491387371139e-02
1.597830004185036845e-01
1.918800550791094350e-01
4.127798367156844395e-02
-8.640339851191896070e-01
5.160409674805368496e-01
8.062411292277099628e-01
-8.590096584534251400e-01
-4.782572617174784546e-01
-3.073937329788499762e-01
-6.922505846004091135e-01
9.343171445639781858e-01
9.072776979371155459e-01
-1.090585818870946494e-01
8.585258427072142151e-01
-9.884827743008325340e-01
-1.079029465769273770e-02
6.545073831308146906e-01
7.031576343379627447e-01
-8.752132442353646180e-01
-8.314827525539444375e-01
6.766641321963404732e-01
1.568484883713475719e-01
-5.348570504504076562e-01
-1.157803487779660162e-01
2.423779270699490951e-01
-9.407398194260792046e-01
2.434611494148306576e-01
9.491460916538905224e-01
-3.032535095347547172e-01
-5.807409873304814063e-01
2.437943593230763595e-01
-2.728416551885870164e-02
-7.984795763406111746e-01
-4.630539916974057979e-01
-3.709735371528795622e-01
4.447636448235209872e-01
4.643770948459855497e-01
-5.263146055415680591e-01
-1.039215621402480166e-01
5.738233649706910855e-01
9.718298780429880379e-01
-9.064340029528135112e-01
8.253501430025064201e-01
3.447498069149502742e-01
5.719635834515596207e-01
-6.894900808735608955e-01
-1.761162912509963430e-01
3.844672168058694828e-01
3.467565261432113966e-01
-5.737842078904806797e-01
-1.264090912511799114e-01
2.245692482956003835e-02
-1.331246903326279707e-01
6.817321022630332683e-01
-5.508367859489274876e-01
4.642765809299256863e-01
-7.872691355704132254e-01
1.312908290676607637e-01
9.449137138347168952e-01
-7.499758003627551295e-01
-6.514087098999221670e-01
-6.525870503986758164e-01
9.946137963246943769e-01
-6.332342983534220426e-01
-1.315730014302463891e-01
4.997554506007139130e-01
7.590904022550212238e-01
-6.662262466394558436e-01
5.648636204038223196e-01
-3.470985601326164738e-01
-1.077465215176977853e-01
-1.583328781839523150e-02
-7.151483178861819390e-01
3.050268478127953209e-01
8.585968456982612240e-01
7.255702534857332298e-01
-1.780931758415550681e-01
7.828160550524539962e-01
9.534483408619872161e-03
7.438419115152457017e-01
-7.021255688070988932e-02
8.288844487576526587e-01
4.815075184654155072e-01
9.419839179484221781e-01
-2.497111520683135688e-01
2.717928100789393162e-02
9.747721058952864004e-01
-7.059044084251969720e-01
4.208829029575555936e-01
-6.910876227638281799e-01
2.439021840700896782e-01
1.664712285345893439e-01
1.423213886279224016e-01
4.038555064090397217e-01
-2.920313036824363339e-03
-5.581368815261695815e-01
1.330161940950835009e-01
6.689960137999401146e-02
-4.428243133962405653e-01
3.694814876547740656e-01
4.036453912215879902e-01
2.601031308351536286e-01
-6.998737131179361137e-01
9.507936452369064595e-01
-3.322196682105188655e-03
-3.748355243569903017e-01
5.369175997733282024e-01
3.179070686416979319e-01
2.260764845805979806e-01
-9.107573045202539685e-02
-8.126924446065068031e-01
5.230790773926772413e-02
-2.991281134206684733e-01
-7.976924571160712851e-01
1.333007302294395846e-01
7.729692032322550699e-02
9.266844642157719969e-01
-2.905321656241661166e-01
-3.136758065522057271e-01
6.069658711862432332e-01
-7.235125488871528843e-01
2.364543868155515594e-01
-6.458094443655303107e-02
6.899888609200935941e-01
-6.085422362914889582e-01
1.154365443394352458e-01
5.223159676807429541e-01
4.629824528962391272e-01
7.028146981530403181e-01
3.231910399471499828e-01
3.007177284282371021e-02
5.828823777568422626e-01
2.354829377560796744e-01
-2.104490876052056703e-01
6.445317284340055242e-01
6.869766811577753263e-01
-8.610203384670106486e-01
5.462686890646113458e-01
-2.806617763304122826e-01
1.719787600434841135e-01
-6.846758202791492463e-03
2.794346332537145025e-02
7.452810640856718516e-01
2.872837888956461527e-01
1.740419876236956251e-02
9.916201940139006688e-01
-9.021617058584275872e-01
4.835753014483230028e-01
9.282668623403235175e-01
-4.975925416711435290e-01
3.654843415351977653e-01
-3.185147217686887244e-01
-5.804291828916916529e-01
-9.871526945283529697e-01
9.082994600778631078e-01
-5.180156132318965989e-01
-9.584064585077862741e-01
2.989586623928994213e-01
7.950060291000732304e-01
7.908188543912533230e-01
8.209766420065658377e-01
-7.709016788047510227e-01
5.734079648874265134e-01
1.280252299106960923e-01
-1.179236335091285968e-02
-5.199075263254639978e-01
4.862541986206935785e-01
4.528361874341197413e-01
5.656112119277021399e-01
9.067869196305428092e-01
6.487467831807157692e-01
5.272930550566754526e-01
1.316570171221111973e-01
-6.606689881981012702e-01
-4.969811676689150221e-02
4.560910447458068062e-01
3.174710438387386424e-01
-2.941521819490927614e-01
6.003868401803065247e-01
7.330190310027608902e-01
-3.249742020353967309e-01
9.325129333613554339e-01
2.686892628895706236e-01
2.327759860068049358e-01
7.321849783659942767e-01
-1.178650822345663901e-01
-6.062538477728290909e-01
-7.076466754469229459e-01
3.115107391299418715e-01
3.638469032805219938e-01
-5.777529167426910250e-01
-1.464233220212971254e-01
-3.698398617316623893e-01
-7.364006433586152145e-01
5.044313046358986363e-02
7.446018728076801985e-01
8.425688138911296976e-01
4.756230771685367453e-01
6.818708594069258222e-01
8.521693588418280951e-01
4.016003724805195518e-01
4.021553871467209995e-01
4.921804485138157603e-01
-5.993869505532388731e-01
4.278414320619379207e-01
2.263753522179226263e-01
7.952574954713356181e-01
2.855595424801141147e-01
5.716703431669767355e-01
7.454195213344687598e-01
2.591714320669533111e-01
-8.555018374479942400e-01
-3.059356807996904681e-01
-7.797903371980065002e-01
4.353846938194070315e-01
3.593535731299046798e-01
1.658445581589751694e-01
8.904863061290058113e-01
6.722058764094010659e-03
4.485301242422312651e-01
-9.259100193800348100e-01
-6.919443269858421841e-01
6.128553508149826579e-01
-8.572924202699734320e-01
4.161509967840926749e-01
5.203581731846929070e-01
-6.566191183149272526e-01
-2.551303325297111790e-01
5.925694412223544982e-02
7.664301021769563960e-01
-4.070952399369552888e-01
7.879033388728539089e-01
-6.008956297772385380e-01
7.271865825985963649e-01
7.417290904466068424e-01
9.661148337978031631e-01
-5.314167057001408789e-01
5.697295644797337744e-01
-5.840895732177499994e-02
-6.226712342134765876e-02
-3.268990051639756866e-01
-6.996379960035407075e-01
7.734353129557398621e-01
-3.074984343245331098e-01
7.373664264510303434e-01
3.126658875625861200e-01
5.608588392230914321e-01
-7.413523268096778862e-01
8.685604603937588722e-03
-2.404774642296225728e-02
3.166954102921676339e-01
4.908875769496402475e-01
6.033495202374924427e-01
-9.428054987599379655e-02
-4.009608925252340639e-02
5.816787619551033739e-01
4.150844360805501232e-01
3.105619237961479429e-01
-1.084234123695579713e-02
5.887543372085326521e-01
-7.192800195751668513e-01
1.967107751123422787e-01
7.919076905568812608e-01
2.386057306408781165e-01
-5.733079532878843088e-01
8.714915773186584502e-01
-7.580057610346846442e-02
4.261482175633085068e-01
-7.981049593253018715e-02
-3.793544689674957374e-04
-1.811593815233028260e-01
-2.843749800623948110e-01
8.469255131627436706e-01
-9.259442800733765425e-03
6.666711160344257481e-01
-4.954479382050718805e-01
-5.579904992909987538e-01
-5.221379428578917237e-01
4.841279474696603691e-01
9.373167500401347052e-01
-9.632235624049184652e-01
2.064926978833394322e-01
9.861202005857329089e-01
-9.073731905094317707e-01
1.583266024754339807e-01
-9.759844362360003966e-01
1.014576412914216380e-01
-2.233952436889283522e-01
-2.225800780975403514e-01
-7.383515176284084491e-01
6.223517315077286005e-01
5.926256815425228197e-01
-7.241810959322403374e-01
6.424997472927865827e-01
-6.188527660522677998e-01
-1.136610763120648043e-01
-5.518666820347058882e-02
-3.578982566263505527e-01
-2.567072267527902851e-01
4.779735434507900727e-01
-7.924874076492259556e-02
3.347876587806271620e-01
8.969957768456756630e-01
6.185470679055067311e-01
3.717235269089448346e-01
7.320221113360998455e-01
7.469688114220359720e-01
1.715823904163002456e-01
8.830384851602715024e-01
4.680586864500323879e-02
1.409597071260572376e-02
7.187473595765975221e-01
-8.049042716452889934e-01
-3.210193833927197926e-01
-6.058755556001965692e-01
3.653151083675174049e-01
-4.772851406106362049e-01
-4.197561252848134861e-01
6.667043490882198498e-01
-7.007349045124856846e-02
4.443859929686000410e-01
9.219941133383920961e-01
4.592520272503554657e-01
4.341394672729076420e-01
2.105650940308184671e-01
3.145714350257290959e-01
2.638401572207613732e-01
-9.600937540275105153e-01
-3.567286674279110947e-01
-8.007292615729236784e-01
-2.298950055796347980e-01
8.301523085781387090e-03
-5.959530837910318457e-01
3.913096159486810777e-01
-2.770021205724345070e-01
9.432486033994760266e-01
3.654839541999279073e-01
5.966492363420821121e-01
9.026385447632726544e-01
-4.092190030479251339e-01
1.380807965037077756e-01
-7.371488617789818676e-01
-8.561126031797400282e-01
-5.948369153517280017e-01
-6.757734868957994134e-01
7.157123673580617629e-01
-6.054667417210755076e-01
-7.154990607484579268e-01
1.654025444507197518e-01
-3.241271462996108133e-01
9.091133526594256109e-01
4.593638834992215814e-01
7.205930205345978390e-01
-3.019510770964650703e-01
2.544491985306758797e-01
4.500927910273047616e-01
3.076427950777488873e-01
-3.356115983060020125e-01
4.842309550962655140e-01
5.768955286037953378e-01
9.974388520116922452e-01
-9.400144094012500284e-01
8.507795112809166671e-01
7.587880737093377626e-01
5.480615808083221241e-01
4.586466902029144865e-01
1.410326051680561854e-01
-1.697316932167861406e-02
-5.495692060382649791e-01
6.384856220713296393e-01
-4.768321326593395471e-01
-1.515148590343224078e-01
-8.273064844317099542e-01
-9.566145345974688130e-01
4.757868437223675695e-01
4.180453090807780270e-01
-3.868141175085626493e-01
1.574401012757791762e-01
3.191088626582264665e-01
4.881672003360813528e-01
8.684559536386897705e-01
8.260938874859342640e-01
1.052927480440961489e-01
6.182032937290270480e-01
4.362905764093311656e-01
-3.685490898040463814e-01
2.513106174438404783e-01
7.896191372134285791e-01
9.330044665695694794e-01
-1.912899925406507107e-01
9.701137112116317573e-02
9.332199753935962461e-01
3.517218833405880152e-01
-2.433093630978562794e-01
4.190726737103134258e-02
-5.263826149203201243e-01
6.710112369068866878e-01
-5.498364330019525070e-01
1.407640400131656699e-01
5.999317948174749393e-01
2.247362433166991968e-01
1.968604905640353731e-01
1.044913783322593166e-02
5.050165370804601261e-01
7.342410783470052493e-01
-3.969245438981530705e-01
4.182926613740018951e-01
8.304955886920601937e-01
1.766546588807255125e-01
-3.072889387988311238e-01
-9.826000686332067580e-02
-3.039159469867766528e-01
6.307448352313941298e-01
-4.721184750333189961e-01
-6.460061259601757033e-01
-7.212878247547573896e-01
-2.802834136570015455e-01
3.244138057550934873e-01
-8.818488223665877923e-01
-3.370991435474000597e-01
-9.983610404541884975e-01
-8.950839942118040682e-01
6.662921594169138872e-01
7.172529901703260657e-01
-3.354262021644069947e-01
6.110932155903950891e-01
5.587372333699968108e-01
-8.747436473039794658e-01
-6.332984783981819854e-01
2.084814008144049158e-01
-1.277849968619563514e-01
4.553839399895623363e-01
-8.939204477378615010e-01
7.187445482574001954e-01
2.542832710987120159e-01
2.355440414546241534e-01
2.185573326875605571e-01
-3.454271044231673193e-01
-2.671091558158907864e-01
8.358663612796772835e-01
1.006659920777173423e-01
8.765874801618063206e-01
5.895711298082461083e-01
1.612564758847243873e-01
2.656669211790102514e-01
-8.509389071830876228e-01
-5.386747262749437271e-01
4.077020873643409371e-01
7.606939026406249471e-02
4.730061296666206450e-01
-1.595000577204216674e-01
3.203218705157576673e-01
-1.816018817109187056e-01
-4.157551335998125874e-01
2.374292629901995910e-01
3.199471525106469261e-01
3.264593982292663399e-01
6.214414976005706581e-01
7.693762864397372114e-01
5.009970141805987209e-01
-4.077248623732538380e-01
2.400133558810683687e-01
-3.531901229276940279e-01
1.334996134051747441e-01
-6.480710068554993430e-01
-5.729224097939580179e-02
1.251072770206598517e-01
-5.294975010240525748e-01
9.795627401740081286e-01
7.614104228802833774e-01
3.558708671950542857e-01
8.099774164795625619e-01
6.605967171837395790e-01
8.219057032490112435e-01
5.641551531302358979e-01
9.844171957093358349e-01
1.199704817031296694e-01
8.161784887175723702e-01
3.091117044167765449e-01
4.114423045152457159e-01
8.446710116237595711e-01
1.324699970947478267e-01
-6.302993646126126004e-01
6.797042304718942107e-01
2.298123075316209629e-01
3.095617211409476544e-01
5.191514082084746073e-01
2.852486987171531929e-01
4.499832042022491874e-01
3.757290835917646565e-01
-2.631478707000775574e-01
2.271622491484631412e-01
8.831069735089679407e-01
1.867635082252529222e-01
-6.317613980889875691e-01
9.026657680213741042e-01
-6.365491363882743725e-01
-8.986074891704530776e-01
-5.088838349404726236e-01
6.732906563794019972e-01
-3.052010906680074909e-01
-9.773246752291284700e-01
6.058757886593302278e-01
4.076329016926636961e-01
-5.960229597934499912e-01
8.266122010266048203e-01
5.694628431742597696e-01
-2.996078573583998983e-01
1.125294268900949163e-01
2.170198251065780237e-01
-7.603178744485116214e-01
-2.740633832487563912e-02
1.550371773298985234e-01
4.911885506586221029e-01
4.003232295839265764e-01
4.506006608622140086e-01
-4.273665386608820338e-01
-3.551195027274580696e-01
-3.033635811626341026e-03
3.940538604998531924e-01
7.108476423090958063e-01
-2.953644236436359094e-01
-7.382522992597866096e-02
5.460444224333356189e-01
-2.332858297810243842e-01
-7.056379353291204470e-01
-7.554531232804975183e-01
7.680275361745476648e-01
4.363453979681337636e-01
3.340301767286449897e-01
-4.734907903975330568e-01
4.238409663610268607e-01
-1.057594504249388806e-01
4.220755232141087249e-02
-1.277399631731144514e-01
-4.975837695084838197e-01
5.221187603969664748e-01
7.133099699617260203e-01
-8.514176885238795844e-02
-8.293805700044950546e-01
-5.583713782417139004e-01
8.347011089968132680e-01
7.969696781695847498e-01
7.258773110164328246e-01
3.549000109725502505e-01
-1.881160010561645224e-01
9.833556676848625999e-02
1.314441314488938584e-01
5.105974532120781673e-01
-5.277252710324530360e-01
-1.312591651006010107e-01
8.882943284670631323e-01
3.560689253493722339e-01
-2.049605771162859025e-01
4.830608941712015159e-01
1.228138640356067346e-01
-7.051752697331278297e-01
-6.417697342314133691e-01
-5.906780471737144156e-01
6.676224848631279185e-01
3.031505663007356688e-01
2.120635762004539904e-01
4.580750041568596442e-01
2.646969149428222701e-01
7.773448884128729697e-01
9.648150923478596708e-01
9.524089687641360547e-01
-1.975379229666286984e-01
7.401247894373744751e-01
6.138643964322199054e-01
9.648723120561323308e-01
8.583729741319729989e-01
9.794958079647824167e-01
3.720955231668719443e-01
-2.754235975475319842e-01
1.292268551810916155e-01
5.737683811862508143e-02
1.129758266556738638e-01
5.207037179282482109e-01
7.943276012674391762e-01
1.314749602320800480e-02
-4.985796101121516277e-01
9.373855767685045359e-01
-2.554629934181704698e-01
-8.205611655214750666e-01
-4.283993337255797007e-01
7.047503720234753466e-01
-8.981509657170962946e-01
-2.186465182101089977e-01
-2.033632051299639476e-01
7.652533624318527128e-01
-3.426509542242855422e-01
-8.909782415455804738e-01
-2.651767703824562949e-01
1.955657742790107012e-01
9.563722541418273604e-01
6.813290881442878311e-01
9.311845528723571297e-01
5.744936719951135862e-01
3.094903424064436304e-01
6.255910928540531213e-01
1.976181739245591248e-02
9.594947033165988071e-01
5.423018116195437166e-01
-2.730337860065220612e-01
-4.517600893023860364e-01
8.356442066963624127e-01
-3.781881526134218685e-01
3.131085323400655818e-01
-3.042514932220943269e-01
-6.131549433349790107e-02
-5.125391282631155399e-01
-1.521892248814183113e-01
-6.664028070890963829e-01
-6.913262118982972382e-01
8.227058250097503411e-02
5.244984199334130626e-01
6.954612176949898084e-01
-5.468359794463573120e-01
-9.545795855672195573e-01
-5.253032673417473708e-01
-7.398473445062392351e-01
-8.723543191898233684e-02
3.262984752923643872e-01
-1.148497332544546057e-01
-1.168153204603531716e-03
-1.656439431041295540e-01
-2.726267327598604906e-01
-1.874101421739115814e-01
6.302796817386151496e-01
6.192910437436867088e-01
2.992350944961965076e-01
3.646396916539943467e-01
1.838640289419090357e-01
9.635471530367386572e-01
-6.606749856788668440e-01
1.822811144898227043e-01
-1.905398967183889736e-01
2.125541520487871372e-01
-9.393469320140249712e-01
-6.726904163908312695e-01
6.446683415991636412e-01
8.903881091426973926e-01
1.360077640163976920e-01
4.774962121072536814e-01
-3.525100829341697439e-01
9.491444792970863409e-01
-8.463032521343539782e-01
4.087168809942413050e-01
5.458142458376346040e-01
8.152843456810139333e-01
4.534968883132507456e-01
2.625579078784460174e-01
-4.782261036190388892e-01
-1.059302310813317743e-01
3.579163186673784414e-01
-9.609393819968694572e-01
-3.474527675356404721e-01
-1.439581751258273701e-01
1.359566170319577161e-01
5.989297197451091126e-01
-5.577800571556431608e-01
2.128786256183158310e-01
-5.660616636048572126e-01
6.579688827291247932e-01
1.880123653486066582e-01
-3.024919748635637035e-02
6.911364747114260298e-01
-1.249395391974548325e-02
7.973525333997171227e-01
-6.256656131879869687e-01
-6.830353197158352957e-03
5.931556055729686472e-01
-2.162360675872341265e-01
-5.385372901854517114e-01
1.751921909635688057e-01
-9.244091597956624051e-01
-5.353113920942684789e-01
-4.294372945144492304e-01
7.507553730440463813e-01
-1.837622486978486847e-01
1.551580839233153708e-01
2.860631869142872263e-01
4.381737583845646822e-01
6.627551502271940009e-01
5.799913123866292652e-01
1.282831132403908780e-01
7.704998425833557985e-01
5.503046223609820986e-01
-2.620293094584653093e-01
-5.892833502936073442e-01
5.160722043646654572e-02
9.804320413874381135e-01
2.337406520781046548e-01
-8.755659464195763020e-01
4.744325982999658686e-01
1.132586024799976665e-01
-7.555531695962027783e-01
3.905962948443046368e-01
6.678163462094846015e-01
-3.488592076147699617e-01
5.733489869764090141e-01
-3.471186319794307140e-01
7.577673198710812574e-01
1.643366015202113728e-01
-1.809113333808373414e-01
4.453768445081686678e-01
6.063331813519461377e-01
6.055546274742574786e-01
-4.718132605303168026e-01
-7.884839024460703616e-01
6.458269085037312562e-01
-5.138181692376309062e-01
-7.673832563520707195e-01
-2.492464501771057273e-01
-2.238584341216679763e-01
3.187724637999375110e-01
5.748364973570410097e-01
-9.750873914297796263e-01
5.948471737815779203e-01
6.491996160792742332e-01
4.194664370236615980e-01
1.954285641947053620e-01
8.140838879028629016e-01
-6.230540718911729003e-01
-9.781332540625221617e-01
-2.639312587733218529e-01
4.257441482587116521e-01
-2.829364782064638373e-01
4.531672633797138583e-01
1.136352293898734017e-02
1.964215648466826336e-01
-3.273434442103021272e-03
6.114447287324102920e-01
-5.821708627439007300e-01
9.789727780593268647e-02
4.673268372697589323e-01
-3.639776024759779904e-01
-1.989063804654849499e-01
3.328277363567491709e-01
-4.121202464773551788e-01
9.080528085555650275e-01
-8.296645689337084351e-01
4.179657390886500345e-01
-7.299677767719525701e-02
1.067530706814187741e-01
1.005765363327559003e-01
-4.785050195764691816e-01
2.315040616616039493e-01
1.178693106788671341e-01
8.465793107534637096e-01
6.850821951681121957e-01
2.837887238692801684e-01
-5.985571376699341251e-01
-5.403220617538533332e-01
-4.175884228710703971e-01
7.520336561592572133e-01
-4.137249639475943930e-01
-3.022509163836250567e-01
1.959755410100355588e-01
-9.622069339095229434e-01
6.102330501662975859e-01
-4.801845460980571079e-01
8.761174033845120501e-01
7.536915890372626325e-01
8.189646772016322407e-01
-7.941146331496465316e-02
9.910232003839358761e-01
-2.367256789004366091e-01
9.709023334569562014e-01
6.226887465935613264e-01
-9.816537479812534883e-01
7.741324779606205686e-01
-8.408376739433557345e-01
4.465908684973183829e-01
3.402923917835580236e-01
1.828300296015441528e-01
4.515584394532667356e-01
1.604522688732680502e-01
-3.256326114683137651e-02
-9.139863664991687564e-01
8.936186706117836831e-01
-3.354601832026545272e-01
3.501041507579280565e-02
-9.623870214550361846e-01
5.874126951765092919e-01
-9.943029423020921520e-01
9.086358331361822360e-01
8.403236300025217209e-02
-5.559096103715046588e-01
-1.061159650820028971e-01
-7.168513544437352669e-01
8.890024201006051507e-01
5.129390822640316205e-01
2.349724754080226019e-01
5.919964686038333701e-01
-2.198167886982955177e-01
7.926490649645384634e-01
4.991496450664815732e-01
6.118108052842730071e-01
-5.391494317159172267e-01
4.424306618301297456e-01
2.778949950925485024e-01
2.355435599698535165e-01
5.520774785461355361e-01
8.738963197048925657e-01
1.823670699246742188e-01
7.676123752421639690e-01
-4.230753077977338905e-01
-3.941844803319274892e-01
2.866228312955234059e-01
1.720016710993886311e-01
6.612168344652213925e-01
-8.326267900667229105e-01
1.573266487719045814e-01
8.704008192886575346e-01
-7.871694577306821428e-01
9.635503637583983094e-01
-2.781205435673231308e-01
7.351678493217635169e-02
-2.083337281819015729e-01
2.484132785601995963e-01
9.581311688245115477e-01
1.895005587764294619e-01
-8.887971730827775030e-01
9.968892328610721165e-01
8.995176826324031705e-01
-2.782140684850193391e-01
4.049328842920391081e-01
-2.127083260714431878e-01
8.149094887468160131e-01
5.742851294314055277e-01
1.651766471950003590e-01
-1.245587489907106910e-01
6.569929292371696761e-01
6.175650251901428911e-01
4.642307593490015427e-01
2.961896569614959063e-01
7.345113766295304769e-01
-6.199912702019682031e-01
-9.330522354878362234e-01
5.760966126181266134e-01
-2.236819976565478374e-01
5.880784677324637499e-01
-4.643365575928353750e-01
4.813576987323681666e-01
-2.847793516162268057e-01
-4.462007442997455997e-01
-4.186692899953192160e-01
6.117361827102836269e-01
5.494005707826961071e-01
3.014424375218744401e-01
3.346886182158419487e-01
-8.642402179774103521e-01
-5.147084731227673515e-01
-1.431537552740474450e-01
-1.878504343803483884e-02
-6.271873796957647684e-01
9.177719742150418636e-01
-5.121166860819229560e-01
1.696284135526654469e-01
-7.390138326146722392e-01
-6.894582985007302600e-01
1.679586242075140068e-01
9.173902363152452999e-01
-2.448170575365287149e-01
2.143176508239068023e-01
4.985207875289953683e-01
6.462130552722671339e-01
-2.817363755622849242e-01
6.909180833127425148e-01
-3.098702142086117717e-01
6.061679691149112204e-01
-1.924076677745777675e-01
4.068057716148544833e-01
5.383450612170768146e-01
7.286546478738263888e-01
-7.810741997394278213e-01
1.642732699406131147e-01
9.235683196036804654e-01
-3.677592425359019757e-01
4.735455155005374173e-01
-2.278625539383094187e-02
-2.964155423275837142e-01
1.927737737230597048e-01
-8.375630048201699873e-01
-1.216549801697007493e-01
-2.991236199550120212e-01
-7.220896528466180797e-01
9.972398351099234781e-02
1.754611952864375546e-01
5.644403761362641880e-01
-6.757438304451731659e-01
8.150614967539230316e-01
9.126565594612358057e-01
7.316159384883292871e-01
9.806045590641375709e-01
5.551980916688493695e-01
-8.213692362369445776e-01
-3.505492056948790180e-01
-8.880872478876866705e-02
8.696141967131171269e-01
6.398123820261525374e-01
4.813157225283640206e-01
9.366612223465579923e-02
-4.412221849311926958e-01
4.590171006426795319e-01
6.864784615752285157e-01
1.813910206235173905e-01
6.883683927408128511e-01
2.123196150978646710e-02
7.474198512296131858e-01
-1.151387096728315462e-01
7.099758984291102415e-01
5.304047993690249596e-01
8.338758414286642218e-01
-4.046657161021249144e-02
-1.146535197587662397e-01
5.471872228949831163e-01
-1.570170202895519729e-01
-1.328814206404122233e-01
7.978676725156971239e-01
2.695392541008546083e-01
3.502514371751265232e-01
-3.894993575518936879e-01
7.972501514733661976e-01
4.427234974915747467e-02
4.895260539046763504e-01
8.916471287170861515e-02
2.543680445956886804e-01
7.150468496964856868e-02
3.438629531239126985e-02
2.009559397084463295e-01
2.307315698410558336e-01
1.345441898362538247e-01
8.394531923358273806e-01
-5.486942724379284542e-02
4.481194058720649326e-02
-2.142732573012691086e-02
-3.824296350636559594e-01
-5.565567228750775697e-02
9.516410861402324617e-01
-1.631775367264066967e-01
2.566850237676302979e-02
-5.129671799982118419e-01
6.318267031955036028e-01
-8.431750521235407969e-02
6.430956536605547669e-01
-4.413210332403040836e-01
-2.411325517833704246e-01
-4.508497591145948502e-01
2.042302418199532787e-01
4.695947170083777933e-02
-5.869642239939310002e-01
-7.856480053985801515e-01
-6.303287934566765838e-01
4.289596946491038287e-01
2.661419026290481882e-01
8.100487220834939883e-01
7.161612345974741611e-01
-1.258514995267649150e-01
-4.855039674229497115e-01
8.415230202398469306e-01
8.151039354702754869e-01
-9.974354153445895710e-01
9.202280075170071738e-01
-4.140561887304897853e-02
4.494824686659302793e-01
4.902169007379276744e-01
5.662958436677116847e-01
-6.876271812479618495e-01
9.407468156763505451e-01
-2.452239379023901378e-01
2.160554510725248845e-01
5.645716731323247028e-01
-7.100597606492680125e-01
3.426562517084925652e-01
-4.224063520930434468e-01
-5.442619979991795143e-01
-2.954394442910514007e-01
4.241184635417098447e-01
4.414177191361464692e-01
2.133864594424642394e-03
3.809390741447470363e-01
-5.796220761434101032e-01
-7.462495420149375391e-01
-1.995403643682386874e-01
4.795210579522833916e-01
-3.368299657681081416e-01
-8.675695207585748525e-01
-1.473792093616244359e-01
1.422342133276262299e-01
3.567067408859292965e-01
-4.738223147561234083e-01
3.778098203003925071e-01
1.063090656614181229e-01
6.076353578684969836e-01
1.865639145520949504e-01
1.365831423099511943e-01
-7.785106896978356561e-01
1.269482252892211172e-01
-4.612284067041699798e-01
-4.249883187207840196e-01
2.385446101465072688e-01
4.353526343045809321e-01
-7.135273968987794202e-01
2.931548163559470344e-01
7.938622580851564803e-02
1.803769069289891669e-01
-1.019397555735459537e-01
7.974634548165607795e-01
3.241447661294499794e-01
-2.072112863075682987e-01
-3.715762549781970736e-01
-3.482567623356318531e-01
7.651517862268129022e-01
-3.989011113660838048e-01
3.944841798907761654e-01
6.358149179611027879e-02
-2.254547189637270688e-01
1.871811392043698421e-03
-1.382616560205056355e-01
-2.435052474679222367e-01
-6.821543911081002776e-01
-2.038669843581009111e-01
8.170600428750168787e-01
8.717798931901011850e-01
-4.942506804709281831e-01
-9.194333002951358969e-02
5.404977022253246721e-01
6.762514063299850386e-01
-6.544428546774749833e-01
-5.528370281469030534e-02
-2.380003284594977842e-01
1.034521796775554614e-01
-1.356602633009172318e-02
3.829721400757625793e-01
3.963862054808897084e-01
4.497761420135367172e-01
-6.223579241392979133e-01
3.689756601009454018e-01
3.952061402653183619e-01
-2.351971463094167381e-01
3.501591055707450884e-01
7.275826898165046464e-01
4.620416484981970662e-01
-3.474734217479695519e-02
-9.282535618449672121e-01
5.538628012769730713e-01
6.479211500066923701e-01
4.180692374553410806e-01
-9.873708220324669549e-01
-4.769996223849037875e-01
-3.544812372010316404e-01
-6.518133200827189722e-01
1.994365679683743620e-01
-3.004168667814257621e-01
1.595883562234609032e-01
3.224074174329339959e-01
-3.337499073172054409e-01
-2.038729227454134929e-01
-5.442217335285078894e-01
-8.532921790769494308e-01
-9.434324246306438067e-01
-9.223246331497043649e-01
9.497342239031794087e-01
-4.204307412763130247e-01
2.104043129727648787e-01
-6.068329643614227553e-01
-1.445121300242624418e-01
4.051581375402200647e-01
4.142747447720945830e-01
6.538918530833977005e-01
-4.722030800203994017e-01
3.174737796709974358e-01
1.865271738086995701e-01
-1.013717445950754054e-01
-4.565741021869851313e-01
-8.566225506248822397e-01
4.292470575811426214e-01
-1.109030445518218166e-01
3.857782008256554485e-01
6.476980126371042479e-01
8.716274559507317665e-01
2.090604043670762635e-01
-4.987528786662543401e-01
-2.684712782875307013e-01
-1.492132979913774610e-02
-9.189837603016388634e-01
-8.048914330557729313e-01
7.693159613977623712e-01
9.908473115362729233e-01
1.396710123896918454e-01
-7.684835114290493596e-01
-8.393579873312059791e-03
-1.255380172797683769e-01
2.232388564616361593e-01
5.287645375234583112e-01
6.182943365397001179e-01
6.257606798435360052e-01
-8.328765883676588766e-01
5.876921778865504820e-01
-5.449519217901691581e-01
-2.281499081999422696e-01
7.485317023261769398e-01
-4.096798129777086683e-01
-8.062976182810284442e-02
-8.520692825965117678e-02
1.156153413259714963e-01
3.072411256293730575e-01
-1.854252545665363919e-02
3.627858229428726489e-01
-2.609978165329507327e-01
8.547917678429839405e-01
5.092494433314097568e-01
8.930042891337807154e-01
3.458327751680445594e-01
3.123175217745512988e-01
8.092741627536339521e-01
3.125755943383036195e-01
9.523011320266799862e-01
1.978500555278130124e-02
-3.880998250066745037e-01
9.772595358588087588e-01
3.983643482207553932e-01
1.859928171017852239e-01
9.968029682720195295e-01
-8.470841414728534913e-01
3.079395363455120216e-01
-5.642477064907633899e-01
4.248320593991706390e-02
-8.057182269254100637e-01
7.843477156035179032e-01
1.272433708909537220e-01
-7.292342846944553925e-01
7.954880652217934944e-01
4.997153979844813909e-01
4.042132077525183442e-01
8.562621911423542453e-01
-1.011603095459922413e-01
9.295015962714274771e-01
-9.269836245926389440e-01
5.229386249440526324e-01
-4.628164243441252879e-01
2.720414601394393617e-01
4.554029945306478089e-01
5.494817591422708203e-01
6.422266879584409560e-01
1.996066000831047405e-01
1.806337540542977682e-01
-2.816151542263082841e-01
7.389176469680664994e-01
8.888704836857239666e-01
-1.542276288616766799e-01
3.658130840750193902e-01
9.761792274588143581e-01
7.395084089262247140e-01
5.188820355318911615e-01
-6.997305675435900874e-01
1.908470030288260122e-01
5.960731191721334588e-01
-2.068090650095021632e-01
-5.787850852740429319e-01
9.288744259830127303e-01
-9.851489485749062025e-01
8.673994617081668412e-01
-3.691592198106118938e-01
-3.211728350327068549e-02
5.512049636105031958e-01
4.903958474687293290e-01
4.709444174481564049e-02
-8.278273641375830660e-01
-1.115080243428895196e-01
2.527408005184437756e-01
6.534953252910582489e-01
-7.550958821203619387e-01
-3.892558434454786997e-01
4.236212893848924632e-01
9.294379196220070583e-01
1.388604602791329024e-01
5.152238427645792207e-01
3.949229734041680984e-01
-4.631516173982047624e-01
-1.708748176839417210e-01
7.393384784799679199e-01
2.841552806082098814e-01
9.859881261429401800e-01
-8.422681696284848307e-01
8.934971068161112751e-01
7.995676495801005146e-01
9.732187720584538626e-01
7.496292789653968835e-01
-2.842312522946850370e-02
3.624793953987896500e-01
3.120738637753174838e-01
-5.081712070884206733e-01
8.391212403660508468e-01
1.773141133293432425e-01
1.837879782647898474e-01
6.789433286452479788e-01
8.862373143218090776e-01
-3.417531688628313025e-01
3.081565076120116320e-01
-9.247913802203187039e-01
1.938635546141487254e-01
7.777229681298176711e-01
-5.216146880799226171e-01
-2.275457478384972643e-01
7.113238361200182602e-01
-2.378393075116812527e-01
-5.160506089363846582e-01
-1.668210170488555744e-01
7.730336067631486952e-01
2.023125222677162605e-01
-2.282078601725122738e-02
3.692665490450602883e-01
1.883895919474539160e-01
-4.797636751486876287e-03
-1.823083197764981678e-01
2.545561899739005596e-01
3.588868397618829031e-01
-3.875091195077418060e-01
-2.096889846376299299e-02
-3.284264163911418399e-01
9.305305034993776037e-01
7.616407228425613463e-01
-2.921790794042100070e-01
-7.864548600833913827e-01
-3.279606664415552486e-01
2.205873174433705119e-01
6.571019241435108738e-01
8.433582537321741013e-01
-6.043759025265155183e-01
1.888769278593057932e-01
5.207303730508875406e-01
2.923034592384069486e-01
-8.092208243795924183e-01
-3.026610769905496157e-01
4.847895380848142866e-01
6.339768340747661268e-01
-1.269969530870221873e-02
5.159721463931388197e-01
-3.231354802760941919e-02
-8.546727401076296138e-01
-6.491075971980818371e-02
4.707553993728111341e-01
-3.819139397467966046e-01
-6.632790579635419181e-01
1.751370376797011658e-02
5.948797669503519403e-02
8.580296502261032243e-01
8.051591698686864085e-01
7.878517054612980131e-01
8.015136226928014640e-01
2.723740306971780267e-01
-3.512253980295479416e-01
-8.161047405369896701e-01
-2.624310839349068836e-01
-2.813652974845302634e-01
-3.587100447673500780e-01
-6.542781566941465732e-01
-6.128943088207320367e-01
-5.849159574578619569e-01
6.461110342959442976e-01
7.674860673601874295e-01
-4.656548050506052472e-01
-7.257290323557193945e-01
-4.945985117111630358e-01
-3.744952072053861492e-01
6.715630241565212488e-02
-5.271844858144791868e-01
5.042675927032449490e-01
7.863907471326416765e-01
2.782502065465562446e-01
-1.773064171440548453e-01
5.473327441764645057e-02
8.896187417539297426e-01
2.682135274783294387e-01
4.355474704121982121e-01
-6.446561813546379527e-02
2.574439330103426085e-02
3.616870528199735979e-01
-5.629789805964308114e-01
9.138162834576953053e-02
-7.187742651049160436e-01
-7.585007874291680441e-01
7.795485895416547351e-01
1.340655754173933345e-01
-2.165715406697998058e-01
2.887643299497130167e-01
5.164382322223723398e-02
2.321513512850799377e-01
-9.651579876498845856e-01
2.160896159391016147e-01
-6.276315106314759307e-01
-7.867597996378922209e-01
3.054083467145188302e-01
1.713859463028488128e-01
3.750235411719217149e-01
-5.489456072268137365e-01
4.810815218716861796e-01
-5.134955862752962341e-01
6.506405707879899802e-01
-6.655386419970583667e-01
7.055130798498053801e-01
6.185807008435825205e-01
-6.630563893260840169e-01
5.965773197742116896e-01
