comoving_distance
9.229051993556792013e+02
7.931062471475596567e+02
7.739535167009890984e+02
5.695270496465610677e+02
1.031404979517621769e+03
1.023711551330324028e+03
9.819564429447024168e+02
5.419898236003948568e+02
1.050052076669047892e+03
6.680905932543024619e+02
8.311364771386273560e+02
5.892168075646223997e+02
7.465441964054048185e+02
6.660217361410254853e+02
8.132928183399625368e+02
7.697835125272915775e+02
9.851292114773743833e+02
8.041528621974300677e+02
9.571878738545251508e+02
8.359524137773252050e+02
8.605186276204350406e+02
1.092744966183085353e+03
9.350961213250295714e+02
9.751054047527687771e+02
7.801410555506070068e+02
7.837483144899032368e+02
9.119250236686722246e+02
8.215816041486897348e+02
1.017412205695539342e+03
1.063872321797535733e+03
8.217536281773433302e+02
7.288805761631831501e+02
9.213098237357540938e+02
4.928969986990990151e+02
8.606642856510557067e+02
1.003330099372778136e+03
8.860597604851014921e+02
8.817817152496064637e+02
9.007288069433521969e+02
8.874280597725934285e+02
8.354836482384505416e+02
8.374215979473108291e+02
9.243696801004574581e+02
1.027088182010124228e+03
1.141024386565292616e+03
9.490337685664745777e+02
1.050255009877687598e+03
1.040919695972239424e+03
1.055174637430210623e+03
8.483484219687542236e+02
7.120862848067002915e+02
7.728360153335523819e+02
8.875426845730980858e+02
7.872182439753283916e+02
8.963187682723420266e+02
8.830021189819564142e+02
7.411857989389687873e+02
6.599101078173260930e+02
9.300175511062942633e+02
9.673393948910260178e+02
1.037537180109151450e+03
9.326608339117123023e+02
9.928204938115254663e+02
4.999171893756565055e+02
5.223285134288718154e+02
1.088521147396928882e+03
9.559613302198733891e+02
5.886062610236882620e+02
9.709530586215000767e+02
1.092577320957007942e+03
9.771839034636204815e+02
9.429952142488936033e+02
4.823226140334136289e+02
8.094547095230732339e+02
9.769871604404143000e+02
5.526845689061526627e+02
5.486313840997543139e+02
7.971941735570676428e+02
7.159872377929392542e+02
8.704102670591319111e+02
9.416729895175119509e+02
9.579034892527869260e+02
7.646421646931278246e+02
8.695515597846676883e+02
9.095817842178256569e+02
9.279086407166985282e+02
8.843433147152088623e+02
6.851375902922588921e+02
7.130114753435398143e+02
7.907505167052229353e+02
7.077453654962521341e+02
5.689822120983861851e+02
9.647212021510692921e+02
7.229649437543915838e+02
8.485828067658620739e+02
8.407085910598769942e+02
8.177842913161045999e+02
9.696808625474222936e+02
5.338797272374121121e+02
9.008207664846547686e+02
6.124527453851308110e+02
7.871562905903786032e+02
1.065629929267615125e+03
5.741346712529770002e+02
8.445591435515317471e+02
7.013524774967052053e+02
5.073878287062896675e+02
9.813318800141190650e+02
9.576242458550549372e+02
6.185231760419691227e+02
8.313301897015891200e+02
7.777012503287703566e+02
8.341242300921122705e+02
1.005107350657399820e+03
1.051155694129489575e+03
9.607255073777579355e+02
7.386476166552415634e+02
8.377596556757495136e+02
8.168337113308731432e+02
8.266504640916090239e+02
1.038193294488310357e+03
5.212255047174593301e+02
7.477253326005062490e+02
6.914572886877763267e+02
8.095240237773841727e+02
6.842058884470886824e+02
1.102038238384098349e+03
8.078067014255880167e+02
7.061638387016424758e+02
8.348397621839692420e+02
1.025155856026688070e+03
7.572586364779957648e+02
9.301943143970601113e+02
8.006009713291442722e+02
9.423185699757252678e+02
8.685484653805098105e+02
9.270890919542929396e+02
9.016857241274703938e+02
8.799866157914509586e+02
8.083783302568668887e+02
7.712716859276418973e+02
6.141032430613030328e+02
8.418723600734068668e+02
6.847953669995395103e+02
6.992578273691425466e+02
7.847676315255075679e+02
1.001539554391973070e+03
7.186920528579591974e+02
8.458646370972127215e+02
9.131662967246884364e+02
8.835695298886729461e+02
8.766880810106671333e+02
8.771738082914750976e+02
5.168472072008382838e+02
6.630341052412545650e+02
9.640059330991863362e+02
7.745942914460847533e+02
8.232686921839368779e+02
5.448362815774581804e+02
9.797421789510596000e+02
9.854366708981015108e+02
8.246883269537954675e+02
7.602412174301103960e+02
7.452032515047724246e+02
8.363986406716228430e+02
8.673579166737863488e+02
9.422100420448888372e+02
9.319574309768167950e+02
9.946125744253889707e+02
9.708575595564913101e+02
8.645218362305306528e+02
8.614322979950661647e+02
9.840050771184405676e+02
8.411453855728557301e+02
7.829041089544663237e+02
8.301047398084889437e+02
7.648125206511177794e+02
8.628759645192534435e+02
7.626767284397182038e+02
1.054891369621645481e+03
8.720789136061209774e+02
5.808332478736790563e+02
7.620623240420741240e+02
4.890577016897991030e+02
4.103254090015374231e+02
5.466624136929318638e+02
4.692753176843566507e+02
9.357048258152477729e+02
5.488577182883618661e+02
8.343292921874633521e+02
8.822517193782058484e+02
8.383453945590836156e+02
9.105897444640536378e+02
9.098251491400272926e+02
9.367823836912167508e+02
7.878878953174809112e+02
6.882214959934523222e+02
8.807543958938275637e+02
8.578723728251724197e+02
6.935796515369285089e+02
5.671067836670387123e+02
8.728090782489055073e+02
7.172540537836813428e+02
6.064417457408517294e+02
7.374498319196425200e+02
5.639667144740935782e+02
1.090575336018784128e+03
7.330799327228525044e+02
9.467783634292455872e+02
1.028861128660795885e+03
8.444393329904764869e+02
7.707433331664461775e+02
5.339056296629404414e+02
4.885724714533691895e+02
7.935532453654656138e+02
8.291350097521795988e+02
9.479302852120199532e+02
5.708186598946351751e+02
8.095462198544266812e+02
9.342689076561708816e+02
7.980674471487641313e+02
7.412683927024390869e+02
9.448248080970621459e+02
1.071599141268281073e+03
9.856203283364975505e+02
7.908296071138695424e+02
7.279633351455333923e+02
5.844384104102787205e+02
7.425204704210173077e+02
4.587284630195262594e+02
1.054908110896317339e+03
1.011715457650541566e+03
6.100205948809634720e+02
9.386476458359322805e+02
8.091756243998124773e+02
1.047425076486671514e+03
8.062353753337023363e+02
1.200293046012457353e+03
6.864203899538304086e+02
5.966317094078823402e+02
8.137917387159972122e+02
8.919431065442572617e+02
1.132815032825397338e+03
5.245177967337980363e+02
9.765254745593169901e+02
7.236550966546031987e+02
5.351159578870225459e+02
1.077907715431477982e+03
7.573333357589076513e+02
9.659849269150137161e+02
6.617238409140306885e+02
1.083210595458491525e+03
1.060832803064016844e+03
5.959336255814298511e+02
9.255215736025820661e+02
6.984540315332283171e+02
5.548321426403480245e+02
8.871993760555418476e+02
1.024740506997073908e+03
7.212735660642466655e+02
1.096994353581627593e+03
9.123993589059126634e+02
8.869624470978187674e+02
8.806872057897066952e+02
5.102289214223493445e+02
6.940817503802076089e+02
8.833619031436951445e+02
6.850425192713925071e+02
1.099218541933067399e+03
7.632898853958549807e+02
6.436670972532090218e+02
7.405440132409827356e+02
6.907287609190002513e+02
8.180471903167474466e+02
7.895000230047355672e+02
9.791734431196454125e+02
9.484947295096853850e+02
8.205030416177827419e+02
9.740071653094157682e+02
1.031493873623320042e+03
8.952616960064676732e+02
8.590988476489228560e+02
6.478988162908259483e+02
9.719391048496546546e+02
8.349875152042644686e+02
5.801425881467108638e+02
7.905919526323043556e+02
7.959375688394059125e+02
7.712802049366158599e+02
7.891058009828004742e+02
7.648936643141669265e+02
8.017506409990676275e+02
8.901515447027709342e+02
6.605680471288908393e+02
8.119281164735774610e+02
8.207409004080458317e+02
7.773883805932806581e+02
5.156482682196292444e+02
9.706053205056502975e+02
9.225129094306828392e+02
9.439445788326149795e+02
8.192558061189774889e+02
8.681370829631109700e+02
9.239585007329351356e+02
5.996340269773027103e+02
9.044344094489044892e+02
6.438291179919299339e+02
8.152815194211900689e+02
5.527236200658545613e+02
7.770475922199506158e+02
8.652847421807725823e+02
6.544783923310960745e+02
6.342502314742504268e+02
8.090257120136787989e+02
7.075973368407668431e+02
7.566826938596537957e+02
6.654866284033817010e+02
9.150097444774478390e+02
4.821222819683644047e+02
9.872212656515708886e+02
7.806600470212607661e+02
4.982015621807262846e+02
7.287409351050740725e+02
8.956708216968081615e+02
6.373019611298602740e+02
9.959267941243825817e+02
1.043113906094288723e+03
8.255598595586570809e+02
8.428072276226729400e+02
1.007289198932535896e+03
6.892648232404744704e+02
1.025127080829981651e+03
9.061052555087984501e+02
8.913668394822531127e+02
7.114078887738781987e+02
6.565273335996118931e+02
6.166297226881913502e+02
4.108031134148305341e+02
7.702994307525931390e+02
7.698883812788249088e+02
7.585841887940894139e+02
1.075715672409357694e+03
4.485990318584226770e+02
7.261558927317540793e+02
1.043037494960579352e+03
5.943791441184625910e+02
8.822755851649712895e+02
1.132974918962799165e+03
7.982737800870887668e+02
6.875432749228018565e+02
1.003180191289758568e+03
9.632143315350145940e+02
7.200526338323031723e+02
9.228851485243224033e+02
1.044400184878263190e+03
1.030613196220655254e+03
9.980885640233140066e+02
7.124022809063388877e+02
1.058187211850390895e+03
8.370682854678431113e+02
4.154361632179984554e+02
6.059529876284444754e+02
5.535341090469802339e+02
1.010127071142830573e+03
5.638129473282909885e+02
8.974595076779726242e+02
7.237579465880202179e+02
4.468444390403171838e+02
6.566937851310976839e+02
8.007143680532434473e+02
7.798841302576901171e+02
9.142023717520457922e+02
6.335121162534660471e+02
9.285397883343721332e+02
8.967597197200616392e+02
8.052915856549151385e+02
9.520671377779486875e+02
8.219325381993047586e+02
8.196360096740161225e+02
7.483391884517179733e+02
9.066018370234710346e+02
7.027046930610774780e+02
8.031383223933264617e+02
8.611209496395554197e+02
7.845344404812883568e+02
8.428641300015308389e+02
9.391043554131847486e+02
8.508226424998524635e+02
5.688294013324084517e+02
7.279347901300253625e+02
9.501876439871631419e+02
1.087296617696193380e+03
8.601190097319985171e+02
7.853866549782923130e+02
2.549167823366007326e+02
1.009298915135758421e+03
7.997298079642329185e+02
4.709506107093896503e+02
6.102821614609216567e+02
9.347648000672559192e+02
9.054786524447836200e+02
8.986774561357889297e+02
9.324708071815232415e+02
8.795502921985511193e+02
6.929356846592822876e+02
9.812182830151546113e+02
6.353180419431940891e+02
7.697042919699420054e+02
7.578924327124552747e+02
7.663099968480230473e+02
7.312402421706351561e+02
1.012224287124152738e+03
9.147021722860985165e+02
8.316417096637919713e+02
7.047448225322634698e+02
1.041013585454249778e+03
6.193982114039546332e+02
7.805174049027721139e+02
7.136751417183431840e+02
6.959629089200411727e+02
7.104285099551840403e+02
1.066037260228375544e+03
9.574653578367189084e+02
8.561570630678830867e+02
1.085168786820318701e+03
6.656881629379840888e+02
8.516654461126001934e+02
4.523710190068763950e+02
6.123624558636345228e+02
1.045291343450577415e+03
6.607686101718327336e+02
5.983507851301237679e+02
6.753146820993595156e+02
6.105362363872361584e+02
1.063394971445868350e+03
6.488581623368758073e+02
8.657676231473267308e+02
5.994953678114287641e+02
8.938523153197417059e+02
1.007489141935531052e+03
7.378438350922099289e+02
8.978340300521728068e+02
9.099507085664835131e+02
9.635903910408334241e+02
9.565116706578394314e+02
9.690437602873523701e+02
9.292318688861847704e+02
7.480320826984733458e+02
8.465011471324174863e+02
8.285414536979308195e+02
7.296350932577119011e+02
7.959744622734096993e+02
9.039692845366888605e+02
1.095568474011582339e+03
8.646349368113492346e+02
9.484243673168587065e+02
7.612569392528064327e+02
5.083344507148933644e+02
4.945145368438807054e+02
5.365790480801739477e+02
8.586142869637808417e+02
5.419980312534937639e+02
6.853755073133073665e+02
9.240285885263027694e+02
7.188157450476448957e+02
8.283865926392533083e+02
1.206706851709209786e+03
8.771114064237657431e+02
8.096785367506182638e+02
8.990307092110385838e+02
8.997809527682835551e+02
8.850572036460171148e+02
8.787353962623363941e+02
9.986880844719847801e+02
6.053508973162075790e+02
8.455082295696772690e+02
9.967051157684906002e+02
8.941257379817636775e+02
1.075191270356728410e+03
7.231688113158976421e+02
9.729134547355442919e+02
8.339740182748687403e+02
8.811975056156201163e+02
8.866479976330148247e+02
5.409355421044973582e+02
6.288307485059388000e+02
6.820437597574853044e+02
6.979178473253623451e+02
6.782629788199116092e+02
1.224035486227244974e+03
7.737711493456851031e+02
9.346962095930343821e+02
6.976280823302943190e+02
1.180693611735977356e+03
9.866422494476119027e+02
9.367337162145407774e+02
9.992207456605999596e+02
8.687891306680589878e+02
7.734570240382200836e+02
8.608222923239762849e+02
6.855436822582710192e+02
5.023266176766614990e+02
5.615403534337308429e+02
6.103606353467991994e+02
9.428879610175408743e+02
4.486011552239603475e+02
8.801312668550393710e+02
5.751661527600816726e+02
9.801612728227030402e+02
9.475009887542287288e+02
1.004592816818871142e+03
6.754517886681559276e+02
8.467010799917608210e+02
8.301544489151660855e+02
9.664154510289855580e+02
6.066270462856930408e+02
1.017049728870088984e+03
6.877402642136670465e+02
1.082472812033633772e+03
8.612971332656643426e+02
7.609086585472618935e+02
8.422322597175793817e+02
6.836640094000297267e+02
9.444731869097037134e+02
8.844782287981294076e+02
5.878279568145610483e+02
8.801874145055079453e+02
8.945699444084497145e+02
1.021075778467541454e+03
8.985157349565988625e+02
1.095347260821144346e+03
8.731140702838183643e+02
8.521092385722688505e+02
7.015608179644998472e+02
9.702841908418730554e+02
9.190650595901689712e+02
7.898199246770944910e+02
8.699980311062645342e+02
8.011060054639096961e+02
6.082211578810766923e+02
8.122310815421725465e+02
6.889924821484033828e+02
5.183084380694347146e+02
8.291901660972928312e+02
7.005795943891528168e+02
8.437134931166854130e+02
7.887806960487326933e+02
9.549936175697325780e+02
6.888148768913582671e+02
5.705659888727992666e+02
9.622895369575746827e+02
7.974674427868222892e+02
8.779474553167698332e+02
9.392885435168655022e+02
9.560025756582798522e+02
9.341658646866204663e+02
9.820492211920590080e+02
7.796464413907789321e+02
4.955495814882302739e+02
7.770789045383203302e+02
1.171740579157306684e+03
6.645124835457645531e+02
8.940553842096566086e+02
6.929030131996202044e+02
9.009143957229481430e+02
7.760459988592997433e+02
8.179888128387905226e+02
7.739739811661199838e+02
8.880951681218996328e+02
7.119268097469607710e+02
9.576530841770866118e+02
8.925119179789297732e+02
6.412303561149053621e+02
8.980116653694873321e+02
8.623004371623950419e+02
7.866130285619706228e+02
1.078947618348129026e+03
7.604747660212287883e+02
7.472052935445801722e+02
9.286972486809909242e+02
9.509933838231971777e+02
8.214906643063403635e+02
9.814271556752960350e+02
8.505356648447382213e+02
6.222234248265656333e+02
7.243365041485593565e+02
5.499384862092977073e+02
6.118206857447313496e+02
8.724617722549897962e+02
8.595183968954379452e+02
8.018447655137377978e+02
8.814599558745719605e+02
8.259011857459164503e+02
6.011763411467269407e+02
7.207964112094043685e+02
8.650348186384645714e+02
8.981259446802592947e+02
8.040184283178509759e+02
8.115209503808248428e+02
9.097392609416456253e+02
8.394856799374249476e+02
9.446490063727607094e+02
9.704261807503339696e+02
6.590368161190729097e+02
1.010097861075560331e+03
9.116742227467700559e+02
6.257265533163791815e+02
8.910877772368811520e+02
5.015550079404594612e+02
9.319975078110887807e+02
1.010956846939861293e+03
7.809416445028297176e+02
8.177134931655998571e+02
9.646490419797106597e+02
9.582381946359602125e+02
1.046837027843657324e+03
8.175444004917092116e+02
7.594293555346710036e+02
9.053473024336609569e+02
7.749173909485315335e+02
6.751635442994540881e+02
7.896992833715268034e+02
9.894458010864427706e+02
8.018094370642771764e+02
7.708919672915824322e+02
4.291334731945014482e+02
9.302348082115996704e+02
9.281593801456326673e+02
7.475388604038449785e+02
7.905835370234178754e+02
4.321126990412907389e+02
5.221975198048692164e+02
9.125024059182690053e+02
5.943593657683925358e+02
1.050814540701107717e+03
8.172897183731470250e+02
9.991595899355572783e+02
7.770739971210160775e+02
7.651343372843798534e+02
7.973825530164517659e+02
7.451065076164760512e+02
1.122455122040228844e+03
6.393943820910045588e+02
5.354692634053469646e+02
9.500322174946271616e+02
9.205813663678422927e+02
9.109878801656395808e+02
6.733437037100395628e+02
7.964409264388173142e+02
9.188385094820777113e+02
6.577591428449818522e+02
7.792268865703061920e+02
9.071900904673518653e+02
8.977942183505119829e+02
8.061038346900683109e+02
8.539127409797029031e+02
7.786636042637027231e+02
6.306998444273712039e+02
5.852019069319464961e+02
1.000728328582496488e+03
8.131079846832981275e+02
5.600068950152328853e+02
9.361917265993098454e+02
8.642194981830738243e+02
9.466833537972123622e+02
9.381027726579218324e+02
8.535489980923629219e+02
9.595868432493089131e+02
1.111815547990295272e+03
4.652917526382769893e+02
9.079352773205765743e+02
1.020823668463313425e+03
8.692412608937165714e+02
7.241546898857179713e+02
8.711562449647559561e+02
8.529178679768355096e+02
1.028256489310847655e+03
9.670125256942808392e+02
9.698653850632800868e+02
5.017579649964544046e+02
6.522189043968986653e+02
8.508536017272018626e+02
8.550378221880874889e+02
7.803537734667308996e+02
7.039603888821044393e+02
7.513198949443626589e+02
9.606048976033364397e+02
8.710228490392394178e+02
7.846305871578467759e+02
8.566491280992518114e+02
8.404690024311995558e+02
4.627911962614408594e+02
6.713996493650965931e+02
7.519080294682668182e+02
4.961763517601951889e+02
9.321955110506080473e+02
6.984714207531574175e+02
7.555626507291522103e+02
4.509767583088335527e+02
6.675376693425467920e+02
8.248734798400781756e+02
9.585278242041897556e+02
8.556584680320856933e+02
9.543844557944711369e+02
8.267753421433301355e+02
8.450791372052058250e+02
8.903911190025594351e+02
8.494842137466322356e+02
4.936027304695539328e+02
8.365547128448112062e+02
9.904006538831989701e+02
7.578730242561322257e+02
8.894651928687452482e+02
8.641315173327064940e+02
8.047630438417262440e+02
8.931232121915722928e+02
6.904994231646935532e+02
6.282379854058424371e+02
4.603908220196747720e+02
1.055488326651026000e+03
7.685724695756584879e+02
8.466465400627744202e+02
7.414860280504267394e+02
7.503704202574779174e+02
9.838176636272638689e+02
9.103430314135213166e+02
8.147019119529733189e+02
6.760446757275657319e+02
6.262891282659863919e+02
9.121592768379566678e+02
6.802939003625469923e+02
9.026051443668225147e+02
7.563649195676016461e+02
8.699439840341099170e+02
7.892724036031637525e+02
1.060495402727123519e+03
6.866053685058171823e+02
4.827745782773252472e+02
1.050470134077706007e+03
6.472895108468312628e+02
4.491507904711920105e+02
1.010346182652548009e+03
7.496028000861709870e+02
6.403485800361206657e+02
7.381374568563068124e+02
8.382715579162260155e+02
9.028790266410743470e+02
8.423101867264724660e+02
6.260207639931697940e+02
7.878989348488188398e+02
7.825558670805837664e+02
6.886387190558066322e+02
8.354082685661834375e+02
8.346974020573610460e+02
7.655631685240045954e+02
7.031229251228620569e+02
9.859899591956931317e+02
5.495158142216052966e+02
8.085061282445856250e+02
4.579299287723677025e+02
6.302050937281904908e+02
1.046234536914618275e+03
8.942091878503434828e+02
4.434081287797801565e+02
5.560665510957624065e+02
4.647440912050197426e+02
9.966220817485386760e+02
1.115510665856805872e+03
7.203766782883770929e+02
8.357999914859823321e+02
3.799510692652843318e+02
8.886314086689548049e+02
1.011246417316069142e+03
9.134959631011562351e+02
7.180993352760256130e+02
1.000022639469443106e+03
9.053833144750507245e+02
7.111943692156189627e+02
6.484173921965165164e+02
5.469984997403503257e+02
6.372310588753550746e+02
4.895052034587320122e+02
9.233127881711311602e+02
7.137613136234692774e+02
9.158390310551081939e+02
7.510214815192275637e+02
9.891000806687762861e+02
9.178161374751748554e+02
4.337636979220848730e+02
8.100076718295204046e+02
9.002508259606532874e+02
5.978514515663891871e+02
9.422858384955924294e+02
1.056893308893721269e+03
1.020641226837569207e+03
9.352224977018090613e+02
3.995595241249972105e+02
9.490806356418635232e+02
5.158853128162362509e+02
9.735936059514012868e+02
8.417975824062957599e+02
8.257247468423751116e+02
8.621047113273205014e+02
8.297858813604905208e+02
8.005698505453538019e+02
9.513403162227563143e+02
6.831777188431332206e+02
7.185680212675368921e+02
9.630007273072984617e+02
8.803529442470298818e+02
8.032297437019387871e+02
9.762048265501422293e+02
7.624569960675000857e+02
5.445787675049549534e+02
9.017121832555816354e+02
1.006882468315359347e+03
8.754280625201080284e+02
1.070128856087537770e+03
8.656165973477230864e+02
7.977203160002874256e+02
5.761056196615135150e+02
5.974687523482193683e+02
8.059850723945465916e+02
8.257121755186090013e+02
8.417316061549654478e+02
6.709978489907321091e+02
8.171207688261531530e+02
9.054270829918319805e+02
8.447251377786727744e+02
6.995581251132159650e+02
6.828277752247407761e+02
7.513734576068357001e+02
9.882126559957339396e+02
9.570335300165331773e+02
8.866511276144896101e+02
8.605532577922214159e+02
8.432568943660518244e+02
8.057775151766971931e+02
9.806737592912616037e+02
7.866041102851606865e+02
9.673042771289102575e+02
5.574374034171241874e+02
8.611178585229786222e+02
8.386868734346613792e+02
8.032773984283664959e+02
7.067769852367221119e+02
8.034344228297829886e+02
6.727569167275290738e+02
4.498656636025576177e+02
9.599599569100681720e+02
9.739419866631634477e+02
7.160724375839467939e+02
8.783588520173104826e+02
8.090074182209946230e+02
8.749640906342539211e+02
6.765854306375546230e+02
7.683387217449336504e+02
9.483314127662588362e+02
9.576528301427240422e+02
4.781049502650031968e+02
5.346791435938714585e+02
8.831335551945122688e+02
6.472207066063467664e+02
1.052844361414166769e+03
7.582790315684285360e+02
8.752987063454137342e+02
7.130237553828545742e+02
8.630599922570745548e+02
8.368165492954967704e+02
9.788141821874223751e+02
9.988429291134441428e+02
9.027934156221011790e+02
9.130873323688153960e+02
9.417936395346656582e+02
9.042810517389070810e+02
9.859305814930177121e+02
8.969334660277305602e+02
5.853835025190909391e+02
8.143582057360824820e+02
9.514810096142323346e+02
8.638102809033526910e+02
6.278275190353426751e+02
7.531028844647588585e+02
9.442673802851462597e+02
8.955318402187774609e+02
9.885119851701560947e+02
7.245854663801399056e+02
8.169943846376488636e+02
8.064327142492026042e+02
6.393380247389534361e+02
8.306553675392592595e+02
9.352812216031559274e+02
7.180097806083670093e+02
8.711404930818783896e+02
7.570758855637515126e+02
8.535707857289909271e+02
1.070372770039709394e+03
8.042302259811792737e+02
7.751264652721008588e+02
7.653168336520009234e+02
9.012133316671510102e+02
8.781256017791178010e+02
1.052408299560660680e+03
7.758443962965793617e+02
5.704266245549766836e+02
9.211227657007372045e+02
6.794335119895629305e+02
9.828051930629072785e+02
9.440596256300907498e+02
9.449423507428989524e+02
8.692601144462230423e+02
7.517269492007220606e+02
8.746722344321724449e+02
8.892029605839833266e+02
9.836554829115062830e+02
9.156082277455527674e+02
4.635796127578776691e+02
8.674504308615131549e+02
8.103541355933749628e+02
6.601280226473866151e+02
9.896387423331589162e+02
1.017063423011406144e+03
9.614487841707934876e+02
8.054930410335215356e+02
8.075749784612589792e+02
8.882903307870383287e+02
9.129135608000565298e+02
8.134093139510365518e+02
1.014301018712655377e+03
1.150071240414091790e+03
8.514423897456806571e+02
1.016152607122955146e+03
9.491255986019932607e+02
8.569602437288597230e+02
7.774052047727536774e+02
8.643485758621509376e+02
9.033284425540687153e+02
1.042486817611155629e+03
8.017410602053835191e+02
1.051376975498023512e+03
9.143388268718055087e+02
9.592431004759487223e+02
6.641565053277286097e+02
8.977706755152076994e+02
9.685027437597160542e+02
8.024815811316775580e+02
8.199919833131804126e+02
7.200324765002999357e+02
4.601381014473275854e+02
8.309964314705495099e+02
7.403358208582974385e+02
7.585916138061468246e+02
9.478072669055044344e+02
9.916811989283660296e+02
6.157906180097214701e+02
6.935512033808983006e+02
6.609106605268070780e+02
5.568457775985939406e+02
9.794243719734718070e+02
8.617784575879505837e+02
8.976961370499410577e+02
9.148447373857078446e+02
6.027613911552634818e+02
9.049493046813611272e+02
9.624369306519224665e+02
5.580654244919212488e+02
6.246350597557609490e+02
4.800478589223274639e+02
1.132827722177673877e+03
8.252255880980975462e+02
1.004272244239080351e+03
9.678190204968140051e+02
6.378871609437138659e+02
8.689133951814355896e+02
9.475665937039342452e+02
8.626760841732876770e+02
6.670760289748537843e+02
5.588090408177549762e+02
7.586178421429499394e+02
7.951138002395483682e+02
1.009211639838269207e+03
9.859474940359565380e+02
8.612592897052287526e+02
7.245215292070780606e+02
8.245433932712502383e+02
9.953162966475632629e+02
1.044911938708773050e+03
1.150115685193466788e+03
7.078943391509917547e+02
7.304187370420237357e+02
5.960423884680168385e+02
7.294926695982743468e+02
9.258626621134199013e+02
5.097540760373969988e+02
9.674093402657516663e+02
7.760998244995839741e+02
9.461925105891095882e+02
7.902393071641512279e+02
6.821111816389196747e+02
7.018302331350228087e+02
1.081447869540606234e+03
6.401369257386131721e+02
6.102092461860519279e+02
9.163012889351770127e+02
5.202469688832763950e+02
1.077558368185882046e+03
7.120277789728596645e+02
8.739890766478754358e+02
6.589136953271450921e+02
6.855237789000045723e+02
9.103895941539400383e+02
6.030443673009452823e+02
9.211863667804410625e+02
5.666535878942892168e+02
6.913673604088905904e+02
8.761105827066647862e+02
1.024580601905528283e+03
8.804379969711221747e+02
1.014148274889174672e+03
8.576495014281206295e+02
6.142845517095886407e+02
1.003539264217018967e+03
6.195793440739860216e+02
9.802027292884264398e+02
6.786480852906855716e+02
5.920116930753995348e+02
9.909485522652271356e+02
7.042876161100610943e+02
7.971271442564999461e+02
6.579560242999075399e+02
8.187664655742478317e+02
1.012127987026702044e+03
5.650401409333007905e+02
8.400778719235461267e+02
5.541956671521530780e+02
8.720860486485574938e+02
8.962610546060767547e+02
8.437824107961976097e+02
5.246504716747658676e+02
6.718082531778705970e+02
7.312361603244848993e+02
5.598160317743256655e+02
1.008289733640293434e+03
9.776582139954625745e+02
1.098662108324109795e+03
9.236171380037876588e+02
6.977888281041258551e+02
8.546598976540461763e+02
8.536179949472663111e+02
8.875736482831443936e+02
3.755608951547027345e+02
7.950241688189069009e+02
7.563737006106740637e+02
7.610739130617585033e+02
7.090688869960608827e+02
1.013344346830103518e+03
8.088777859736925393e+02
6.794665508104077389e+02
7.750418886138180596e+02
6.584981467461235525e+02
7.873314317478888142e+02
7.208424228263722853e+02
8.741407549152777392e+02
7.622321516123971605e+02
7.655271576183941988e+02
9.406543305962983368e+02
8.769007745986317559e+02
9.736500940729896456e+02
8.195153194779874184e+02
8.033701067270225167e+02
5.968023872025501078e+02
8.830453132463768497e+02
4.440055037068288470e+02
8.399299874337253868e+02
8.197835040183750834e+02
1.082190251401266323e+03
8.691877480704821437e+02
8.856693514052593628e+02
9.593110424683923156e+02
7.978842009142883853e+02
6.651277328975791079e+02
1.132173571992127563e+03
6.140808721260239054e+02
1.018910962981965213e+03
8.597620595148522398e+02
8.770201090563750768e+02
9.221255152936407740e+02
6.121552125179814539e+02
9.433688720292744847e+02
8.288548209543403118e+02
6.883884551158100749e+02
5.633199840923440433e+02
5.424673758326679263e+02
7.344476695629358574e+02
4.689650340105993678e+02
8.886667181690161215e+02
6.434282313213724365e+02
7.448297685139415307e+02
8.011870760865194825e+02
9.155618849802468731e+02
8.223122420777441448e+02
5.881734891320471661e+02
5.481996984846873602e+02
8.905840294732871598e+02
6.980851359414622266e+02
9.799859919821366248e+02
1.133106636867868247e+03
6.898730761502396263e+02
7.373011809073601626e+02
8.697508878567331294e+02
7.195388924116040243e+02
9.784217524355183286e+02
1.013372470816562554e+03
5.263128349847384015e+02
7.029678485548931803e+02
1.058505634415700570e+03
7.172984406703335480e+02
8.675242137573101218e+02
7.434625223849192253e+02
8.834957342405108420e+02
9.087801472581487587e+02
1.185250282754245518e+03
5.995290198906801606e+02
8.136089755443771310e+02
9.296377800426298563e+02
8.771483173076410367e+02
8.297854333556646225e+02
6.804925070331340748e+02
8.340446689708280701e+02
8.093731562149789625e+02
1.002653096549815700e+03
1.047449629310805904e+03
6.915351949254763895e+02
8.446818208431039920e+02
8.820275139023970041e+02
7.221200102881441580e+02
7.625067550046194356e+02
8.532521878727284275e+02
8.362905949852067806e+02
8.430643769831422105e+02
6.297138260051376619e+02
6.656452811481266281e+02
5.927802053639176165e+02
3.973962399420444171e+02
1.051381199684704143e+03
8.641018906164100599e+02
7.730126615830248511e+02
9.440438053424250029e+02
9.587065138799246142e+02
8.482134538805200918e+02
8.932994134638124706e+02
8.707054315268318305e+02
9.111591981367233757e+02
1.119258251683581648e+03
1.112216888222230409e+03
1.079122422269885192e+03
9.414320392660146126e+02
7.323200249312578762e+02
7.540026664138908927e+02
9.451951580178136965e+02
8.567436310530436003e+02
6.432881192246766204e+02
5.927587554262294134e+02
1.135883476673929408e+03
7.922423681012962788e+02
8.086624323684244473e+02
1.000091988435712778e+03
1.103347262891249557e+03
1.052935810764528924e+03
8.012623894071480208e+02
5.060408528225032683e+02
7.003769471399025406e+02
8.348966792847062379e+02
5.151135134132305211e+02
8.621552951295772118e+02
5.146931905981062982e+02
8.265199698000195667e+02
8.693609041179898895e+02
8.328508817609027801e+02
5.276732380294043878e+02
7.133055999197218853e+02
1.012223101918266707e+03
1.018156210510461506e+03
8.922969319318924590e+02
1.121886439286533459e+03
6.714958178748217961e+02
8.041569159205765800e+02
9.235228443866478756e+02
6.421351831595781050e+02
8.551196646647925945e+02
5.914078444381659665e+02
1.027284661329492337e+03
7.709904156758652789e+02
6.693574426598855780e+02
7.100245760107263777e+02
9.015213150012305050e+02
1.030221829414989770e+03
8.776657602703836574e+02
8.227455417538437814e+02
8.726441881098178328e+02
8.291112929421515219e+02
9.171581295629663373e+02
7.072937104272407396e+02
1.044565960425775302e+03
6.489375726108161189e+02
5.713719185591565974e+02
8.627578634806133095e+02
8.612809400311740546e+02
1.040339887452347057e+03
9.373326232360897166e+02
6.806554746290191815e+02
6.362205838811408967e+02
9.716477132428278765e+02
9.487512177912221887e+02
5.678037165780292526e+02
7.839871448821559170e+02
9.452356800559127805e+02
1.038194241792171397e+03
5.469890290596575824e+02
1.194584079265684295e+03
9.075428038388855612e+02
5.127164041026279619e+02
8.880015180349181492e+02
8.529802124904833818e+02
4.857289067376247544e+02
8.855188364783703037e+02
8.435456837856329457e+02
9.106471938208438814e+02
9.654224355357017657e+02
9.148890988500334061e+02
8.383184903865612796e+02
5.831749417034807266e+02
9.531876394382430817e+02
6.565902766275306703e+02
1.047439905475391015e+03
7.651108173189664967e+02
9.910833491466178202e+02
1.014411599226078692e+03
9.652138856042998896e+02
7.664200743931818351e+02
7.947820717406746098e+02
7.940291646697747865e+02
8.636297659330380156e+02
1.064428081949372881e+03
8.365076899771095214e+02
6.819847707992181540e+02
7.670737176629726264e+02
8.224076770433083539e+02
7.962229930136024905e+02
6.453718218554630539e+02
6.672415239887048983e+02
7.522929718469052887e+02
8.718862963577288383e+02
9.203700486087989248e+02
6.776070480011127302e+02
1.033235223191103614e+03
8.157529906780322335e+02
1.005604008022682024e+03
8.924446426108734158e+02
9.978690858032184678e+02
8.833278676650362513e+02
6.595897010595374468e+02
8.847419908001003250e+02
8.361038954286249236e+02
9.544755230546393250e+02
1.039779971626441920e+03
6.942344219916143402e+02
4.372702871342354456e+02
9.056185866268494919e+02
6.618323832825981299e+02
1.014417751610867299e+03
8.109974680322759468e+02
9.358426266445850388e+02
8.688526941133437731e+02
7.487672980224217554e+02
7.421246770041403806e+02
9.290208918173901793e+02
7.049750377466281179e+02
9.648327592304477776e+02
8.850080436939048241e+02
9.056134722731129614e+02
1.000479631982088335e+03
5.276276452990030066e+02
6.857505353882780810e+02
7.210490411888825975e+02
8.760786746468345427e+02
9.107463311007174980e+02
1.049534258377051628e+03
6.348250068088293574e+02
7.624511827740451508e+02
9.728734613221487280e+02
9.895523812240446659e+02
9.167888258038826734e+02
8.911924827697422415e+02
7.393672446996964709e+02
9.548661519893296372e+02
7.554092364453515529e+02
7.606428221546836994e+02
2.888895091589666322e+02
1.093456044022030255e+03
9.428243797317683175e+02
1.056120385509178732e+03
7.450610439863083911e+02
9.547861662374265279e+02
4.727912164332190059e+02
5.476621818557563302e+02
8.923569206494373702e+02
7.487695836804429064e+02
7.947454625825982930e+02
7.523190081936346587e+02
7.913938944211934086e+02
8.003196773354800371e+02
9.780082395981274885e+02
7.331435663474344437e+02
6.366570199874656737e+02
9.182396159783054372e+02
7.072812948839357432e+02
6.993265645298664595e+02
1.158570037219791402e+03
8.198421924514692591e+02
9.891698058373358435e+02
7.029341275545896224e+02
1.046240288340575944e+03
9.902906696117016736e+02
8.897964339013241215e+02
9.595083664415126350e+02
8.010883353913067140e+02
5.823721623146125239e+02
8.729346811140735554e+02
1.173054846864706406e+03
8.475438758648589328e+02
7.384080727274251785e+02
7.157814937251041556e+02
9.570599254919434316e+02
8.643217201068232498e+02
9.086472950866422025e+02
8.250353431595755183e+02
1.086940817813095919e+03
6.970903561544060949e+02
9.091858289601542538e+02
7.654496244296666418e+02
9.727815707387337625e+02
6.986329683454791848e+02
5.553130805532495060e+02
7.274151792911247867e+02
9.290045655755627649e+02
9.181926156204335712e+02
5.379434681376595790e+02
7.610954204813066326e+02
8.768097066958637242e+02
7.955774887029216416e+02
6.933353189095315656e+02
7.985203724059176693e+02
7.685564944690887614e+02
8.205167956193158716e+02
8.199943336355501060e+02
9.873467829191794181e+02
8.326807904410718493e+02
5.683556071469849940e+02
9.903002795471144282e+02
7.758299577551033508e+02
9.237970926373626526e+02
7.920327253774479459e+02
3.994344307682125077e+02
8.300763574166685430e+02
7.401771319759513972e+02
7.872348429805273327e+02
8.695074378091555900e+02
1.052019214573800355e+03
8.030504163818086454e+02
7.804851681218520980e+02
5.704345368653397372e+02
9.064972477944616003e+02
7.869383927096882871e+02
3.337922745694187938e+02
8.126281540381935429e+02
7.249758849353059986e+02
8.769440576680411823e+02
7.621321542395824054e+02
6.962343638405444608e+02
8.595871734869999727e+02
9.292570146631787793e+02
7.011541090660468853e+02
1.145866257672921165e+03
1.064791806927359403e+03
6.466226231810635454e+02
8.174166539167375731e+02
8.823310317335234458e+02
9.354046354155160543e+02
6.560281807136826728e+02
6.646371345392674357e+02
8.877377756318323918e+02
6.248535542260827924e+02
7.083466556317824825e+02
1.002800549194702626e+03
7.768544477427592483e+02
9.806621506544962585e+02
5.696504689609631669e+02
8.063556832058415011e+02
9.660192045815393840e+02
8.861491240800157811e+02
9.367132265605180237e+02
9.611874308390625856e+02
1.032877858826595002e+03
1.152775824815602618e+03
8.305026895581531790e+02
9.195064461944851928e+02
8.756114589091946527e+02
8.717260637019004434e+02
7.586641175998470317e+02
1.085640281419686517e+03
8.953004263934396931e+02
1.009965626569047231e+03
8.115558331849558726e+02
9.346652825671368419e+02
5.177483243923883265e+02
8.538703243728056123e+02
4.963709250036656613e+02
1.104117262416570838e+03
9.047507041205717542e+02
8.913826820646054330e+02
1.018247394485749055e+03
7.838185908266159458e+02
8.411930455878407429e+02
9.908728839146647260e+02
1.122794356218374787e+03
7.596824254642834831e+02
8.800438427584211922e+02
8.250493116900566974e+02
9.134516344537212262e+02
8.253699942610247717e+02
8.280081926281488904e+02
9.530269433170864204e+02
9.080313153244463820e+02
8.697841209542858678e+02
7.645565501698705475e+02
7.342426204487214818e+02
9.294794076434402541e+02
9.348353713107061367e+02
8.958072361144096476e+02
8.923323204174693046e+02
7.208487072101116837e+02
7.984237695308302136e+02
9.454394865408877422e+02
7.195678054988205758e+02
9.717374074461210967e+02
6.156412003601512879e+02
6.924609038093171876e+02
8.504055637174109279e+02
7.712376363521118492e+02
9.769535100935399896e+02
7.622768755593467631e+02
7.200082886441284700e+02
9.397107341137202638e+02
7.979200434667590116e+02
1.051329681606259101e+03
7.125778871516428126e+02
1.043078557083708802e+03
8.410322443617476438e+02
9.246409844650592049e+02
8.097525226085837176e+02
6.788163609240153846e+02
8.918038935629674597e+02
8.496416986456146105e+02
5.632870489522612161e+02
7.881028204808609416e+02
7.454684676527043621e+02
9.307678702240768871e+02
8.331726913991676611e+02
9.169039769253424765e+02
7.980369023770874719e+02
9.745324802212450095e+02
8.548390575242924569e+02
9.066523234129098228e+02
6.157952218450577675e+02
1.023151650023487491e+03
6.400003667421980253e+02
8.602841625190959576e+02
9.531513523681157949e+02
7.882986948197590209e+02
1.073649233839526687e+03
8.814363223478676446e+02
7.512953622033130614e+02
1.036654533846382719e+03
4.288776097933219944e+02
7.604816574296236240e+02
9.863019471016518764e+02
7.107367507103285789e+02
9.141757810659066763e+02
5.086473403488705571e+02
8.137979904853260678e+02
8.954828224148261597e+02
5.300629805763525155e+02
8.317768223681496238e+02
8.544107963989255268e+02
8.751203915441172967e+02
9.259849131873146462e+02
8.199047205273695909e+02
9.000408319305778377e+02
8.797547800623930243e+02
1.149305195555340788e+03
1.099287694076587513e+03
7.348071976733490374e+02
8.175025015995209969e+02
1.015002537732563610e+03
1.070039958777516631e+03
9.308523430219395323e+02
8.104270071550761259e+02
7.579042394035565167e+02
6.886762057480571002e+02
8.133535839480193772e+02
9.366916039944491104e+02
4.788881674395683490e+02
7.838053984738669442e+02
7.785266949795690152e+02
7.189582056370991268e+02
7.664913317359695384e+02
6.286450578077480031e+02
6.641539894302253515e+02
9.011193348873177911e+02
7.741080904041594977e+02
1.006591036221986656e+03
9.401508823203529346e+02
1.049788120347433278e+03
7.578915381474821515e+02
5.279509473129681965e+02
9.421355046938109581e+02
9.147401022020011396e+02
8.611837131341396798e+02
9.258374528162969455e+02
1.082195822326292273e+03
9.503065997220077179e+02
8.438589066679683128e+02
9.978126606284552054e+02
5.918674381853002160e+02
6.209475986976805189e+02
7.774206447464440544e+02
7.747330317314548438e+02
8.861066704601417996e+02
6.669976507488967172e+02
6.549421814963042152e+02
7.464386916009133301e+02
9.390657549030428299e+02
6.670081154735746622e+02
8.901226210893697726e+02
5.612046175585492165e+02
8.407471995752463272e+02
7.458180533702718549e+02
9.411222232595977175e+02
8.329536165726851777e+02
5.733368198814588368e+02
8.750584217889010006e+02
1.032390032823114097e+03
6.028500398032363137e+02
1.156482144197758316e+03
6.062680175692494231e+02
1.001118493213623651e+03
9.977795382638921637e+02
1.046594006308640019e+03
8.749529050192039676e+02
6.531275730909512731e+02
4.398215073401310065e+02
9.791966470747130415e+02
8.801590601391599193e+02
8.952529667882949980e+02
8.729704932789352370e+02
7.435240574056952028e+02
8.023589301118148569e+02
8.580449283524609427e+02
6.868306705988260319e+02
6.780579971465507469e+02
8.010331128452172607e+02
5.760402139476384491e+02
8.802733492597445775e+02
9.436983768476728756e+02
7.777078623338696843e+02
8.239978313362893232e+02
9.323950529812854029e+02
8.113532939430623401e+02
9.252067306231474504e+02
8.139541553433841727e+02
7.642839028611529102e+02
7.193927329689596490e+02
8.132640200132431119e+02
8.069975536917131649e+02
8.831705313889566469e+02
8.925809194025508759e+02
6.420823073092893765e+02
9.497957997076033507e+02
9.772430061536362018e+02
7.545424881724584338e+02
1.061942788206656587e+03
1.085844061042518206e+03
9.338718557373738349e+02
1.147626749099355493e+03
9.881864921534678388e+02
9.676357874259679193e+02
9.371418652988647864e+02
8.944413742869131738e+02
6.872627739427091456e+02
8.643488648365113249e+02
8.495853286221333747e+02
5.127529823243909277e+02
9.740562823940609860e+02
4.179730488366628833e+02
1.117809705228072517e+03
6.762268551493440327e+02
6.617438168190543593e+02
9.761029467934793047e+02
7.394902995402218266e+02
7.515901619553417277e+02
8.236640982497581263e+02
9.987336677519886052e+02
9.640108055263522147e+02
7.491932723993033960e+02
8.019820750083919165e+02
1.017521108174627329e+03
1.040522630401487959e+03
7.855985747502304548e+02
8.257140928240258972e+02
5.951474230399862790e+02
8.916553641646435153e+02
5.977847373795866588e+02
8.213012475139033768e+02
8.825918836382805921e+02
8.015808187850792592e+02
7.784770563800124137e+02
8.334331346593376111e+02
4.825193163045054803e+02
8.601432938426676174e+02
6.839401612371768806e+02
9.689124182389042517e+02
5.994498507173985899e+02
8.319418972449453804e+02
6.260524006349612591e+02
5.380225024689021893e+02
8.682561422927960848e+02
7.236502143067928046e+02
8.812414676938992670e+02
8.962499483539396579e+02
6.812051507188671167e+02
8.075400792405837365e+02
8.323722646421359741e+02
8.301856013272750943e+02
9.107585286502942381e+02
7.976251421896987495e+02
8.551893447980265819e+02
9.339968572236346063e+02
1.068472986396736360e+03
5.842688966164810154e+02
8.931935768528019253e+02
7.559009541136276766e+02
8.256601885652678448e+02
6.002311454614807644e+02
7.019163422787316904e+02
6.999537656475532685e+02
5.262343377219065133e+02
6.774203296949427795e+02
7.581583163743611067e+02
7.896685624334508020e+02
5.044042648233079831e+02
4.971690107198894566e+02
9.958473488376275782e+02
1.063714549440628844e+03
1.061551709945519178e+03
8.838565525010008059e+02
9.312008784344162677e+02
6.516284227988737712e+02
7.402274715012174511e+02
8.134899949206501333e+02
4.919374151628739469e+02
9.293495640336640236e+02
6.422197410231618733e+02
8.969584497018122420e+02
6.416703401832224927e+02
4.862259298481417886e+02
8.639984289881114137e+02
6.210170222232063679e+02
6.511181401385247227e+02
7.736661011686672964e+02
1.146354314105372168e+03
8.272206477561364864e+02
6.112887789976093700e+02
9.586528418533415561e+02
5.646550635292223888e+02
9.658424326775831332e+02
8.463459748013185617e+02
9.336262506621218336e+02
1.101290956939021726e+03
8.210823935878855764e+02
9.972179324222312289e+02
8.150518301559637848e+02
7.177543354632497312e+02
6.512180919381323747e+02
1.030955731501095215e+03
9.100520454671005837e+02
5.518984167786990156e+02
7.133721154750066944e+02
1.047958194611657973e+03
7.601896706174738938e+02
9.296573802817255228e+02
7.636242962619706987e+02
9.369464664543592107e+02
7.967545191033450465e+02
7.546833995642308537e+02
8.017518409228400742e+02
9.080736316469680105e+02
7.243604735413607614e+02
7.357394550365748955e+02
9.017198626612243970e+02
8.767236544579828887e+02
9.009983131942331056e+02
9.360914303401799543e+02
5.696850690406822650e+02
1.110494106172069223e+03
5.749635398543777001e+02
7.762660477585505987e+02
8.194550034587748542e+02
9.117824797183448027e+02
7.508758428460446339e+02
7.543012918171899628e+02
5.102946730042162926e+02
6.176796835530727776e+02
6.844644556149901291e+02
7.001606582437906354e+02
8.379069783732834367e+02
1.026399880081871970e+03
8.549177883427178131e+02
6.135879021192093887e+02
7.855375308682345121e+02
7.218298696467237505e+02
5.979452121585393343e+02
7.842034313631274927e+02
9.151677046088591396e+02
1.024183495996303691e+03
7.855738569474854103e+02
5.293577149789391569e+02
5.799583948841694792e+02
4.842655290522353653e+02
1.170330032221641204e+03
9.667514911820904899e+02
9.986305369109405774e+02
1.041665080559085709e+03
9.423696896305251585e+02
7.692299828375645347e+02
7.784793293109447632e+02
8.980441319512490281e+02
8.744674600190927549e+02
7.545797491063359530e+02
4.651972275795831138e+02
8.947803244081052298e+02
6.918836188575498909e+02
6.653148747179420752e+02
8.143181810499499989e+02
8.262198040371475827e+02
7.921843057747153125e+02
6.946158512529709697e+02
9.760264358569469323e+02
7.340441801190269189e+02
9.971845975938655329e+02
1.024216783447154739e+03
7.405384695319434059e+02
7.506853547865620158e+02
9.230827947685716026e+02
7.822686568026445002e+02
7.680442562486122142e+02
7.510164431116396599e+02
8.806177625434407901e+02
8.404282992538630879e+02
9.690308785127990632e+02
8.626676455108857908e+02
9.298911482237532482e+02
9.718825961316512121e+02
8.400934740341790530e+02
6.323272274015796484e+02
1.061035749119898583e+03
7.112965973027309019e+02
5.334113784671025087e+02
1.006744210410478559e+03
8.924427124499914044e+02
7.495919000853688203e+02
9.544129830120497218e+02
9.317190964661990620e+02
8.790470474358181718e+02
4.161897740451923369e+02
9.709498433447566867e+02
8.448178652295995334e+02
8.381066117958453106e+02
7.969957691265162794e+02
8.692491567525732989e+02
9.401410011884986488e+02
9.621802520138249974e+02
5.523084894052946083e+02
8.053401585821113713e+02
1.206318198440493461e+03
6.776745802420065274e+02
1.090040268917839057e+03
8.383174402049663740e+02
1.081527293072110297e+03
6.610853257518625696e+02
8.463054919733295947e+02
9.668952841995566132e+02
8.790384119752842480e+02
7.695658354171632709e+02
6.956498432916567936e+02
4.526207121369296260e+02
9.038034899783949641e+02
7.089928525908948131e+02
7.362612010236007336e+02
1.024092165415966974e+03
7.602966319240781559e+02
7.773036604912532539e+02
8.864631341677501268e+02
7.587673440103038729e+02
8.085785483101204818e+02
1.009496388226205568e+03
6.475524130320836775e+02
6.784312330854580750e+02
6.913966186628484820e+02
5.829451305405774519e+02
9.806047678533311682e+02
9.033830574949248557e+02
8.239450867237333114e+02
8.160204230514802930e+02
1.069665048603586456e+03
9.370226965294062893e+02
9.784009612786175012e+02
7.526269525275642991e+02
6.398991543490335516e+02
1.083718928851316150e+03
9.098491368245936428e+02
7.375432984109645531e+02
9.485971907752955303e+02
1.007520499423674323e+03
6.842470848680333120e+02
6.632616395784311862e+02
9.062806374510139449e+02
9.007005330751738938e+02
9.498871886633930899e+02
5.015875946082834389e+02
9.759127431802263573e+02
5.516486196533802513e+02
7.389304916996104566e+02
9.856937784560936961e+02
5.817348844472204519e+02
6.131479341429837859e+02
8.413167105528831371e+02
8.334892679654301446e+02
8.897424057648415783e+02
1.039756157530813198e+03
7.984420240566860230e+02
1.031990872491954633e+03
6.297544520611482994e+02
1.010906964807939744e+03
9.500980582458186063e+02
7.565773473347962863e+02
1.080758467747148643e+03
6.540348747675401455e+02
8.334182515557348552e+02
1.064943583083183967e+03
7.953692109221950659e+02
7.579508655829406507e+02
7.102255281893859546e+02
5.158090331338786427e+02
9.131808709334035257e+02
8.984678575562139713e+02
9.062603201768995405e+02
6.220874808787117445e+02
8.773450683686968432e+02
6.544202737867576616e+02
7.866954129567725431e+02
5.674616187368987994e+02
8.544270588044465740e+02
6.211591364311888128e+02
5.769321847791436539e+02
5.592192676352677836e+02
5.795312562646223569e+02
7.735401914715624798e+02
9.039873802743709348e+02
8.605162565335916725e+02
7.795561306990471167e+02
8.523132561018857132e+02
7.643442195289170513e+02
1.019522303681370317e+03
7.082523417615827839e+02
5.323437179166530768e+02
8.801666941594494347e+02
9.972135462124516607e+02
5.456771957254571817e+02
7.873086270030663627e+02
5.566173189306226732e+02
8.455050557934749804e+02
9.126070634582894172e+02
9.296253466476368885e+02
7.723805141454199656e+02
7.340302465432481540e+02
1.079940788215477141e+03
9.715590794469628690e+02
7.414330821253796557e+02
8.709279242614309169e+02
7.949852405321653350e+02
8.053761921174599365e+02
4.191338423231179036e+02
7.507166010629858874e+02
8.455536672287371402e+02
1.115664657002288322e+03
8.767041739536232399e+02
8.017585506060786429e+02
9.949004388197971593e+02
7.889431462971720066e+02
6.680321761826115790e+02
5.166021023460539254e+02
8.458211911433384103e+02
8.520569892575524591e+02
8.689582828336807552e+02
1.092205426849050355e+03
2.850001073910576110e+02
9.278030957533193259e+02
1.076596583345737372e+03
9.065658357339381155e+02
9.153933825412467513e+02
9.366764019896622813e+02
7.771592724805730086e+02
9.511835445125213937e+02
8.987839341218116260e+02
9.394088173077883539e+02
8.678108871654941368e+02
9.296181543461849515e+02
1.016291539111924749e+03
9.746918593505985200e+02
9.404500007524986813e+02
8.845016685119226167e+02
1.019748547733711916e+03
8.514419692293885191e+02
9.470504039237764573e+02
6.665696655004690001e+02
9.609958316370075408e+02
8.948021871247469790e+02
8.899566371470270951e+02
6.579526091799029928e+02
6.433960988984478035e+02
8.477754420359332244e+02
5.659933050396189174e+02
7.914578041247682449e+02
8.014000431485828813e+02
6.802927327363870518e+02
8.977030884598543707e+02
7.644204121757423991e+02
9.701619489277677530e+02
4.845325313302184895e+02
8.982967226846892572e+02
9.631030888488849087e+02
7.225155287373470401e+02
7.354802776147329268e+02
8.665078488397804222e+02
4.951890926713994645e+02
9.766734871468643178e+02
8.539852430930451419e+02
8.471339363691599829e+02
9.257906685172918060e+02
7.565023349402927124e+02
6.955397469839715541e+02
7.219685436090995836e+02
6.544557919413146010e+02
9.653412022423049166e+02
8.975122178820683985e+02
8.796857492411511430e+02
5.957299432688391789e+02
9.656510991402320769e+02
9.496346159278235746e+02
9.639595156343822282e+02
1.019718232318811033e+03
1.041909522432999438e+03
1.007094372950245429e+03
9.382966308350318059e+02
7.465174657696900340e+02
7.118148203209292433e+02
8.301069873516885309e+02
8.540722649950322420e+02
8.879215351591500394e+02
9.019877340287263223e+02
9.182522493271759458e+02
8.581428160175589710e+02
9.313489152932218076e+02
5.337575391051129827e+02
9.243483960218005677e+02
5.952203566941578856e+02
1.027641935499004603e+03
8.881808658280359623e+02
8.959405493949666379e+02
7.875240597633870721e+02
1.035993681224381589e+03
7.137946582620922982e+02
8.882234826546455224e+02
6.579417041432714086e+02
8.918560839820646606e+02
7.058518161571728342e+02
6.356446569708383549e+02
1.059020899246443832e+03
6.541798781581733238e+02
8.340012438499035170e+02
9.008745475818273007e+02
8.820972203145914818e+02
6.193647846050391763e+02
1.257512695167961056e+03
8.480212912325096113e+02
8.861981001175122401e+02
7.408023607070018670e+02
7.562128865253370122e+02
8.915585346017600159e+02
1.063699343405073023e+03
9.174437890198723835e+02
5.619531145840310273e+02
7.176089269371326509e+02
5.472098910296094800e+02
8.404515756103168087e+02
7.426386444511712170e+02
9.761170661366220429e+02
6.281747944985370395e+02
7.284093447866231372e+02
7.312523880263261162e+02
9.205344796862978001e+02
8.763251837222793483e+02
9.832521023513442060e+02
9.229867645926640307e+02
9.113429779450812021e+02
9.320059053944171410e+02
9.507365242228236184e+02
6.070486380631670045e+02
9.311024641233353805e+02
8.654923364582555223e+02
9.388814426704622065e+02
1.053772883191030587e+03
5.149963766621187915e+02
8.959210042281745245e+02
9.248997693904869948e+02
8.393646418043688300e+02
5.646294946525302976e+02
7.459716407785650745e+02
9.226113246120744407e+02
1.032640531335828200e+03
5.276869833945457913e+02
1.047397443060128126e+03
7.842157162130008601e+02
8.323628807547372617e+02
8.746763563232533443e+02
6.370451700995876081e+02
7.934942987313670528e+02
7.720199321729012354e+02
7.489759561835578552e+02
7.936482928584447336e+02
6.692461473742288263e+02
6.460139449974728905e+02
8.362143199236544433e+02
6.849627276790441783e+02
5.004035013748509186e+02
8.379622149900164914e+02
4.310263455763434877e+02
7.261406884406895870e+02
6.054191341340757617e+02
6.304041424065092087e+02
9.953112116927908346e+02
9.871863821176763167e+02
9.463929687848668664e+02
1.023397401892295306e+03
8.751176648547369723e+02
6.699189052518679546e+02
7.733680018950273052e+02
6.762022807103846844e+02
7.473165178985173043e+02
8.408614075075549863e+02
1.064564540188534920e+03
5.406986474634843489e+02
9.499856408659002227e+02
9.469853133967676513e+02
9.163955740623187012e+02
1.062274147512293666e+03
9.217125775464933213e+02
6.746768256629300140e+02
5.238568935549699290e+02
7.137426752672331531e+02
6.387881171645948370e+02
6.831916039594449330e+02
1.036145170664088937e+03
9.296921466047073181e+02
1.031070594360471205e+03
9.948714461099433493e+02
8.634850528414001474e+02
1.038075108125742645e+03
9.446643860197806362e+02
7.957401904878881851e+02
9.784676776778887870e+02
9.787596472399826553e+02
1.099454916579579503e+03
8.875194549602875895e+02
7.691237322193074988e+02
1.127302118507471050e+03
8.099841028265664136e+02
1.014298142336665705e+03
8.039450551394787681e+02
5.289776183357880655e+02
8.848269501578172367e+02
1.023282014933070741e+03
6.581764800447657535e+02
8.220193424385344088e+02
9.239120554035554278e+02
8.040002042163800979e+02
7.184079559326610251e+02
9.433929468877213367e+02
5.162345802532597645e+02
9.421262200345920519e+02
9.173616865567735204e+02
6.941510273117477254e+02
9.577768236282573753e+02
8.827851560688404788e+02
7.983823638219411123e+02
4.979158927922787825e+02
7.183079583475678191e+02
8.819131409294650439e+02
1.003637874926869699e+03
5.789065780893042756e+02
8.147357375495137148e+02
1.092932641965734774e+03
9.070972522165394594e+02
1.140740060936067721e+03
8.677694518914019000e+02
8.710516327273086290e+02
7.273071740476012792e+02
7.343895882093142973e+02
9.548132545433776386e+02
8.590017582978200608e+02
5.117386261632351534e+02
8.731915006883979231e+02
8.465609116720903558e+02
8.809921498097861559e+02
8.004917458754913469e+02
8.329694658404399661e+02
9.135395169625896870e+02
7.666036912539947252e+02
8.596613014066260803e+02
9.603587349244882034e+02
6.412836886884018668e+02
7.985281386921974445e+02
8.386377332145034416e+02
1.072647026722122291e+03
8.869882172740174155e+02
8.465488393662155886e+02
4.313301562301412559e+02
8.708358078746152842e+02
6.504849665143512993e+02
8.230081577064920566e+02
9.812018997199145360e+02
8.123374383250931032e+02
9.506036852876728744e+02
6.915842746256469127e+02
7.575895129910270498e+02
9.212781348501719094e+02
8.336252538879095937e+02
5.518883845018225429e+02
7.829530957928440102e+02
8.778447148097034187e+02
8.475550346876133290e+02
8.220529548441905945e+02
1.155128769127459236e+03
1.010145558700745710e+03
5.599070046247481969e+02
6.493263007962079882e+02
7.466471998106484307e+02
5.085101713431475332e+02
6.847563455939318828e+02
6.452747536787971967e+02
9.608660312173269631e+02
8.718462930252851493e+02
6.669907434290601032e+02
8.978868272329918909e+02
6.207783228789395480e+02
7.137673155592661942e+02
8.353847459878320478e+02
7.712154173856025636e+02
8.891155617700961784e+02
9.014400357629265272e+02
8.901436282918170946e+02
5.056265401674930331e+02
8.402007175740569664e+02
1.018011590448952006e+03
7.241200280370380824e+02
8.792345312537094060e+02
1.150751010506316788e+03
6.545621488686268776e+02
6.074622263032847513e+02
7.166893617798947389e+02
1.071030397076696318e+03
9.373765194446089026e+02
1.041036552779572048e+03
8.721353327674953562e+02
6.617741926599965154e+02
8.242262698784663826e+02
9.187692277167524253e+02
8.475936292867687598e+02
7.955967535114893963e+02
9.108039821328652579e+02
8.585485233363415318e+02
5.307474297576140998e+02
7.308868141629602633e+02
1.127017620903658781e+03
9.816560896185925458e+02
7.023063217301066743e+02
9.942125505944269435e+02
6.686445207734103633e+02
8.334900824241258306e+02
9.881855940345589033e+02
8.574334627878998845e+02
7.799823921578865793e+02
5.096146734850344160e+02
8.255818290248582798e+02
8.622674188113705895e+02
7.796993340573776550e+02
9.416429142490900404e+02
9.752027939865598682e+02
1.055629551012790671e+03
8.183943937530874564e+02
7.188844211658547465e+02
7.611154631115061875e+02
8.732028546109714853e+02
5.303780708015648315e+02
7.709196167741669115e+02
8.032790678234316601e+02
8.851016520811044757e+02
6.466983687407969228e+02
8.769627115783138152e+02
9.525889918431328169e+02
9.315754885564077767e+02
7.128360071329203720e+02
7.552526654070711629e+02
4.888217346591007413e+02
9.243981682144024035e+02
6.444441294630073571e+02
5.299775234670318014e+02
1.145801058384557564e+03
7.848881898743946977e+02
8.776974538334585532e+02
7.064423923504112963e+02
8.153312868995774352e+02
6.464189681646683994e+02
6.433206420273016874e+02
9.711089488837420731e+02
9.869115475480994064e+02
1.013441206048811068e+03
6.514916387626188907e+02
7.212632718825901748e+02
4.250689844351756506e+02
4.693972864354180388e+02
1.008149713866274283e+03
8.169612442581109235e+02
7.547098470850219201e+02
8.008611738447565358e+02
9.472647568923480321e+02
8.879295961942286795e+02
8.990948982733151524e+02
9.600626782472305649e+02
6.185652078260912958e+02
5.908071642279637672e+02
7.170770758574873298e+02
5.390665098070927570e+02
8.554524890683886724e+02
6.901425107774552998e+02
6.672604434067413877e+02
5.961994860009326658e+02
9.158309535154555761e+02
9.461500542952169326e+02
8.886812907012424603e+02
8.107978217816026927e+02
9.096694703650533711e+02
8.832754275658330698e+02
8.936298300998699915e+02
5.885126926900345552e+02
7.690549114987795747e+02
7.957479908511298845e+02
8.008754573470073410e+02
9.019774798294417906e+02
9.508153669675406263e+02
9.234908700643062502e+02
7.533202285543720791e+02
7.853062313730312098e+02
8.744980954655165988e+02
6.015590492274046710e+02
5.812007447521833683e+02
4.575596557449208035e+02
7.648311437991424100e+02
8.261809185501064121e+02
7.831426185506765023e+02
5.021066268959107788e+02
8.865612745394261083e+02
8.454931588059640717e+02
8.762203439734540780e+02
7.850339068411897188e+02
9.706599854307489750e+02
8.069184864169845923e+02
6.607926713736860620e+02
8.636994401941086608e+02
8.269542416917473702e+02
5.547216729070265728e+02
8.385673355215041056e+02
8.718969305164805519e+02
8.048197691993656235e+02
9.303182072310610238e+02
1.039508933172927300e+03
7.877882532364834560e+02
8.748710841759149162e+02
5.046069383421694283e+02
8.568254245104288884e+02
6.993527593601691024e+02
5.947975246798075659e+02
7.527057954144904670e+02
7.552237159549339367e+02
9.819323126342953856e+02
8.691117762500180106e+02
1.016227798458145799e+03
6.799730717115431844e+02
8.323291950459812369e+02
8.613763492749635589e+02
5.122396630770364254e+02
9.990973560643685687e+02
7.333014312767428464e+02
9.714215170264623112e+02
7.156587043397065599e+02
7.498163391185853470e+02
9.454896459548714347e+02
8.590279539151857762e+02
8.439980268962394803e+02
1.072977437104075534e+03
6.377218708624592409e+02
6.934732442065699161e+02
9.854819631362507835e+02
5.658597945140600132e+02
9.935668915914867512e+02
4.511053671606658213e+02
8.993071766377343010e+02
7.868544742176831051e+02
6.302968166977710780e+02
9.284902843579629916e+02
8.695989882801134172e+02
6.608186713624947970e+02
5.134523573570729695e+02
9.314477190675089560e+02
8.618346454517230768e+02
8.926155017876794773e+02
8.293553405340965128e+02
1.118853562370584541e+03
9.310059396429418257e+02
6.663565471884026010e+02
9.561262606743653123e+02
5.833889949589272419e+02
9.353530519127049274e+02
5.570481076167061474e+02
4.914092444297725137e+02
6.965161061907850808e+02
6.889399178551213936e+02
8.189229805592181037e+02
8.580203476482998894e+02
8.299517831468590430e+02
8.769825261755876227e+02
8.909403929351290117e+02
7.867182312604213621e+02
9.128070329527217837e+02
6.871085513380555767e+02
9.764635717768193217e+02
8.193793026345740600e+02
7.326278952214865967e+02
6.429993515506181438e+02
8.717684568461957042e+02
7.726026441956037161e+02
9.424593756235027513e+02
1.044384136279925087e+03
9.689477194747171325e+02
7.580177123482008028e+02
8.659431363145940850e+02
1.004896448112486382e+03
8.677554209544044852e+02
6.662372674821957617e+02
9.335642625525060794e+02
6.648183504276770464e+02
9.543826798938296179e+02
1.120804089586070631e+03
7.149662214093067405e+02
8.288969223205057233e+02
8.550309515851479318e+02
7.079148703552239112e+02
1.026139064658347024e+03
5.398073909247344773e+02
1.005989354850753330e+03
9.817788760573472473e+02
9.349594963558911331e+02
8.614713082307878267e+02
8.345616621699167581e+02
1.073279146498919317e+03
8.605769823300661301e+02
7.380535152731097241e+02
7.559376139195688893e+02
8.110365979417424569e+02
9.329205627809601538e+02
8.259471770313740535e+02
1.092065315942598090e+03
6.195039215834195829e+02
8.520604006735471785e+02
1.001444612781773685e+03
7.330254924652325599e+02
8.006105679406110767e+02
5.740071942039610349e+02
1.230723331340300774e+03
8.749544036352017429e+02
8.654563251119326424e+02
7.256853755503894945e+02
8.658315510931441850e+02
8.319923114640482709e+02
6.974588908101006837e+02
4.472927612904551893e+02
9.211938427085757439e+02
7.206030607083271207e+02
6.150441961409989062e+02
1.019891641557023718e+03
7.127400303148920102e+02
7.755146890488076679e+02
6.885536366861776969e+02
9.796154316538975309e+02
8.044566461387458958e+02
6.027143625082476319e+02
5.571929146825560792e+02
6.189922268467105368e+02
4.794274863210907256e+02
8.711106632266834140e+02
5.426672185979341521e+02
6.231378594100576720e+02
8.642469411069591843e+02
8.673755954241397603e+02
1.108681848536818734e+03
1.029616494504143475e+03
8.149208065009903521e+02
9.911867009506134991e+02
1.053967225423045420e+03
8.285784965000582361e+02
7.263453352316253131e+02
8.858340643541171175e+02
8.302689802067342271e+02
9.421204284822820227e+02
4.134841977908500326e+02
9.566209451811032523e+02
5.498955505633731491e+02
5.124720629250863340e+02
1.081034778755327807e+03
8.660986731724076435e+02
8.078579058660051260e+02
1.018114813675901928e+03
7.468716929396571231e+02
7.508961436852688394e+02
8.667826118671110862e+02
6.169520378806416829e+02
1.003656899433238777e+03
7.747218272668969803e+02
8.951971480155175414e+02
1.065002666571124337e+03
7.113077498473473952e+02
7.512222422843768754e+02
1.014334086547318066e+03
7.828430805590738828e+02
8.514649955693032553e+02
4.368267926729891428e+02
1.001361425496878837e+03
7.500371556571842575e+02
9.522411271771765087e+02
7.583814557864371864e+02
9.191743001836887288e+02
3.849507350893258035e+02
8.866220488876543868e+02
7.150600787693894063e+02
7.885655068538416117e+02
9.271219473706473764e+02
1.236889897790344776e+03
6.323306926622285573e+02
9.221971826513289443e+02
9.690690302861468126e+02
8.937533059522502299e+02
5.935528494057538182e+02
8.709144338764314170e+02
6.695302052007519933e+02
7.261324160491101338e+02
9.203514945296363976e+02
8.413149077363506194e+02
6.785474123946889904e+02
8.837167001836080544e+02
6.738819747934572888e+02
7.868996679610065712e+02
7.896538450184765452e+02
8.464879648053589563e+02
6.035628271267227092e+02
7.824013767717453902e+02
7.970658492187279762e+02
7.697093278359197939e+02
8.257775746835442305e+02
8.577928905014092607e+02
8.393879862377827976e+02
9.171612902000912300e+02
1.056593422979712614e+03
8.465663327733200276e+02
8.272700761393185758e+02
9.838681155651516974e+02
9.093193507530282886e+02
8.127967345588059516e+02
9.079463624331516485e+02
6.379601599039582425e+02
7.107221244905583717e+02
9.035013743097867973e+02
9.284622075307034947e+02
8.482033640820710616e+02
8.004293483176877544e+02
7.008724223255862853e+02
7.034546014688112336e+02
7.201307105813336875e+02
5.435561190942688654e+02
8.451563404393211840e+02
8.514419450938426053e+02
9.311342831332170817e+02
7.500123006546541546e+02
8.595330919561116616e+02
8.471973431510867840e+02
7.725984670135368333e+02
9.500811571132409199e+02
7.670103992506216173e+02
1.018231134194955416e+03
8.460987078025641495e+02
8.880963599600023599e+02
9.316894128227156671e+02
9.685556727590015953e+02
9.269475274321674760e+02
8.989527639903208183e+02
8.576970059260166863e+02
7.774956010488091351e+02
6.921250645678218234e+02
9.632185621284063473e+02
8.915526439069135449e+02
4.976946920823352229e+02
9.088194944426819575e+02
7.949741751152218967e+02
6.562097257478890242e+02
1.011711750805746078e+03
5.726483144902884987e+02
1.051246205051088737e+03
5.847587968105107166e+02
6.410243855739315677e+02
9.215802953318788013e+02
9.199867939993599748e+02
1.044535082352579138e+03
8.803937316879956825e+02
4.099345302957543709e+02
6.049583837273194149e+02
1.059678400792772209e+03
1.068443348882332202e+03
7.918830116399026338e+02
7.096457780059611196e+02
7.721647833354859358e+02
4.548088299975873383e+02
1.033274021622642749e+03
6.470256468164687931e+02
7.717226809855478677e+02
5.725100188494959639e+02
7.698077013683296173e+02
8.259983065622710683e+02
1.011732027980006478e+03
6.747870071324817900e+02
6.885666603719747627e+02
5.731129079063899781e+02
8.284388194938711649e+02
6.363611576043340392e+02
7.914544450705780037e+02
1.018637614458323014e+03
1.133512906669695667e+03
7.978310199047119795e+02
8.458434140957073168e+02
8.850008182001282648e+02
7.567328049120328615e+02
4.907901045323097264e+02
9.047483104012852664e+02
8.065319937005004931e+02
9.270542469830277241e+02
9.871467358553181839e+02
1.154497895445342465e+03
1.030663064723666821e+03
7.486270075890030284e+02
8.989639397961169607e+02
8.110695627734802429e+02
1.013304904020774984e+03
7.694807868507951980e+02
1.036152015135626471e+03
8.102496784953845008e+02
9.343791762292270278e+02
7.014502694166884567e+02
8.173618852876771825e+02
6.254925861021810078e+02
8.063768679905057297e+02
5.338583475988085638e+02
8.539863135426174949e+02
9.932187477004470111e+02
7.847180276084573052e+02
6.022107689718120582e+02
7.616372368701054256e+02
8.276671578149152992e+02
6.597075761975177102e+02
9.566497991781589008e+02
4.383775232992497877e+02
8.159318846698246261e+02
9.565489680265401375e+02
8.281225194187455827e+02
5.233103708759931578e+02
8.488411553156690843e+02
6.880371468454058004e+02
8.137301465989946792e+02
1.030578954739891969e+03
8.853414518087237184e+02
9.563309238681255238e+02
6.996963994072514197e+02
7.323292090038440847e+02
4.834804168812748912e+02
7.864636446498602709e+02
9.349274362706580632e+02
7.306502000069833684e+02
8.667802810205364494e+02
7.805511988827088317e+02
9.068329355286281270e+02
9.312455970203928928e+02
8.640222175715599633e+02
7.186034454809915815e+02
9.725593144629611970e+02
5.491400082016738224e+02
8.938502991368284256e+02
7.822568797069282027e+02
7.707870236367296002e+02
9.773476059198210351e+02
9.317582842755165302e+02
9.040211030081735544e+02
3.833942608287059102e+02
7.655028282657644922e+02
1.356514569427348761e+03
5.813282980712510835e+02
8.770977968955875212e+02
9.271120581944335299e+02
9.320562189445498689e+02
6.101347784385933437e+02
8.348509509073894606e+02
8.909994486448774751e+02
7.154908549306641135e+02
5.446368384743742581e+02
9.055375495709636198e+02
7.357532006474914397e+02
8.305028633628089665e+02
6.901923385541952030e+02
8.629152546390137104e+02
6.354900390944192168e+02
7.924540616693906259e+02
8.355076918883206645e+02
3.999554973061309511e+02
5.693153585749100785e+02
6.141583245870527890e+02
7.458701485260629624e+02
1.032276871510470073e+03
1.032292082260708639e+03
3.522656039313115457e+02
6.158374501076077649e+02
9.195838454763834307e+02
7.380725952737610669e+02
8.679681929960197522e+02
6.884584789523599966e+02
5.825796522234738859e+02
8.036820773736759520e+02
8.836276907431141581e+02
8.047725431357142725e+02
7.724573658441871657e+02
5.998785550597544898e+02
4.849008241482088124e+02
9.113661557721221698e+02
5.820467854376234982e+02
8.149398177316235206e+02
7.398784134046610461e+02
4.594024889953756770e+02
8.369770387047135500e+02
7.475929354215741114e+02
8.399348909736266933e+02
8.209438635997030360e+02
7.557310673112464201e+02
6.992540505577752583e+02
8.790688105288570569e+02
8.295247072412756779e+02
6.946284313345031478e+02
9.469028564894580313e+02
8.433994586541231229e+02
9.320224355272571302e+02
6.636294945015267785e+02
6.310734901882296981e+02
8.335798338767353926e+02
4.783142542042344871e+02
8.433166672619576048e+02
5.886770997290828973e+02
9.945399192175610779e+02
7.551925071041775936e+02
6.508655181237378429e+02
9.636711493453714183e+02
8.978116458932383921e+02
8.406714835035475062e+02
7.919611537658129237e+02
8.434816111140094108e+02
6.360210728737566797e+02
6.865191507662171944e+02
8.344866141618178972e+02
9.068061913499376487e+02
8.397190299413176717e+02
1.031127816242489871e+03
8.881435236205277306e+02
7.493568194974593553e+02
7.782261085017563573e+02
1.034946446946073593e+03
8.376372441025699800e+02
6.483225810064154757e+02
4.845902747386571718e+02
9.708999170766547877e+02
9.128876674019055599e+02
1.034005683435710125e+03
9.961946752553944862e+02
7.132358657346376276e+02
6.462377929751023657e+02
7.825306147968707364e+02
7.281917932557894346e+02
8.794407228015207920e+02
7.954711167532988156e+02
8.691126256052201597e+02
7.057376098516658658e+02
8.855082653545381390e+02
8.878344415025145508e+02
6.573725258190997920e+02
1.013609956011714871e+03
4.034130382735935996e+02
4.224286104256918293e+02
8.560189179957017132e+02
7.692431455305429608e+02
8.729825555684674327e+02
9.707334810221559565e+02
7.318911581668299959e+02
9.378242904120587582e+02
9.123139383034420007e+02
9.000282463307901253e+02
7.563636959767731014e+02
8.494232469883262411e+02
9.043819108959912683e+02
7.535858921077450532e+02
6.764096550995449206e+02
6.878076303615615643e+02
9.461596006419715650e+02
7.938621052098532118e+02
8.360754036764082002e+02
8.769356719978380852e+02
8.824434061050870923e+02
9.837025465167292850e+02
9.422585946385577245e+02
6.640810773569920684e+02
7.410908501463678704e+02
9.690015849464140274e+02
8.268673020741098298e+02
7.394322652408242220e+02
8.927363109920518127e+02
8.502790490581604672e+02
9.780321995785175204e+02
5.619106965909084010e+02
7.882324567719327888e+02
1.212132576012869777e+03
6.959538379520065519e+02
8.507932327335827267e+02
8.276144807677038671e+02
8.401436995103857726e+02
7.824626734287769523e+02
1.001310712169748967e+03
9.326868719298399810e+02
9.259516085005958530e+02
1.099525375121944990e+03
6.940837790965232443e+02
8.472539993166831209e+02
9.235521048673642781e+02
8.848340745819208450e+02
8.176256870890888422e+02
1.068061032583215365e+03
6.947163993429190896e+02
8.527978758273700350e+02
9.822899986763363813e+02
7.913364326972809977e+02
6.881571514578557753e+02
1.013900426714257037e+03
8.948833327024474329e+02
1.022101557921335484e+03
5.667247599303025254e+02
1.049691866491886913e+03
8.944354365624859611e+02
4.652259185488898083e+02
8.976506321090732854e+02
1.113926301701766761e+03
6.523044048545532405e+02
8.026293633443027602e+02
8.360553215049026221e+02
8.757924839553526226e+02
6.492748834611837765e+02
8.124228743352296078e+02
8.676785596725995902e+02
7.483258605123679672e+02
6.514667154652655654e+02
1.069839832993293612e+03
7.130393370469196270e+02
9.425478633859750062e+02
4.743839656552182191e+02
9.280292664768207942e+02
6.944280169254476505e+02
8.112938004013824411e+02
8.199631508846435963e+02
8.886795466503064063e+02
9.388438523249811851e+02
1.040065383806707359e+03
8.676427805415568173e+02
9.547370357790840671e+02
8.299456177346313552e+02
4.663431196946059458e+02
7.078020403975597219e+02
1.019565485945070350e+03
6.817320463363622594e+02
9.639306745630711930e+02
7.244185362321401271e+02
9.858026964501954126e+02
3.910724148478981306e+02
7.927510274592624455e+02
6.252762239750206845e+02
7.493881808696628468e+02
1.006102728980443771e+03
9.677913679016809283e+02
8.185084988576024898e+02
7.701864846194824850e+02
8.456906869905808435e+02
9.085320549606200302e+02
8.653431232785981138e+02
8.882875631036913546e+02
7.582700299088609199e+02
1.066890229054308747e+03
8.910531346627409448e+02
5.568164791622959910e+02
9.874829732649602647e+02
6.358287709593328145e+02
8.651474131723737173e+02
8.434264085482491282e+02
9.555707462726437598e+02
7.877801876569625392e+02
9.012395257261588313e+02
9.614415207332842783e+02
1.007021030953276068e+03
1.015497406781041832e+03
6.971697573965972197e+02
4.604977115566646830e+02
5.972543947509913096e+02
8.622998415880817902e+02
6.355834028183290911e+02
5.659914383544440852e+02
7.051966916185713217e+02
8.848160299299835287e+02
6.396855184166671506e+02
9.171388759115493485e+02
9.354634071126911294e+02
5.133501793617407429e+02
8.996601679322994869e+02
8.182609178135218144e+02
4.297527457452771387e+02
7.182058818875877932e+02
5.719990760021601091e+02
9.420924486020184077e+02
6.577694714209620770e+02
6.754770599478213171e+02
7.879785626629682156e+02
6.937181353435714755e+02
9.873121925478480989e+02
7.981378200514272976e+02
9.229377080970942870e+02
7.611039435256190018e+02
6.347198715386502954e+02
7.725248068927993472e+02
5.833711334971530960e+02
1.027985480396419916e+03
5.818929152580933533e+02
8.897830819944495033e+02
