a_1
2.185398698787249239e-01
3.761676385442700582e-02
1.928607813568089524e-01
4.509096771648622437e-01
7.191346372101862228e-01
1.208033142916218189e-01
4.788945472143460447e-01
2.707496853375351842e-01
5.178214798496636462e-01
4.678219144705389465e-01
7.975934082467122099e-01
4.156050667787300479e-01
2.085142706781067390e-01
1.157534154678586530e-01
3.084017845463665752e-01
3.491935204031785256e-01
4.962858319168346466e-02
1.896465936018222609e-01
1.401231324690774271e-01
4.735131134860689484e-01
8.944272886355235375e-02
5.495175983615639970e-01
2.478804228366419116e-01
1.147745522949237679e-01
3.424562624478533213e-01
2.874285118978625042e-01
3.526522989645090034e-01
2.147514617246742419e-01
1.909758083963793984e-01
2.959556704441870245e-01
2.397997822988476857e-01
4.909105069556359835e-01
7.956511746348244873e-01
5.872087471835207850e-01
7.566384944081674946e-02
1.200047674467882991e-01
1.996756549838742401e-01
2.291298418204877618e-01
2.544287444538684828e-01
6.828019647177235862e-01
2.115012519014152215e-01
1.493253610071284820e-01
3.295135292104567348e-01
4.175410110541775688e-01
3.208858578661482608e-01
4.465289258804394090e-01
7.473986047135721122e-01
4.944633414794014636e-01
1.816280803292984747e-01
1.107635991587710977e-01
2.700419987200022298e-01
8.712553527362143502e-02
1.733617411684492682e-01
1.743886134846726332e-01
7.942062594004731801e-01
1.493734006569027994e-01
1.914110678007125907e-02
3.048011938123992848e-01
2.872242444947827322e-01
5.576056112537257636e-01
2.510374457875301224e-01
6.929793537945445614e-01
1.828833904105467978e-01
2.180799912145474639e-01
5.705983692686613651e-01
6.605947395655690224e-01
4.583780195798876078e-01
2.331531105374363630e-02
2.917850360640758534e-01
7.772241602961497131e-01
4.084100496091694343e-02
1.628755945915129066e-01
2.531735070369336427e-01
1.869651446230281566e-01
3.221703046150401484e-01
9.176094966539646847e-02
4.177918940578475571e-01
9.909664941816989647e-02
6.763906737462739571e-02
6.372492596877801230e-01
7.434730337908224129e-01
7.550161617488013732e-01
1.156742452594819032e-01
6.044861208767440264e-01
5.121939460410565026e-01
8.598351292423443981e-01
1.205658242755066473e-01
4.717068875450295407e-01
4.798435706326273364e-01
8.189531864966994590e-01
5.378986550022467339e-02
4.033135382164542704e-01
1.901870873165597831e-01
1.066635062938943446e-01
5.023288407345927187e-02
2.497026489624415979e-01
1.108289130131711459e-01
4.220569740173591988e-01
8.509160026438058466e-01
2.284944775146115770e-01
1.771475259459765472e-01
3.511605376588279315e-01
1.964634823454195212e-01
6.837322933413868264e-02
2.288629819169190893e-01
4.670139592545883844e-01
2.377532906839031068e-01
3.846178262742728782e-01
3.692334783080598037e-01
4.764031630422052022e-01
2.029174717496800839e-01
4.590700631027629375e-01
7.505778054227580931e-01
1.183105194597700860e-01
6.303908943263720754e-01
5.988188589521549199e-01
1.759507271838635090e-01
3.587863010139588082e-01
2.789019462038829777e-01
4.386595324613905555e-01
7.800457130149799356e-01
3.572676654570942079e-01
2.198077435552687198e-01
6.979589621189744575e-01
2.161648401999005098e-01
2.356189288360265588e-01
4.950686414169698235e-01
2.021113435477696618e-01
1.521363220345188783e-01
2.425047305812283172e-01
4.645856829864770249e-02
2.651327793732227156e-01
1.357991995384452422e-01
2.276688840581430895e-01
2.215734425305482258e-02
2.587029920441201170e-01
9.695408182627683613e-02
7.581217777780735467e-02
6.708798426482486255e-01
5.509157962521172847e-01
1.038339168150948094e-01
1.419632875505768416e-02
9.251529254568345573e-02
5.247802859770872574e-01
4.999448860318755905e-01
1.532640890894327590e-01
1.082198516849406655e-01
3.774536965164230762e-01
3.772805385310341042e-01
3.798636254251119837e-01
3.013985754318360688e-01
7.137742763570331661e-01
4.674260222033482237e-01
5.768539934109790518e-02
4.114139847436727448e-01
3.058560443026717146e-01
3.372185238091001125e-01
4.851669095360635064e-01
3.531222740258050385e-01
2.057715805609532378e-01
6.458906909038182320e-01
7.549488743961784154e-01
2.310691573604306270e-01
7.345810927834460768e-01
4.597952164391596597e-01
2.061155512020361180e-01
4.792521301221321361e-01
1.320026693854358946e-01
5.697084070540296974e-01
3.273134014796025976e-02
7.930113365469932951e-01
8.353812104605411459e-01
6.862230167118555935e-01
4.967679308478331057e-01
3.764569827517352252e-01
3.920363965265307171e-01
1.754149387350849298e-01
2.324439363451928087e-01
7.082137556510365028e-01
7.497055531648375570e-01
3.012984117966274744e-01
2.742087657868778061e-01
4.518893112171885051e-01
3.184173373151362729e-01
1.011343394965873860e-01
1.173581261922924251e-02
4.134539150536217789e-01
7.787394843846677794e-01
2.649220725262559362e-01
5.739714027836425453e-02
1.197003501110432688e-01
4.904713723265465841e-01
4.667248306001471891e-01
7.131495737430485482e-01
2.313388395885515036e-01
2.761183327652537434e-03
1.029688314941011734e-01
4.230855550100935392e-01
2.692660789303675251e-01
8.132722881465108689e-01
5.669557299480451062e-01
7.635282866461112761e-01
1.534467078851330102e-01
2.550153954528031619e-01
3.862370417736332162e-01
8.568633122708515515e-01
8.831929904025555278e-02
4.619565947704612485e-02
8.417053944023904222e-02
1.633876542868754611e-01
8.149850590169267772e-02
6.704680425267709465e-01
5.047882626601081224e-01
1.172909039180684287e-01
5.147781432838269833e-01
2.166477271539822003e-01
5.476814322982773708e-01
7.728494027501403574e-01
8.853083495622503241e-02
2.441492174249926816e-01
7.447921463629230132e-01
3.703153073554615315e-01
4.247871764014579665e-01
5.773863029150061443e-02
1.689688859277290942e-02
5.859783466898720317e-01
1.847520970209218238e-01
9.594170409473867789e-02
4.121759790507801280e-01
2.552355042228255863e-02
3.744686215338076107e-01
6.075585508877561214e-01
4.040044304054195567e-01
4.163396971668333890e-01
3.180794619295392311e-01
6.780071985967778270e-01
5.729390400714894360e-01
1.426893634268086020e-01
4.188614258355204956e-01
4.786483741464247488e-01
3.161649785206183116e-01
7.181458050233897605e-01
4.019103847250904971e-01
5.079878186759553271e-01
5.376221909048805037e-01
6.316133478025168779e-01
3.899767867669245297e-02
8.121872368796803077e-01
2.270498147798425959e-01
8.665557599863944471e-01
5.028123256248726580e-01
5.858077868204216720e-01
1.907789300057949333e-01
8.632056017898379063e-02
2.710859024499401859e-01
2.354746990475896640e-01
8.117913274052097616e-01
4.054312406233177568e-01
7.617831772296065340e-01
3.302522998810658028e-01
5.277064333533704188e-01
5.220499548082776498e-01
2.751186724879094991e-01
2.985401598080478225e-01
1.456092050014534400e-01
6.503795261592855148e-01
2.382036701574812565e-01
2.052295610217628186e-01
2.017899574124693007e-01
6.034106083605881299e-01
4.290950681803705202e-01
5.082399608790932194e-03
5.787216789362150671e-01
3.967017398715000365e-01
7.070947221491447054e-01
7.086342907978477879e-01
5.902194342533473304e-01
8.541491154092592519e-02
4.878116147830586224e-01
4.874923882939552477e-01
2.155746833536031359e-01
4.387031481035831293e-01
2.632989161245809506e-01
7.870936941625020777e-01
3.599773551512568948e-01
5.307641600862135212e-01
1.918691381742131663e-01
3.845626325834756165e-01
3.448299255681051001e-01
1.189809524525892517e-02
4.218499875183853165e-01
5.991844969744284377e-01
4.047087150842581527e-01
1.743244835135721316e-01
1.586790663528257761e-01
7.763312518092779779e-01
3.020562207661001142e-01
4.221788251044328866e-01
1.376078716290183024e-01
6.956853351456746548e-01
3.381360744652706085e-01
3.092031420539043118e-01
7.841433029480091577e-01
3.338870168365277169e-01
2.883750324510209739e-01
7.472913589078474805e-01
5.234607074041631725e-01
3.099915460968301617e-01
7.274714483517238928e-02
6.147745412478181071e-02
1.547501488064574882e-01
9.459807433177785940e-02
4.905382509763572818e-01
1.298973835803935994e-01
1.168411500986430984e-01
4.341294721891084119e-01
3.869899970475535467e-01
2.019510633276094258e-01
7.897092655125306782e-02
8.762868824749386887e-01
8.183649156009758369e-03
3.845036894401971939e-01
4.696111020464340813e-01
6.911386523910462154e-02
1.622125236995204944e-01
5.300903949927237013e-01
6.648576575621729656e-01
1.678069937330372297e-01
2.457279662474252391e-01
5.718889021275121998e-01
1.173027791719518688e-02
2.927965654729985379e-01
1.415746723960307762e-01
7.255817570240711278e-01
1.713799286864454430e-01
6.236559707938030828e-01
4.222206328847712409e-01
6.888981888596920622e-02
7.466479053790614495e-01
4.960656567908169196e-02
4.290858784490297340e-01
5.586773446848740665e-01
3.311148625910275700e-01
9.838118417465324325e-03
6.176367569848414396e-01
5.157367324462259761e-01
3.903816760109396489e-01
5.980813048028092993e-01
4.378383597684571971e-01
4.024351268706528595e-01
2.184022846613943580e-01
4.857228208447780249e-01
3.591814444760816349e-01
3.504444719435303446e-01
3.971961547741748033e-01
3.591050182249698741e-01
6.479792265615215430e-02
1.024607486107921156e-01
1.176092494743389838e-01
3.181309155169303460e-01
6.012229512238284612e-02
4.867000474455462911e-02
8.665827334412821159e-01
6.317516120718730255e-02
8.500124840461570352e-02
2.313142923330731640e-02
1.593231976143304751e-01
1.250389870685802429e-01
3.481739560054895183e-02
1.332478595819318601e-01
5.078075186792980755e-01
8.308107881594103961e-02
1.263753667759737465e-01
6.914899731615343770e-01
4.783236968152211332e-01
4.968666523117905021e-01
6.996160032074005830e-02
1.766389723978681325e-01
4.008184123774418683e-01
4.789028784760859803e-02
1.795293773895919875e-01
2.590183217664663307e-01
2.517403490876730654e-01
1.189237263346744067e-01
1.575862629537707615e-01
3.162777577654922456e-02
6.237970675696908884e-01
6.241032909430566794e-02
4.664851616676951029e-01
2.715468905705610905e-02
3.669679497767397991e-01
2.672759669668421656e-02
3.736356340227546813e-01
2.294314801012917182e-01
2.307451350520939998e-02
6.850655579885039925e-01
5.908103550625320999e-01
2.522247787619795734e-01
1.983153769104427644e-01
8.350957257638996073e-03
1.406706935611424236e-01
2.677470696999101341e-01
2.317112390960502089e-01
1.350641974219063957e-01
6.085314852081215031e-01
7.199123958619084718e-01
6.704198279471201838e-01
1.649751644099288483e-01
3.939784141193771738e-01
1.521820745513585427e-01
7.926966838781981384e-01
4.170057973914960137e-01
7.137951193513595305e-01
6.641589684949028571e-01
6.350936049010463824e-01
4.151394333600824105e-01
3.048847779731555033e-02
6.431328492358789894e-01
1.110950441269893257e-01
6.153259072948922270e-01
8.719156293095688959e-01
2.882576585179509321e-01
3.937335038492741357e-01
2.113658115317824659e-01
5.021546267563986587e-01
2.468435090272290133e-01
5.173179305502945136e-02
5.417682412741565701e-01
6.246470070662327734e-01
4.202541615559403643e-01
5.004966169306411805e-01
4.159138023552254038e-01
8.747952643013243712e-01
5.756767691491145866e-01
4.223936877852904614e-01
2.085980570243145538e-01
5.905854090251986266e-01
3.121952047193409241e-01
7.023848644378520856e-01
2.289714203460011532e-01
6.000263857077235974e-01
4.139241253306120139e-01
6.125394293794194506e-02
1.118130361230641051e-01
8.015394679791119081e-01
3.987801056095577890e-01
2.326926373555431027e-01
6.260720796114027653e-01
6.589727548633818044e-01
3.470381396008649366e-01
5.883595596200048572e-01
4.275801683710102052e-01
2.800783387149913817e-01
8.614387726926791000e-01
3.591026952910187364e-01
2.325879601013971787e-01
3.747282347387798085e-01
2.463216807507674355e-01
5.457986726446120151e-01
5.415972545115791403e-01
7.191816873848071445e-01
1.771335985290740100e-01
3.968153609711910779e-01
3.148502015700099799e-01
2.125757660165644367e-02
2.106605636630241030e-01
3.483612354669788913e-01
4.427306269652966919e-01
4.874288828554290687e-02
1.083904233882883317e-02
2.752996069975807147e-01
8.624441536360498706e-01
1.713687066282353622e-01
1.307085372499673104e-01
2.252694233002201507e-01
4.639424255883042858e-01
6.426639025731564203e-01
6.226934264389677454e-01
6.999081431156176647e-01
4.169395714652358587e-01
6.903186626533200920e-01
5.249714478593732192e-01
3.851719401578676538e-01
3.351078322291098921e-01
3.882506082949849779e-01
1.635066149617230569e-01
6.036558700483737328e-01
2.611185143110921758e-01
8.105696719553894258e-01
3.139536450870273332e-01
3.445949148356202557e-02
5.501031391283902616e-01
2.111056593974542928e-01
3.776246293144967514e-01
1.104029878445328128e-01
1.531203924169316499e-01
8.120974019642550612e-01
2.786789193539665477e-02
4.624082681998156752e-01
5.570086899743773579e-01
6.964533232991741984e-01
1.959905656883966507e-01
6.753518029561145219e-01
5.976227460700561656e-01
3.629122666428626354e-01
1.388888157283678926e-01
1.255703744023446422e-01
1.030152026858632414e-01
1.827547879226025518e-01
8.797247329330943888e-01
6.514111473685604836e-02
2.622622357074066990e-01
6.290630751236497842e-01
4.639756308515050054e-02
6.045042928829277296e-01
6.538402012849109379e-01
5.873599826858760115e-02
8.632993351290818573e-01
5.377562293876374522e-01
5.466019939218025314e-01
4.517670904409921279e-02
1.301475222665015863e-01
4.609497707452941961e-01
5.132224884465824699e-01
3.173387809462051568e-01
3.909905607281795314e-02
3.346538589988507645e-02
6.599486160822414238e-01
5.577620822684544732e-01
7.611761413036212121e-01
5.563178196907051509e-01
2.619651652874758763e-01
2.429069952811622191e-01
4.026194854717326521e-01
5.919449454466858135e-02
1.512281676924845664e-01
4.735889978255820032e-01
1.774097506791189049e-02
3.032469117112168155e-01
5.384038820977798262e-02
1.367300232607379373e-01
1.819145865600637138e-02
7.877784564076939500e-02
2.503777193285424696e-01
1.975460615038618639e-01
2.368563357564278660e-01
3.926094152941118631e-01
2.797074909952664834e-01
3.745261512616796656e-02
1.353245707284984056e-01
7.214353507836483992e-01
5.554430568242842980e-01
2.778091514290591535e-01
1.763796198606967791e-01
5.359489593237690142e-02
3.828171722038899438e-01
1.510210034104424726e-01
1.778329385449559097e-01
2.682686584685368136e-01
2.816268886388170190e-01
3.424843942312194578e-01
3.284869532830415051e-01
1.474621390906954710e-01
4.585142182597111149e-01
5.587955759666020095e-01
7.765024840406044293e-02
5.213346931101960902e-01
7.908137042205065637e-01
2.321069532092264742e-01
1.330468775680595517e-01
5.144274573956685304e-01
2.919208374503927395e-02
7.924613636056195842e-01
2.270155566613273057e-01
2.955969041108152603e-02
8.140279360851669643e-02
7.948187103264537923e-01
6.136475500804407235e-02
6.498786451706117795e-01
2.916613489875156673e-01
4.185123729014609273e-01
4.096848950721216354e-01
3.601138317113360965e-01
5.032490387158182754e-01
1.556867907604303491e-01
6.019972292155580940e-01
4.959271762590397037e-01
4.420795387542209576e-01
7.136808234683922336e-01
6.853198758074675601e-01
3.209936145902893556e-01
1.944989715109139705e-03
3.810518666633390672e-01
2.967226419919526959e-01
3.064561367184894802e-01
4.514853282018053693e-01
2.945705420747020686e-01
6.473403928770166127e-01
2.560196616395149505e-01
2.458857690587595013e-01
2.750885592430274973e-01
7.571825871859932944e-01
1.685933511133096696e-01
7.545964109508920825e-02
7.770584841246959140e-01
8.112943520003728093e-01
1.233729345641565583e-01
5.498055788697532587e-02
1.210731856305208298e-01
2.385442749871855284e-01
5.203241338830406626e-01
3.644987157053835025e-01
4.283462216920497223e-01
4.344373052842601113e-01
1.377067974119177696e-01
2.973725242526318868e-01
5.288493639944014113e-02
3.395336282450858167e-01
7.135632498669550738e-01
5.171734150585305390e-01
1.342044206782874172e-01
3.310597149931426841e-01
6.387591404888310898e-01
1.350076188960999124e-01
1.312113113112463314e-01
1.142634839334345093e-02
2.962593046545515807e-01
7.249688754029038895e-01
1.087138788115308563e-01
2.007012258825657813e-01
1.827346705724944842e-01
6.905298522394557326e-01
4.596576663342196722e-01
2.532442050954429869e-01
8.545734426947770856e-01
4.007969366891147578e-01
1.365633072929762493e-01
7.379931577353744387e-01
8.496327019494243071e-01
3.991438763075127322e-02
3.438049776220341580e-01
1.878482497339868107e-01
1.850667093964541710e-01
1.927049489709000904e-02
2.207992682528978623e-01
8.332685689841233811e-01
5.578579594523804808e-01
4.015815829467787867e-02
2.568860620172112030e-01
5.254775084597321788e-01
2.853630571678011374e-01
1.394492700949800656e-01
3.143800984160550760e-01
2.859297128991454273e-01
1.873806472390401601e-01
6.048715521987865218e-01
6.048065148133813240e-02
7.979794182732032892e-01
9.526989240342154108e-02
7.611914998185002057e-01
7.629951445941285382e-02
1.799209293514066055e-01
7.577201209826543993e-01
8.062551462340804553e-01
7.273356470528140605e-01
3.041794113362432661e-01
9.821193734434476019e-02
2.618082890149048270e-01
2.039913813468137160e-01
1.482463022334540859e-01
1.813373384580842795e-01
7.432948980230579261e-01
1.453275716995383604e-01
5.007325134987660187e-01
2.025730215544933044e-01
2.418912862162249933e-01
5.330182005756793906e-01
2.721643724985874369e-01
4.101096392597156082e-02
2.344584150176986792e-01
5.020488999624618254e-01
5.073842290819404743e-01
6.897842648205869676e-01
2.128820521030214685e-01
2.309346174064749180e-01
1.742261805404446418e-02
3.108683359060266937e-01
4.364302841946348099e-01
2.785745949343353955e-01
1.384852437591906626e-01
3.537996474700385030e-01
2.914877871652143959e-01
2.429838042535836240e-01
4.903158555906279026e-01
6.268493083566323287e-02
7.431867469624220401e-02
5.415514002718057052e-01
1.885089497147345861e-01
4.823371382065720914e-01
1.082412394317027876e-01
4.040241508955096372e-01
1.338438515037195242e-01
2.869508326461024939e-01
6.920139132761532474e-01
1.586046183588607494e-01
5.477926492699832783e-01
8.075723131300897029e-01
1.859996219354464742e-01
3.504474791747231449e-02
1.291338410990929553e-01
6.406908011145473480e-01
9.030028998377971627e-02
3.791093938777779782e-01
3.437362022243480308e-01
6.565442074716809628e-02
1.254837544407040595e-01
1.872017902370671782e-01
3.091749936211192207e-01
2.998305909682608128e-01
4.032724621005390198e-01
7.081620188516503100e-01
4.504922486171789586e-01
6.575206911988423775e-01
4.808680762834214306e-01
4.445456069669068144e-01
4.164312037940349209e-01
4.884324453433995239e-01
3.219289319176482089e-01
2.145536035543099684e-01
1.315594680216721490e-01
5.294809115023511037e-01
6.362909188737946031e-02
3.156504843337175625e-01
7.958329996976233334e-01
1.995435667784324074e-01
7.203092749089032854e-01
8.170539480229817297e-02
3.272445035852670214e-01
7.079946870111886170e-01
5.827527111195539566e-01
1.331906247991618553e-01
3.264549874978198152e-01
3.613433682887209897e-01
4.569436435378853266e-03
3.076900548658926260e-01
2.952761778695276451e-01
1.220175785332721363e-01
3.102258441898670394e-01
4.995076967176780292e-01
1.065660517329755086e-01
1.802125186704766346e-01
3.401072095522720412e-02
2.493355407028810256e-01
2.174292628856845377e-01
4.864078567925110286e-01
4.510592030785069984e-01
6.205721804462058788e-01
5.141083500960366148e-01
1.559359047412552379e-01
3.366181339838736353e-01
6.199658482372184809e-02
6.770074055391358536e-01
4.436438397307907455e-01
1.304012402436934281e-01
3.411606300617712195e-01
3.436251028398712437e-01
1.726394147866640028e-01
5.180316311797643625e-01
1.971729538865835130e-01
2.797083961437238364e-01
1.453628735581327935e-01
2.104549471664546589e-01
5.160186794120248388e-01
6.286619876204795343e-01
6.737972726008574220e-01
3.364118757118433334e-01
1.094187805344280610e-02
9.090293428704299128e-02
2.675726933328137491e-01
2.751069413262118291e-01
1.666630894978755606e-01
2.753963575249025464e-01
5.111052032924736643e-01
8.279109560759511099e-01
4.136963760463884809e-01
7.004401393478260074e-02
6.138381406750479385e-01
7.493624580446659467e-01
6.912247946160135492e-02
4.753445473604845928e-01
3.816542752778557812e-01
3.109217006108497827e-01
2.289597101752426644e-01
5.545563107797955027e-01
5.826778368690508358e-01
2.657023209770646988e-01
6.575263463486192839e-01
7.341661943861750306e-01
2.263764026673087681e-01
3.072836361974297104e-01
4.511557638346183063e-01
1.120886398092185710e-01
5.687910647592409052e-01
7.121087983076226369e-01
1.403527484031215702e-02
1.705981475410808523e-01
1.174243541616700748e-01
6.767370240411579863e-01
4.836261165101108372e-01
2.668835255954790653e-01
5.485870486680463065e-01
4.610847848670579507e-02
2.461559221743158388e-01
1.445980896171869534e-01
7.917083465881179227e-02
5.962343125759669293e-01
2.494636621679062194e-01
8.435482303575584373e-01
5.284945906195535198e-02
1.671793705343133096e-01
2.062325962682445835e-02
4.052832210147500058e-02
1.282271019444647941e-01
5.691006872163154595e-01
4.045325224305972300e-01
2.763638454185774473e-01
2.228087384557362050e-01
4.072413750617924211e-01
6.867100541434070227e-01
1.840249754061630827e-01
2.343567969796618577e-01
3.823385475944943157e-01
6.124342423396723911e-02
1.600760506083329371e-01
4.735259051179614709e-02
4.432118967924736364e-01
2.551073139806553924e-01
7.053887858003705658e-01
2.819032396472307411e-01
1.698435257884685634e-01
6.012030828337984190e-01
6.289051340628235565e-01
1.313575459756154418e-01
1.826207873134359089e-02
1.515319862623838243e-03
5.545307948378503937e-01
5.936578050002752072e-01
1.007046087092942216e-01
1.369974071844643482e-01
1.288633700354162998e-02
8.567100494317055892e-01
3.532070604553720905e-01
7.784021734095275535e-01
8.841579336433486036e-02
2.458349844090169933e-01
4.125251887386436889e-01
2.069924980696259409e-01
6.683443263796157163e-01
7.279563794719448033e-01
2.147294451610919086e-01
4.445448849006908287e-01
2.312606507367691022e-01
3.177449936314273582e-02
5.619934526013349307e-01
3.066407127803622568e-01
1.806146094603428010e-01
3.082714254983779933e-01
7.101578165107134133e-01
5.705858249953738026e-01
1.233135758715317998e-01
5.375738602158539603e-01
2.634142216985035367e-01
2.922822070299137542e-01
3.748731806399836497e-01
8.609209770341191836e-02
7.648365774453046440e-01
8.194333231892840796e-01
5.292938583837550892e-01
8.370238248136573078e-02
4.429531667299215214e-01
3.139464047160076543e-01
2.865714872353354870e-01
1.682435144379735292e-01
5.059104858728120657e-01
3.316869255741393130e-01
3.940312523416170803e-02
9.732904645411075140e-02
1.237925807931613831e-01
1.999084959785246696e-01
4.178242380632756214e-01
4.817963771999779765e-01
7.743815868558314719e-01
2.740391845858833331e-01
2.537500519031012786e-02
2.697495105201122394e-03
2.151622580787233840e-01
8.012702013255300626e-01
6.895226052438963027e-01
4.549539548544613843e-01
2.685117625204104519e-02
7.879309028778576085e-01
6.352220557841447013e-01
6.339553339370274099e-01
6.605711806874182690e-01
5.514364534330130907e-02
2.010101526581184739e-01
6.140409353849626134e-02
1.314182382684029871e-01
3.850396230987654933e-01
8.593695996880716947e-01
3.407925726639676189e-01
1.993828212882618467e-01
7.245664553253061690e-02
2.895587415560901268e-01
6.525800558874309543e-01
3.380782879486469994e-02
3.207203687714038076e-01
5.296969968110381011e-01
2.480477665380693975e-01
6.544049080177329891e-01
5.444174560558565634e-01
5.137977501466794994e-01
5.896156323979645508e-01
9.126733664583906724e-02
7.114040773234268922e-02
5.583631608848674960e-02
8.755991319470571854e-01
7.310076645327916456e-01
3.322792989816569231e-01
4.850318973832907776e-01
7.997256070374587911e-02
6.145936461084868657e-02
7.635364887386795196e-01
4.754351686355260398e-01
6.772007783671919467e-01
5.185150810079116601e-01
8.988644114012307729e-02
4.220295759277731817e-01
6.711788277085535270e-01
5.167500455826853356e-01
8.263893081005713181e-02
3.955470805130967271e-01
1.686666428059333533e-01
3.657725147385790243e-01
4.292866485258355763e-02
8.413474313398813798e-02
6.008973756478851458e-01
6.940640738985520697e-01
5.805295241312607296e-02
4.133333621890661891e-01
2.340498964838389206e-01
2.695798210746503387e-01
2.110987642872177994e-02
9.788861352973537988e-02
1.077101218827850315e-01
2.532363354362685004e-01
1.572066426249072238e-02
3.157581440183879762e-01
8.341718226183314489e-02
7.686039400107015362e-01
4.687212773197411142e-01
5.396932534616210031e-01
3.726722516677708624e-02
6.958699886021278980e-01
3.016740568657912958e-01
5.302346290659244454e-01
1.052158735910930926e-01
4.169142665607931952e-02
6.891590186950816710e-01
2.052112058576656961e-01
4.354806884545071033e-01
7.211056937000691613e-01
9.966527967807572996e-02
1.522459261451476753e-01
1.563903528002797694e-01
3.986522909032768625e-01
8.330504529784380496e-01
3.316750006854884969e-02
7.099914256642117505e-02
4.328242594001890930e-01
4.008481882008698149e-01
1.873485788957720832e-01
4.165676457414243528e-01
1.809930451775147164e-01
2.723700813520707475e-01
4.673155433264538638e-01
2.947470718479502372e-01
5.202348507766486607e-01
9.511892202267226148e-02
1.735158159896156571e-01
2.813555133844415357e-01
2.451249356918588918e-01
6.614194916435126581e-01
4.737276846381336948e-01
4.562914247182354166e-01
2.434108103813362178e-01
3.435316767964357587e-01
1.368395752458910208e-01
9.007373305033562760e-02
1.538742515245052345e-01
2.645351823799271807e-01
2.115580059798121415e-01
4.441353582068195971e-01
6.073572868860984200e-03
6.169008923510874848e-02
6.553441049923193207e-01
3.362940814184544464e-03
7.237140004918163338e-02
5.862314323348938316e-01
2.537727795858477076e-01
1.023296666092429197e-01
4.731478350894023632e-02
7.402014041346262063e-01
3.050505033053293458e-01
1.389819868104121281e-01
7.545146137059299818e-01
9.450898846796158478e-03
6.963633498852637160e-01
2.383962252719468433e-01
4.643758086013211606e-01
4.410064871553405763e-01
7.580177374638590315e-01
6.144490015526784393e-02
3.556990524076254490e-01
1.354682490725785393e-01
7.657569220695910339e-02
2.770931419077501401e-01
4.360727183092341641e-01
5.587616116776836783e-01
6.767046194081829252e-03
6.472714178180049016e-01
2.320366358603928869e-01
4.686376415863033329e-02
4.903439164211531587e-01
1.918541550074494284e-01
4.718465985890668013e-01
3.698517594063323033e-01
1.532052351398262013e-01
7.520056790071297792e-01
4.582636820487098750e-01
2.795611772707257137e-01
8.261279881356202448e-02
7.356592311803044071e-01
3.330706833508284559e-01
7.726201590681151810e-02
5.459573297895483623e-01
3.504157254733717974e-01
7.191282384989673426e-01
7.975966423619902379e-01
3.714449685268126911e-01
8.584754672104925877e-02
5.015332835181681714e-01
9.059415779730800589e-02
6.193862983480892259e-01
5.098903159696092091e-01
1.800188568263821204e-02
7.423480296328165140e-02
2.357551212655946138e-01
3.117304240995441914e-02
3.327171547757675207e-01
3.346678871709354852e-01
1.556303204487195224e-01
7.297164516321027472e-01
1.765836912990601248e-01
3.600983941780827036e-01
3.707778148888062897e-01
6.446841657758991539e-01
4.611846772289716206e-02
8.683344868389852866e-01
5.193617234201517441e-01
5.119895987660753045e-01
1.568511522544106251e-01
8.375409397102503428e-01
1.001298528711600661e-01
9.120063296751797222e-02
3.987518903667935932e-02
3.693467268015190874e-01
4.105888029184310839e-01
3.121478977240911834e-01
7.592361833966064510e-02
7.987135022727128719e-01
7.796671643995298218e-02
1.375892660572140824e-01
3.448573209722460842e-01
2.884091010012094780e-01
6.328318530240146789e-01
8.527094826613098588e-01
3.182913141162917459e-01
1.465963408586291872e-02
5.137529732858556186e-02
8.495417580163677415e-03
1.752095531361827496e-02
1.795721222983091281e-01
1.916075414744626004e-01
7.520121849960234028e-01
1.360235828418141224e-01
3.673264199553390869e-02
2.832823652410353110e-02
3.621535625838834954e-02
6.641798634849617466e-02
6.049267582163734280e-01
2.128075363764894701e-02
8.753657662720536470e-01
7.133820280082974197e-01
2.356915298940011616e-01
6.566069205272401232e-01
3.261447798307707258e-01
2.378570141974359897e-01
5.562679960441264670e-01
3.858192461771134396e-01
3.880034928928222104e-01
3.925234535308222417e-02
3.972878285534808818e-01
4.929425897073737572e-01
1.840194135469954695e-01
5.885430536299349757e-01
2.419823177195958019e-02
1.526769450409547202e-01
2.023770454712925104e-01
1.149265040626609446e-01
2.429361688610124914e-01
6.867535649379166163e-01
1.288538427568579614e-01
7.183729325466202686e-01
2.775642893148580481e-01
3.004144382715539519e-01
8.465383036816645501e-02
1.064353210664658600e-01
1.711409838448885515e-02
8.326925680458222567e-01
8.416360717356334842e-01
3.241803436210574096e-01
4.744861320657900450e-01
2.092879956231648297e-01
1.172405551501855825e-01
2.117135363361884737e-01
5.309757900469895715e-03
1.099712438876520454e-01
2.398103906175713118e-01
2.081469913216078549e-01
7.530004295963983740e-02
7.543531612102524209e-01
2.040803412347934609e-01
5.092803755365196139e-01
5.782485092730987875e-01
4.517833953666673397e-01
5.318512402680456441e-01
3.540342825694345885e-01
6.047109886140462631e-01
5.755128362427255201e-02
2.951091987062930966e-01
3.284480997770501953e-01
6.209721124357869826e-01
2.112901135765135607e-02
2.945694436533530802e-01
6.637663400430637850e-01
2.186255765697077968e-01
1.157788867216296980e-01
5.181048674333560422e-01
1.664977249363573386e-01
4.295877342849812042e-01
6.056097770356423382e-01
1.542600058082516379e-01
3.929888590508838486e-02
4.367709260068369237e-01
2.170608380235952706e-02
6.272394874389476335e-03
5.820385308064840446e-01
6.728360568723321666e-01
3.225690779689817100e-01
5.547992822575441574e-01
4.745073084227356963e-01
5.448144171325639551e-01
2.509229878630673261e-01
6.316547311320773739e-01
4.024382416305113952e-01
3.070198802846488620e-02
1.219978045742560330e-01
2.233948029349103540e-02
4.022969184815045063e-01
4.004946236572989871e-02
6.891692668441025127e-01
1.153558322743003933e-01
8.288921576156618176e-01
2.166240704693882246e-01
7.794761994967220886e-01
3.411837241371873941e-01
4.079444791299553508e-01
5.056666111316393541e-01
1.634020503331276575e-01
1.503251575353482458e-02
4.100605419445698674e-01
3.419011659794322644e-01
5.988327218908017224e-01
1.945555999280401127e-01
4.850777554740244857e-01
7.490113179886945804e-01
9.268903551704447963e-02
3.207888920948401279e-01
6.360669751456904386e-02
1.452127093287035597e-01
5.292133416331531448e-01
2.813312578363129646e-01
4.178148363214553851e-01
2.331398770436408918e-01
5.585512806711083744e-01
7.178808909428734397e-01
5.607186008817173217e-01
5.383126710564052342e-01
9.894957905176937629e-02
5.768025515730863528e-01
4.248896647718238828e-01
4.509997324608999159e-01
2.619899222928421742e-02
2.876697810752941800e-02
6.887716606563927257e-01
7.490748513791798402e-01
2.546313674823335038e-01
5.830927454119946840e-02
6.489826649049320606e-01
6.336692369362098010e-01
1.578970601614816116e-01
4.648265707422955528e-01
8.819213034905663828e-02
1.559171696809464325e-01
5.411193972760757198e-01
4.325052425472644124e-01
3.603036213115533570e-01
1.062119736295246905e-02
3.062449158601787125e-01
4.624473072916313043e-01
2.674305507450564501e-01
5.503642002523355670e-01
7.293836002578250044e-01
4.365596530021939037e-01
4.619042764867303807e-01
7.650885713806787614e-02
2.373126008278664545e-01
3.601744920055465204e-01
4.365163936666354161e-01
1.071266284068980446e-01
3.053441243690451778e-01
6.848241774095980006e-01
7.538904410072604367e-01
7.779053208387292084e-01
3.191592681258584863e-01
1.840702453600118471e-01
7.210933760131866821e-01
3.336209496764359628e-01
4.699384169156607394e-01
1.225659388596670729e-01
5.788427565455467327e-01
6.631618247629846863e-01
3.035349986206112849e-01
3.601331126462248844e-01
3.731416317865968169e-01
1.429293146944137227e-01
7.017004960063119023e-01
2.250836456832974730e-02
2.774898658044731015e-01
6.852328920087423780e-01
4.878988129156331954e-01
6.835704293183187952e-01
8.557559346806588030e-01
7.692700595368645589e-01
7.227248692385518369e-01
5.669922042116519734e-01
7.045938431109902145e-02
6.030147468290931734e-01
8.786181054350459263e-01
3.009886852034119875e-01
2.809202879131725838e-01
3.161933622780914166e-01
5.460412963530271169e-01
4.071562159056894836e-02
4.019185154886129041e-01
1.317519962956351931e-01
3.177159307056876547e-01
5.348175566150692450e-01
3.430484192145277778e-02
6.853037010466710433e-01
3.758055901134761956e-01
5.819782752296377426e-01
4.608050205757272533e-01
4.235505424549922959e-01
6.242511363538389979e-01
8.094860253617132129e-01
3.904134127538608223e-01
5.923725164663214832e-02
2.483522052682970715e-01
5.040955554991870535e-01
4.414545146150625765e-01
7.639842661471222263e-01
4.133101021796067309e-01
2.130337259856527332e-01
5.941813110512073060e-01
2.878843782348846081e-01
7.866416044553891096e-01
1.582990499953372265e-01
5.394748452020202700e-01
2.176044706976762166e-01
4.893261681167287436e-01
2.589835868672438757e-01
6.214011138497610442e-01
2.992153650016781685e-01
6.391996385450293694e-03
1.004631670889341161e-01
6.893311263637208475e-01
1.063801615789260469e-01
5.496822315630877087e-01
2.094202413209080970e-03
1.749945684795765205e-02
7.768540635571512531e-01
2.016696980942964401e-01
4.260682032839431255e-01
8.550591369202605874e-01
3.238727354898194299e-01
8.658442782867130372e-02
2.583257648982134058e-01
4.639152788383218984e-01
6.284771467121079702e-01
5.819216028747550284e-01
4.458258928372987873e-01
5.625019742190053712e-02
7.079945346988950616e-01
2.120649506139208051e-01
4.037959502307859189e-02
2.624903503589007259e-01
1.531422119621014266e-01
7.936003886348335090e-01
2.193202250996817426e-01
1.598358344171610101e-01
4.563337354433487647e-01
3.678106885156355865e-01
2.492068876149428763e-02
3.464713955794994082e-01
4.558726074365722636e-01
5.347925858577791125e-01
5.423402557123472301e-01
1.374622129613405352e-01
6.292456032874885752e-01
5.367328722443887035e-01
3.117305006846542992e-01
5.798990201926955690e-01
2.648883595875169417e-01
1.014041818968573067e-01
7.722809735692500732e-01
5.317923152235338735e-01
8.607302150188288481e-01
1.529609426659351568e-01
2.046941798397846138e-02
6.171086253722217752e-01
1.150294629519407752e-01
6.189358119881566145e-01
7.091648532616461331e-01
1.569437013927308944e-01
3.814160210167181209e-01
5.297181151185652581e-01
3.147654922972432656e-01
4.830886854171818068e-01
6.172934842136881262e-01
3.296359619076500991e-01
2.957474658784589039e-01
8.042995629385402134e-02
4.296064748618231288e-01
4.313746810422205424e-01
1.936636793945770152e-01
2.113883192221094609e-01
5.793294488867133385e-01
1.925290179333442875e-01
4.473500587913649684e-01
3.381165065337590203e-01
8.026041884619224964e-01
1.504556438687613268e-02
3.228804384399314165e-01
1.629413537954572111e-01
1.140385775796047829e-01
3.227935196653498040e-01
6.839007188773198465e-01
3.059111718099578603e-01
5.636809479007207635e-01
5.479627119531579882e-02
5.557035999179322280e-04
4.741450835169537248e-01
7.321280700917599527e-01
7.917150314663145005e-01
5.011625424639264414e-01
1.524445369040431375e-01
4.737250665947534967e-01
1.286608152783793035e-01
6.562662691703777251e-02
3.037637006579406163e-01
6.636949040651456411e-01
5.005399025894818887e-01
1.073461664844962450e-02
2.401312895804571523e-01
2.472453439592346425e-01
3.976455797596537556e-01
5.247808260360270483e-01
5.072624982434759122e-01
4.567604467099884435e-01
1.724444575213051334e-01
5.544694512997492275e-01
6.865304552684828865e-01
6.181605601207938033e-02
4.031798860315979199e-02
3.331610096176325642e-01
3.440709757053490581e-01
3.219525328323840641e-01
6.256592021579272522e-01
6.723205959384769281e-01
3.346958605412435062e-01
2.764037126019852630e-01
5.805055935239022968e-01
6.517352014530498616e-01
3.805202252897440518e-01
7.998590514508212568e-01
3.130017101123869772e-01
4.818306451782516930e-01
6.284399101458812420e-02
6.404072338342080561e-01
7.399969799053323083e-01
3.694376820399470907e-01
4.310819907386770344e-01
1.892603004202499384e-01
4.439318452407369220e-01
3.508720840009693642e-02
4.385776944839383518e-01
2.288148808299746428e-01
7.515676956122246954e-01
8.324167969190332528e-04
4.978732562312478127e-02
7.211543116892088490e-01
1.376745522276859313e-01
4.605755635626380129e-01
3.152837396075910403e-01
4.295746293942936389e-01
4.409687082802866281e-02
2.943437364196970774e-01
6.260397672525204182e-01
5.949947603027233578e-01
7.767923801723407573e-01
1.323931391686824222e-01
4.715849759065782187e-01
1.216794924924283483e-01
6.572785683058021688e-02
5.973086050126833607e-02
3.068863943015804896e-01
8.422199190981500827e-01
1.857877906661586920e-01
1.428036880056193780e-01
3.725331851597407651e-01
5.068839062557771724e-01
8.408884108629189891e-01
5.259517726664395543e-01
3.425193033153822175e-01
4.353521591950831326e-01
6.757416900895235612e-01
4.728347439596776169e-01
5.955026185842587916e-01
2.431369593118925254e-01
3.308093720235837365e-01
5.103005447618583212e-02
8.629266988797167359e-01
4.247371444835864041e-01
1.471896265763580382e-02
2.548397780770336740e-01
2.644971038477546554e-01
5.028385993280467536e-01
4.056328543490488325e-01
1.251013294660370812e-01
2.540017142191082211e-01
3.593796131133667471e-01
4.837233769070816147e-01
4.254831383074277745e-02
4.904085860609865288e-01
2.323250548669671955e-01
7.294627458961759903e-01
8.279771616452492600e-01
1.166519714260966512e-01
7.699908382899398607e-01
1.866623033755538189e-02
2.155104674585543445e-01
2.836203654582893918e-01
1.940409785809341370e-01
1.838310038925888845e-01
5.467815733227776587e-01
1.954256775187149242e-01
4.980345880541876824e-02
2.975661723975758788e-01
1.005091326395725626e-01
3.131377905724493094e-02
6.033223906963708361e-01
4.682750241630089794e-01
5.163983801824789666e-01
3.388534679909204761e-01
6.944669151095228012e-04
2.555535262910543781e-01
6.931790242792953416e-01
5.532310314303423571e-01
1.235041837193311121e-01
8.068502245137435525e-01
1.840183277471336143e-01
4.071527455582531485e-01
4.647911049487798985e-01
6.892754584308288246e-01
6.212374821708375183e-01
2.332647359844924329e-01
1.706365200054273945e-01
1.385366733416745488e-01
5.777204676446552334e-01
3.544915262057823924e-01
1.966339838065622458e-01
2.783308474260660637e-01
5.808442926580247301e-01
4.250770881592799699e-01
5.329050925265623739e-01
6.607174544379174064e-01
4.094285045072858231e-02
5.582305463460200956e-01
1.231516882438392635e-01
2.793044673394337041e-01
6.776262330365258046e-01
2.998774861950835244e-02
5.925708810027409124e-01
1.290439952781717407e-02
1.049165459560672947e-01
1.388690476267872426e-02
9.132032632203337941e-02
1.085967313328568828e-01
1.233166991480517255e-01
5.177047831410690470e-01
6.313596581688294407e-01
7.920465565394132490e-01
5.382601309487365926e-01
5.263244117099945552e-01
2.522842511272962995e-01
2.604587369204433567e-01
6.275239558466932932e-01
3.291680613034804193e-01
5.889689438069903860e-01
1.401544290772841206e-01
6.962547903596781884e-01
2.230828422112544340e-01
1.973260090541108791e-01
2.335725616940474703e-02
5.213359519137109599e-01
1.042219442728023887e-01
6.153182158255576795e-01
9.593130631201413072e-02
2.618057592085538954e-02
3.256640129427483821e-01
2.764151963367666998e-01
6.446732646130397537e-01
3.985827051355438355e-01
1.747642439779719115e-01
2.378012764354380526e-01
6.761033896194897919e-01
6.162085147106641791e-01
4.457462860361738888e-01
7.451680670478798563e-01
4.717065734277133826e-01
4.988946146770437129e-01
3.062533202043110081e-01
3.614201854348499943e-01
4.706304782597067748e-01
1.126053343914035082e-01
5.402120206776643840e-01
6.514666100742133592e-02
5.667954180617270632e-01
1.594671905975758586e-01
4.629831214350312862e-01
3.252735971143987936e-01
5.425712773966869795e-01
3.171551065373898748e-01
3.506151034174350700e-01
7.898518677595278703e-01
6.203107866972394913e-01
5.822863628601451236e-01
4.329465807304670455e-01
4.934141852147288509e-01
6.079252858111797719e-01
7.038284926805719044e-01
7.090536619014703446e-02
4.378189434191301910e-01
2.455100645843684981e-01
1.836681048845432151e-01
1.031606892277214527e-01
3.145317910064466260e-01
3.949809742578883620e-01
5.649922029427344450e-01
2.329937830296116563e-01
8.795806157007318715e-02
3.611072409083268542e-01
2.461511190712047659e-01
3.669752053287578808e-01
8.753168246965861155e-01
1.306457999730850639e-01
5.157681312916686384e-02
1.434937239279835686e-01
1.513432490108030382e-01
4.793420574410971191e-02
4.130340015499854578e-02
6.897863395873974346e-01
2.460682031974426864e-01
8.714800148685842851e-01
4.229114512750592469e-01
5.861292161627139619e-01
1.074751750735889189e-01
1.674646430745582171e-01
1.675459860539078027e-01
2.088209656486142152e-01
6.245257767410533623e-01
5.476606083513704260e-01
8.393306646132393523e-01
7.052051447748339252e-02
3.962874311697129892e-01
4.170610208950871201e-01
6.809020305151056718e-01
5.567971660925030014e-02
1.204060106438151617e-01
8.184079150805553260e-01
1.150359445685328469e-01
3.876668132527257282e-01
7.911323544211446013e-01
4.520557012045829937e-01
3.168166755091666453e-01
3.208759469409568355e-01
5.357634887738952356e-01
2.359047440529543627e-01
8.446735385741692415e-02
2.840972094651534330e-01
7.456295375157389049e-01
2.556537781431427736e-01
3.667411236042055767e-01
4.356634384779842217e-01
5.404832292157273343e-01
3.449337531277801294e-01
8.416062033334317238e-01
1.912299620136264644e-01
4.994854058194340141e-01
2.080178406090681942e-01
4.069166202577265690e-01
7.031949936486893149e-01
4.642660544300941106e-01
4.954172457338084090e-01
5.020818923393618460e-01
6.198538300105664867e-01
5.862838500190199476e-01
2.462202743432253260e-01
8.537146407655350488e-01
1.668950810495536952e-01
3.275356640825258930e-02
1.118061192987208213e-01
2.333966800780167827e-01
6.102952299692154803e-02
7.790862898005618264e-01
5.977775014305254375e-01
1.815456267442953631e-01
8.053834585814980684e-01
7.856293169134936916e-02
1.687187603847648820e-01
4.722063014427727023e-01
4.525071290019222481e-01
3.364111852713057571e-01
1.094177747845633125e-01
2.148595950599344606e-01
7.071982983765402742e-02
2.890952321891241961e-01
9.269381607944723878e-02
1.358201803775264671e-01
4.355099645012779352e-01
7.064855543235237789e-01
6.489667842510621343e-02
2.522427254095798155e-01
2.473815884243317775e-01
5.874581600900591338e-01
4.927918370517123114e-01
1.329687402751644418e-02
4.722590369612744698e-01
4.142325819106025819e-01
3.531948564893230280e-01
4.165461692430598717e-01
5.489064352804057245e-01
2.344745875198282481e-01
2.686362624607990246e-01
2.152373054492686677e-01
3.232777123878810555e-02
3.860820454412792202e-01
5.182714669914181282e-01
2.831121942859700091e-01
3.961020573372782128e-01
1.825117145252449016e-02
1.008109755107516464e-01
1.302780383732917713e-01
3.673743709564434856e-01
1.093902486513824157e-01
2.005207360482529066e-01
7.172552041496225161e-01
7.196631183389433639e-01
2.506066816409528997e-01
7.839830784943510045e-01
2.981933308636323110e-01
4.170279610382423424e-02
3.102312541109182864e-01
1.137838404283194882e-01
7.956919396699729807e-02
5.332510083496602715e-02
4.644200695939147694e-02
2.744933609799499741e-01
3.433619280941490048e-01
5.667615937545604776e-01
3.216351765424035336e-01
1.688916253871064199e-01
1.181076489776843041e-01
2.790059836944375760e-01
4.564117742824700952e-01
5.528504275794436928e-01
8.321467875631719524e-01
4.568946972585055111e-01
4.506137057494281617e-01
2.710212122507019150e-01
3.099354560349772969e-01
5.014912393559662895e-01
9.022601265360694067e-02
1.396064604416107080e-02
1.787361460479693909e-01
3.624639049760579046e-01
6.052974412406647575e-01
8.108253434602451515e-01
1.324840879533238369e-01
4.529398546168011408e-01
3.025679929196602447e-01
2.934560971567292120e-01
7.954069573076603117e-01
3.927715965320223157e-01
2.462326747230246804e-01
2.886066846473365755e-01
7.995465263499262898e-02
1.297786827644652197e-01
8.724560221749967370e-01
2.465938679034457293e-01
8.771001245463568852e-01
5.815457603446423374e-01
1.160132051621572818e-01
4.844166998040965177e-01
3.677922742624873953e-01
1.052208266362783390e-01
2.291176250537586487e-02
1.954703608514081481e-01
1.460981535817546320e-02
2.606158636696126463e-01
9.106854079046544648e-02
1.904151451752779389e-01
4.303884398629578834e-01
1.748830804128919114e-01
3.116553100646327623e-01
3.689032627197424419e-01
9.216349065504694793e-02
1.658704352645239410e-01
1.275284250491280080e-01
4.243333736334430895e-01
4.948265800474427878e-01
2.614046329487935694e-01
6.090184151576363281e-01
4.457799058095168743e-02
1.702009588452909616e-01
5.025649138022671991e-01
5.936573620613495583e-01
1.836774269928254932e-01
5.195581585553350479e-01
4.864620490033776945e-01
1.855712909654305409e-01
8.187836047503387060e-02
2.975849921070791281e-03
4.362180168736031205e-01
5.168095848377410872e-01
3.986123205143585202e-02
1.726219349198710173e-01
1.522352695045069149e-01
9.213282441506810694e-02
4.879821571451062878e-01
3.808115218431031845e-01
4.045160515686980207e-01
1.998593978877025723e-01
8.279974412600096811e-02
4.002284459672061367e-01
6.300895936045245449e-01
2.525579664908860766e-01
1.372647756080203583e-02
8.018524952152465968e-01
1.791546672659578843e-01
6.628945927894991375e-01
5.775111941607116162e-01
5.447352958503089981e-01
2.331613576971548751e-01
5.949211435304029710e-02
6.933121124907118404e-02
3.084860143383453268e-01
2.301295457453053639e-01
3.842821453598792986e-02
5.178781170510190490e-01
2.327778173997774036e-01
7.874922569958512364e-01
4.992832273083483985e-01
1.302503223610587679e-01
2.506692559658116881e-01
6.048276859795170823e-01
3.345696113426793739e-01
5.529308729080509854e-01
4.182678132742582156e-01
7.889364809094914222e-01
1.699181467477440810e-01
3.873606142418032361e-01
1.835255771772068834e-01
4.421116859190012405e-01
4.961277387049340404e-01
4.035344625078070568e-01
1.388689667287968665e-01
5.063857119229707715e-01
5.497561238352676183e-01
2.611726242970041079e-01
3.200797480904755132e-01
3.124267851509199972e-02
5.975782689450486185e-01
1.036799893794652754e-02
2.116446677253319697e-01
7.823911665669451843e-01
7.419393534380176458e-01
1.271151128627524829e-01
8.966046385496502513e-02
8.657820137459812382e-02
1.857621145134339957e-01
4.867386037869897430e-01
5.391121678250686555e-01
4.255403037307487479e-01
3.188258936900606466e-01
2.065575170911214675e-01
1.096065978061702278e-01
1.538856948914699672e-02
2.733038162507076541e-01
3.308032100935845987e-01
1.624645937153555431e-01
1.287225104495348660e-01
1.967954519046437589e-01
1.341436397050896068e-01
2.079925402222717046e-01
7.256146067039437320e-02
3.344084953720085074e-01
6.218904794504233058e-01
6.240998927364377336e-01
6.392983050919338883e-02
2.533633435911425424e-01
7.898805401336865817e-01
5.569525056548482178e-01
7.221206607656251997e-01
7.671402845133306059e-01
1.598923407127981200e-01
4.920157937071538701e-01
2.600403888855700174e-01
5.879616779343742605e-01
3.069150835771815578e-01
5.865845672650252807e-01
3.499198087040558680e-01
4.685117940915380363e-01
1.152921863484859255e-01
3.506971537167384301e-01
7.923689251039753301e-02
7.272466458599573524e-01
5.034903670610463289e-02
6.640223851636616326e-01
4.546758757141760587e-01
5.711704907664800768e-01
1.707503175928454797e-01
1.282067379054489852e-03
7.512845485685312186e-01
2.868643355718947241e-01
7.713288914919298467e-01
3.277822381398080021e-01
1.296534026863859490e-01
3.822598100515664510e-01
5.108402455874417464e-02
2.187346098750318213e-01
9.756620991687894873e-02
1.300775905456717230e-01
1.266910272105851443e-01
1.068113474227302129e-01
4.305184276658969855e-01
3.715725436701692863e-01
6.356751515073753023e-01
1.520321632636773557e-01
5.300147031583076762e-01
5.425279915436788114e-01
6.786661475839239621e-01
4.290816385122112053e-01
1.809272221233268474e-01
2.574904573222302484e-01
2.791548434601117679e-01
8.384328995335579293e-01
4.998264767204942394e-01
5.996780681865349072e-01
4.453550377145959471e-01
4.002126207329356755e-01
4.074189380858049825e-01
2.771482271119662943e-01
5.090570751139757988e-01
6.364411954065002375e-01
1.544159449484246993e-01
4.137916312883301861e-01
7.724454634082336124e-01
4.460254835422140518e-01
2.139039176571859435e-01
4.692607674795293837e-01
4.150809932904992450e-01
3.981044196452471207e-01
1.902049138209036816e-01
5.152487138346804885e-02
5.090922669036181958e-01
6.460126515704326389e-01
1.859674321029956001e-01
6.275573270837085937e-01
3.982071930195119625e-01
2.277572978387737979e-01
5.521596004493384280e-01
1.769498225294833249e-01
4.023316583879849029e-01
7.686959595816715840e-01
8.014333948272570618e-01
4.916322034812713460e-01
7.617018854355010749e-02
3.078556521330196305e-01
2.672912536777788950e-01
4.035280380133138833e-01
4.206616108236807539e-01
2.295331117042976043e-01
3.784593726003252501e-01
5.413727511128881842e-01
2.650612851738446407e-01
4.172280353232085681e-02
4.453108347708012449e-02
9.194761070629962896e-04
3.651893284655068350e-01
1.380738832035575264e-02
5.634800562481512287e-01
1.342667756705443471e-01
8.315341268984656475e-02
1.513337700080371077e-03
5.577552078972556338e-01
2.864412033955622272e-01
8.764804444771867598e-02
1.626128152685824002e-01
7.356442696088175692e-01
2.605897033786785388e-01
7.441120541116900133e-01
2.394425328074067105e-01
9.430891959557152759e-02
1.242105650807659584e-01
1.112816952458585140e-01
1.180203589079324711e-02
3.223956609492222292e-01
2.747739175892814911e-01
8.709475149136555183e-01
1.324613156667773517e-01
3.991709522801556442e-01
5.592572776934736645e-01
8.491049473475272835e-01
7.250314033312632578e-02
1.915705127609680092e-01
8.118947700301828996e-02
2.552479775574407750e-01
6.653431296681076024e-01
2.252381843325437782e-01
3.926564468027600174e-01
7.683035053403349801e-01
4.888524957266934812e-01
2.291340684869962174e-01
2.982926297666324000e-01
5.453247071934169687e-01
2.488610169316494425e-01
7.002334858876635426e-01
1.223317480637587246e-01
7.051360771783209413e-01
1.835030097793870774e-01
8.022280769945333567e-01
3.144151666309507598e-01
6.212653304304421864e-01
2.088170256457860252e-01
3.803689216499014925e-01
1.660319456068863053e-01
8.008940881707429238e-01
4.932297993509832112e-01
3.363241793812733315e-03
3.326806149255018275e-01
8.670103228384831717e-02
1.379591256280198741e-01
6.567210353964262337e-01
2.343566060240549476e-01
3.875314657189773970e-01
4.714878995587983845e-01
2.156370790385372382e-01
8.519542811563092510e-02
9.885535231138332934e-02
4.049051478511336288e-01
1.277387661085173098e-01
4.145398641945200469e-01
3.115690595657360507e-01
2.991009555702806022e-02
2.675950802334408074e-01
1.854749905179422509e-01
1.942243267594320755e-01
5.068002503286590521e-01
1.365430849073251407e-01
7.642429055512005645e-03
3.395746693332163391e-01
2.158712216224520919e-01
8.701686701364563792e-01
8.711779715682241299e-02
7.758380255871907272e-01
2.763017406588929581e-01
2.619669147579272717e-01
6.535946439037335631e-01
6.294421994160840361e-01
6.775355886578882103e-01
5.931464504249429892e-02
5.170352667698396854e-02
2.935410646951269742e-01
4.239186866769799611e-01
3.511629612159161695e-01
7.774325674773040207e-02
1.491380766997501585e-02
6.925356441058472257e-02
2.274774777341722065e-01
4.749850170527770699e-01
2.823938012913520534e-01
1.511975496689200726e-01
4.419200978751391951e-01
4.108929276061513702e-01
3.209432220002567671e-01
6.741415044422102154e-01
2.152947259456128026e-01
2.998443103932742493e-01
7.477973304515276309e-01
1.123553406726776893e-01
2.735381751389707183e-01
2.557391823191773050e-01
5.473772571043472590e-01
4.861819739843289412e-01
1.143452146512813176e-02
2.237568057277546929e-01
7.412366419532295803e-01
2.223191574196535236e-01
3.388879375536153760e-02
1.134774311700311317e-01
1.158152249842989145e-03
1.009067403721025380e-01
1.218261116845390235e-01
1.043559408065034277e-01
6.997865487599513878e-01
6.742737357681837240e-01
6.547179367523837668e-01
3.348084008118153987e-01
1.227865920277382006e-01
4.050030152727521204e-01
3.989738225464504739e-01
1.737102228790566860e-01
1.419926369005247990e-01
4.145171596961549909e-01
5.997706969814965011e-02
4.422688616719677168e-01
3.749516495776675229e-01
5.769482403645630475e-01
5.037573373506316621e-01
8.937975250445936992e-02
3.208038131526309844e-02
1.522979191693533407e-01
5.878565338515793215e-01
5.145081005435140353e-01
7.918385969602024232e-01
2.709910987649369329e-01
4.888240619444195745e-01
6.920698015915379697e-01
1.792932749280351234e-01
4.838050325204719115e-01
7.079110196186826354e-01
2.932818680041019421e-01
4.291741452632296117e-01
2.471566274580533629e-01
4.897840183886015275e-01
4.173033035667291779e-01
1.020681368606058959e-01
4.901782866908059588e-02
4.249972073877794632e-01
7.199905689977309509e-01
4.320286006862598671e-01
2.431221438042605043e-01
4.915611243377542017e-02
2.091479055267316811e-01
1.096835016688640918e-01
8.757083653805325385e-01
2.295752238479987772e-01
6.597016116464159419e-01
1.871989300312520976e-02
4.940359115753462649e-01
2.550645542934208976e-01
1.259327964598005445e-01
5.903609506415318231e-01
7.599365806976577931e-01
4.435423285335131083e-01
4.967078536675712530e-01
2.374145876362251661e-01
6.281142287693913806e-01
1.207898101053884871e-01
2.788042247001862872e-01
8.561221513392178739e-01
1.440154796378507185e-01
2.047580931145567829e-01
2.987246057699815757e-02
4.595287649952393139e-01
1.276754533154554616e-01
6.522354199402503605e-01
1.545563594250942696e-01
6.606878375798858061e-01
6.666775869827916701e-01
3.226184144654603569e-01
1.326507727923115221e-01
6.736775511940825689e-01
1.469149652593081667e-01
2.331688186502267890e-01
2.187875220205678494e-04
1.848730576769817002e-01
7.020456473483638327e-01
3.397900623282387178e-01
8.214463293370155572e-02
4.992179767371437982e-01
1.598130636809907967e-01
1.966843948197536662e-01
2.830198262650877039e-01
2.476725629111638238e-02
7.747654312094054418e-01
2.840784993303010486e-01
1.799405847628333943e-01
7.180246322479554022e-02
8.798082898376239358e-01
8.511420560924425061e-02
4.574358409190341646e-01
6.414326121845039808e-01
8.475547209306623087e-01
3.586606133308156141e-01
9.295721001081060086e-02
1.788811602961881686e-01
2.185086771122994320e-01
2.522424921704162840e-02
1.457423189466332258e-02
2.589173925813230692e-01
2.462875515551913030e-01
5.887434788488098147e-02
2.119646983857715883e-01
3.175498431829509305e-01
2.566428554230827941e-01
2.609659154883594012e-01
3.747566639918419318e-01
6.866689858157819515e-01
2.615872992262342489e-01
4.641392601486921121e-01
4.656699186797489398e-01
3.215596273347516298e-01
6.655849469168932664e-02
2.920049919506275127e-01
5.050918546969742629e-01
1.581281609067779759e-01
1.000224602939932816e-01
4.861531904312474950e-01
4.833366567172567851e-01
4.884907390619304124e-01
5.282633934029736800e-01
4.330729271459433649e-01
5.821712368643153779e-01
5.726734974132087208e-01
4.411490455445306602e-01
2.535680776293631755e-01
3.829161158678356380e-01
4.268391373974300684e-01
5.195141280066518652e-01
4.665233646120794386e-01
3.420516625903270713e-02
3.006600614588377796e-01
8.548223920263823272e-01
2.919039593229201812e-01
5.163479622245826378e-02
2.663037977256434985e-01
1.887012962578489272e-01
8.561113702333452702e-01
5.079452329646481079e-01
5.486857714962276034e-02
3.545251381753061204e-01
8.132651732123765687e-01
8.280278919877326338e-01
6.548408572056330090e-01
3.049307407434352912e-01
4.496222904167216372e-01
8.191842482318784091e-01
5.911508988344893467e-01
5.348086521593720805e-02
3.021711874335347714e-01
4.643545235731699750e-01
5.213563840194489485e-01
6.733601040321243181e-01
8.039326040600079937e-01
2.423969695364364407e-01
4.833557512706476711e-02
7.557225382897932997e-01
3.989827263368688204e-01
3.014725536293980657e-01
3.955620563676465196e-01
6.051978849162990004e-01
3.583845865221352844e-01
5.550807308861775008e-02
2.493202394608336203e-01
4.061186748542618408e-01
4.905498092290266343e-01
6.979218593312788155e-01
3.620190183750330859e-01
8.444730700882850938e-01
4.340595012038441780e-01
3.950192714171372327e-02
1.842491346523139617e-01
8.262339437847131263e-02
5.908728150760724773e-01
1.884601531970026556e-01
6.543914145655811421e-01
4.765668681968525666e-01
2.383805316778857819e-01
2.932839808205807142e-01
2.725329770418079556e-01
7.005412919798982563e-02
2.153999647275519624e-01
1.540919381649563658e-01
3.714026283054568944e-01
3.037345466463405308e-01
1.071922562895412101e-01
3.956864970134031378e-01
1.562177232214582989e-01
8.777686768480269519e-01
1.250757712296927393e-01
4.894984219204548959e-01
1.435795053513895803e-01
5.633418366216078749e-02
1.752276053301440595e-01
2.167721596601374090e-01
4.879022745992294685e-01
1.011184615750943677e-02
1.058454675264790118e-01
2.555173745529232265e-01
4.369607524190542019e-02
1.842966984884333859e-01
7.885184248508977367e-01
6.385012253341224575e-01
3.656855639813986203e-01
4.035444417002825856e-01
7.156185082456525959e-02
5.344345820077512910e-01
6.690211244540865687e-01
4.095559546247714566e-01
2.542571669336473120e-02
2.803955260395722959e-01
2.963775366154076940e-02
5.068874343392782977e-01
4.297220928452146205e-01
2.414073672272091242e-01
8.969103007702564079e-02
3.788084243331359402e-01
7.094662035962855384e-01
1.965027696230719489e-01
2.618784346599592472e-01
1.362358558886154758e-01
6.521487169968225028e-02
5.011329620171903892e-02
4.130780666612079433e-01
7.349109445370947125e-01
3.209016252302290262e-01
2.607849529129074306e-01
2.803074776307802329e-01
1.980970831617518690e-01
2.161755443614139238e-01
7.948941806404221655e-01
7.420871390735324091e-01
1.425694348775337628e-01
4.039016423112905263e-02
3.310414919532269074e-01
8.214653258134134439e-02
7.508595324429068185e-01
4.358519148840181434e-01
4.795158761627265065e-01
1.707551241941217268e-01
5.114186939508870156e-01
4.538283869746000815e-02
6.729082336286384969e-01
1.660424420499349296e-01
2.033490641554591694e-01
7.803366932455361171e-01
2.949303991489281573e-01
9.858794887934790863e-02
5.165284096931445079e-01
3.033592125277595475e-01
2.470221294977978724e-02
3.371059859258421776e-01
5.710653770499988235e-01
5.217271326333102754e-01
4.332134868713832243e-01
2.632443888836888055e-02
7.911008067582686598e-02
5.520755050449297485e-01
2.882885078764378939e-01
2.217347559017914249e-01
6.653528246138410429e-01
6.708119763141451308e-01
5.874494386413910973e-01
2.991496863198622735e-01
5.209354892419597594e-01
5.390341464099581703e-01
5.874812994215717482e-02
5.566991685514905974e-01
3.563274668346467777e-01
5.178300746770890806e-01
2.625072963941424975e-01
4.531057166646660916e-01
1.294356002651042836e-01
3.544524013468708934e-01
5.636668416628368705e-01
2.502521763263501620e-01
4.024825314341392568e-01
2.953700501315021931e-01
2.316516731198701162e-01
6.149731790226289907e-02
7.276456330268813444e-01
4.275588927097728753e-01
2.941061596696150082e-01
6.403038299542735956e-01
7.199661445964830597e-02
4.553532979917485068e-01
6.860991384941030891e-01
5.741532056136373630e-01
3.395863834060173780e-01
4.268960360380718785e-03
1.047665034141969653e-01
4.565237501689679844e-02
5.797839041125539827e-01
7.597175791879376971e-01
3.632562981921667600e-01
3.809354189352651687e-01
3.495386940311163287e-02
2.226179592915220051e-01
6.667246741892844941e-01
1.915434193849762656e-01
2.451730104617057815e-01
2.082268927833393901e-01
3.113440725738383374e-01
6.529772451303469394e-01
5.859854220642319866e-01
3.777453163941661418e-01
9.440386675958462037e-02
3.815294680356379753e-01
3.981371307449821928e-01
5.084947572129904225e-01
4.301655180896353792e-01
3.552705904898343370e-01
7.865887201702301823e-01
5.209381489489854911e-01
4.895549162772766527e-01
1.825182710314487700e-01
3.134455652085598731e-01
6.729455202874196074e-01
7.429930196057678016e-01
5.613263813493538645e-01
4.851226588720632948e-01
3.220691416265877849e-01
4.417105508335682496e-01
4.723053804803964417e-01
7.719630130876886653e-01
2.486033916387816733e-01
3.403434937027786655e-01
4.826586324629042468e-01
6.713998111964668558e-01
1.594816713856249957e-01
1.733883713658556092e-01
1.995671595924344566e-01
3.806605871852565270e-01
1.469679227181437398e-01
4.945773742548142948e-02
5.210687234370162679e-01
3.716891295611827739e-01
4.607575728075322119e-01
5.521265890944957455e-01
4.013096084392118179e-01
2.871598242003544077e-01
7.398269768281681147e-01
3.171809322151407651e-01
1.937900249880191439e-01
4.263419418847089748e-01
4.153020434088728341e-01
6.138250260045053919e-01
3.206876337703908897e-01
6.989928120628619013e-02
1.390163233257694086e-01
1.715581953964523398e-01
7.735598238914430658e-01
2.251826628567704935e-01
2.859213537722528065e-01
1.227918703666887185e-01
6.624827529052913500e-01
2.768784377337250250e-03
1.358157375607045858e-01
5.666069108037872365e-02
3.847639540621984877e-01
1.796695959815001187e-01
8.405301771094332575e-02
3.270347989668609401e-02
1.070691886255490388e-01
2.092537362235628584e-01
8.750797397058563964e-01
6.753388564631730429e-01
2.105432484914432356e-02
4.836434034329494258e-01
5.773632804157581289e-01
1.609950770070574938e-02
5.681025041055096647e-01
4.807458969960224371e-01
2.228904720892798397e-01
2.373834037063525804e-01
7.360572581106363810e-01
3.027769980495724766e-01
2.023390050777115756e-01
6.167917528160730134e-01
1.873484894539284573e-01
3.754295340000118886e-01
4.247652037034621575e-01
3.519059108247233336e-01
1.857908741546738240e-01
2.423004273087712712e-01
2.261025585773877855e-01
1.655900316270790540e-01
5.575900167262816121e-01
5.036915023747163822e-01
1.360108827538127618e-01
2.383131462789731328e-02
1.641548319745186335e-01
3.455196867747241662e-01
7.503768485052986215e-02
3.635794102102401504e-01
2.918167408967437537e-01
5.042205601358417111e-01
2.746876423590873806e-01
3.686404713963646329e-01
2.935384632585956721e-01
4.905090822060462208e-01
1.834732031297595751e-03
3.839976400062705686e-01
4.379571862534117344e-01
4.099315991591679365e-01
7.636042873864867797e-02
4.849762343304673262e-01
3.237989034432060542e-01
5.002752863272709183e-01
6.455803587725928994e-01
3.133604438644680412e-01
1.016915442844423118e-01
6.573581961265528850e-01
4.025102503295588940e-01
6.500680176860627046e-01
3.297391415735773657e-01
7.213959592436350876e-01
2.908289074867650981e-01
5.215361111284545076e-02
5.650514456068037594e-01
3.478323227290239239e-01
5.715523784032137261e-02
3.125736236033013760e-02
6.249933960089255613e-01
5.193307496816466085e-01
7.664384420362067019e-01
2.802272857191419678e-02
8.027229969828575395e-01
2.150880904129925941e-01
6.176417985279626377e-01
2.832370897137038712e-01
4.814990613557479371e-01
2.994858823869575026e-01
2.954765987390298720e-01
4.255279821640265969e-01
2.388969218856559218e-01
6.546504690405700877e-02
3.130155702474983759e-01
2.791077949473297695e-02
4.971316909604616141e-01
1.327461996673434674e-01
6.157470044746000681e-01
1.308182069250533319e-01
1.512936710147482211e-01
3.782324097304309157e-02
6.629458113968851596e-02
6.148526603016502001e-01
2.766021410278055592e-01
6.220603621474599665e-01
1.128959237822264455e-01
7.640892679757151085e-02
7.037525888126370255e-01
3.080577088346015402e-01
3.358653483098089382e-03
2.298531040630991951e-01
2.208212883736094534e-01
5.421836868325268233e-01
5.612345455694710550e-01
2.313230355077600942e-01
4.446588656138458773e-02
2.772027121577285702e-01
3.393032665181404117e-01
5.731517437148100358e-01
9.099935461316256691e-02
7.345615030121266376e-01
1.804752430299909893e-01
3.532971802721642796e-01
3.946241700284562892e-01
3.723245674361182478e-01
6.145972032212791980e-01
7.969405301318989165e-01
3.040614346889782271e-01
2.408680365237798882e-01
8.385937742540570949e-02
5.632598284710166325e-01
2.129235416135783765e-01
3.262174240041463419e-02
5.207337110455312335e-01
1.308234570160589916e-01
1.000055835929720277e-01
1.768477887311572239e-01
6.869033159741620986e-01
4.835192772910742454e-01
7.591061250719766118e-01
2.523978570782836606e-01
4.642667864145369472e-01
1.057691204127013673e-01
1.190767095411459503e-02
8.796310045434074798e-01
2.894938824056355609e-01
3.045481787408785279e-01
8.605266100471594681e-01
1.333773187299516494e-01
2.551824965806627210e-01
3.921618815730128493e-01
2.315741955266842067e-01
1.558739408976484164e-01
6.540889142486900898e-01
7.578269578224487990e-01
3.234845692991117905e-01
1.623543291503708186e-01
4.741848588399929509e-01
6.569510707230163948e-01
1.851375604674474484e-01
4.567756932826885774e-01
9.684600518626788890e-02
6.611942456377678523e-01
3.776613197452893117e-02
2.125966043209746026e-01
5.885157035812259574e-01
5.463763974826435499e-01
5.875944349145134638e-01
8.369762169900609727e-01
5.026856939657164958e-01
3.216877211251225610e-01
1.887120018739022465e-01
1.979544417576875603e-01
7.465805500391559102e-01
6.049176030994053432e-01
5.681651004699256324e-01
6.487669274559528798e-01
5.352136733801825530e-01
1.881104595954297826e-02
1.451268643813846682e-02
1.677413865712691909e-01
2.974699006959168890e-01
4.769169808428089241e-02
2.604099803795082435e-01
2.507507119094194437e-01
1.620511705006618397e-01
2.944430055736079743e-01
4.613585579146611271e-01
3.317759884156203376e-01
9.095221942037383378e-02
6.153538055686531144e-02
6.730430031931702306e-01
4.095157437299405956e-01
3.449924893817167271e-01
4.604876927227858352e-01
3.493218201927888455e-01
7.509868054811512650e-01
5.208278006907740565e-01
3.187100966540581948e-01
4.544433829483566778e-01
7.191551450776755283e-01
3.381338800292220670e-01
1.423464851558569055e-01
2.284555645124400902e-01
3.331895007211527759e-01
4.764134957606111498e-01
5.441293611135684660e-01
1.590990274248537673e-01
1.261902971978811627e-01
2.626837239946029356e-01
2.632219734106691633e-01
2.495007700924014443e-02
8.492612930040931429e-01
6.920230968863606558e-01
1.530468707499514358e-01
3.476140746913275459e-01
2.786706192800958992e-01
1.079389924268962381e-01
5.942097675822611835e-01
3.979401741498750367e-02
3.687498800145626032e-01
5.759412436554353643e-02
4.838588150053188541e-02
2.641700460881371559e-01
7.302230523038294452e-01
8.200119745711097474e-01
3.166644190015039939e-01
4.713892913765322934e-01
4.270590834126158919e-01
2.233636052395851224e-01
5.683337428119041718e-02
2.926089376992764279e-01
3.452200839655903963e-01
4.790503028955265252e-01
6.635868037376113637e-01
6.367747720560062996e-01
4.895077980386726701e-01
2.718354650432935893e-01
3.087531510108948440e-01
4.804283528487408583e-01
2.340679001778805252e-02
1.702644655533484819e-01
5.160775285438339299e-01
3.549970451152855144e-01
1.717383117276200521e-01
1.926935862741596117e-01
8.309677041283253240e-01
1.246971149617602387e-01
2.592537082086955325e-01
3.857316206876539311e-01
2.888828045301419234e-01
1.285977480048494936e-01
5.915718337127224835e-01
2.065789817277497720e-01
5.209621472923646746e-01
2.677865146644360927e-01
6.333094961537131251e-01
3.028482646234251230e-01
5.293089277325495612e-01
1.197545004848109551e-01
4.060594602269587683e-01
1.245683093109373196e-01
8.712218454065384643e-01
3.190293306908558169e-01
6.890336557399714956e-02
1.411431867263914508e-01
1.748044159705782197e-01
1.647184348207018645e-01
2.859279299936918206e-01
5.771568365628964026e-01
4.173690111288082955e-02
4.265439274238649880e-01
1.711218636278420413e-01
5.480067230204899165e-01
7.543486593814353602e-01
5.748768829043719997e-01
3.789058216084987829e-01
4.299104432728510089e-02
3.765551079299286341e-01
2.565209415018702699e-01
5.005802661535371095e-02
7.203646698878486687e-02
2.562293113514979570e-01
1.154097383124997322e-01
2.071852861791031453e-01
4.075847745269002842e-01
4.151605600078583924e-01
4.486168863177304456e-01
2.354906425238424139e-01
1.894490582076354401e-01
1.074666047442491695e-01
1.209256894902019097e-01
1.528177443875476105e-01
3.123948818794048538e-02
6.342392051911779349e-01
4.943493392652234530e-01
2.439593761339817202e-01
1.102630009519077470e-01
1.981310550977592733e-02
6.784771880867999927e-02
5.414900728403908570e-01
5.393153326062531949e-01
3.595089063683677422e-01
3.757827257625292461e-01
2.473673108654300956e-01
8.392245438853351835e-01
4.087811349546890960e-01
7.859507702910891735e-01
4.147144870494028079e-02
4.325548810787896992e-01
7.187435000897922643e-01
2.381281424767851818e-01
8.702630799163945108e-01
1.405797241470443763e-02
5.646416355633224748e-01
4.091911115109230640e-02
2.897461679594224293e-01
6.404642679950697248e-01
6.439894943834868490e-01
3.181609830914941539e-02
1.801317355614207331e-03
3.919139702564398142e-01
1.145227138562671942e-01
4.214124614172017891e-01
5.714498732899844224e-01
1.499698503387427717e-01
6.702910865084944492e-01
1.501203353326456269e-01
1.515370704205322716e-01
5.263841573136770480e-01
7.827202855368826651e-01
3.727087598000659169e-02
1.154496815660138904e-02
4.580458064088121506e-01
3.975639429997885332e-01
7.825640328239975574e-01
3.164786043056982412e-01
2.814337430720131317e-01
3.120157275699806942e-01
5.612319647904651099e-01
1.398144515040565805e-01
6.011252095104085980e-01
1.662412077624160489e-01
6.923152981575106946e-01
5.320968893564934632e-01
3.067570418433908097e-01
3.941346815646571411e-01
3.292428600080070100e-01
2.370316178076556646e-01
1.558117926517804952e-01
9.602604359592260830e-02
7.345742343957026299e-02
4.270369866063023490e-01
2.366569928482323559e-01
3.928158712493894783e-03
4.604706911499911737e-01
2.003815061067685810e-01
8.451459260891985847e-02
5.415298028886686987e-01
7.092655358583146441e-01
3.232232478450697832e-01
1.261615192582233869e-01
5.585206267863230822e-01
3.150518083986396101e-01
1.491417274268111159e-01
1.859855220871479697e-01
3.225470368442409641e-01
1.565366453835646265e-01
1.433496505233569293e-02
2.147314453601135431e-01
4.981354989856872639e-01
3.335652551125549148e-01
3.437060445653863927e-01
2.616018811537744182e-01
5.414484223631652604e-01
4.463185103832513489e-02
7.404242240754360660e-01
1.033501780880393822e-01
6.704402256228994550e-02
4.139068070311194281e-01
1.630837874357620176e-01
5.777338211317342154e-01
4.736763120130248472e-01
4.621317275253832846e-01
2.901137880069748487e-02
4.081008790544169984e-01
4.382560262038153187e-01
4.489524282860140048e-01
5.246047606965147381e-01
2.830934300548014204e-01
1.149962949545580981e-01
4.050765206979596300e-01
8.489106642302893801e-01
1.167589905367999309e-01
4.993534017203609121e-01
5.040951928431586238e-01
1.382289389765818388e-01
1.614188751351973428e-02
4.693147054389928963e-02
3.843705641886036584e-01
5.172169130779263879e-01
8.112882075682953387e-01
6.571478721965604564e-01
3.775502742883758006e-02
1.644293955515828132e-01
1.327216652158135779e-01
1.820702942788621215e-01
2.531871936436301262e-01
4.100691086626191417e-01
6.828517967248886045e-01
2.361132260725522236e-01
3.709725644862540972e-01
3.740405698923963684e-01
1.697217995411799685e-01
2.287898805725755991e-01
5.212800865683893392e-02
3.326726464405443395e-01
9.633557771306694439e-02
1.762689899644773184e-01
4.047736757209008385e-01
8.902207809195242239e-02
4.914617799634267703e-01
3.436975241708685180e-01
2.710376691264613225e-01
3.613370473899553403e-02
1.274568011026130064e-02
1.018743038970929132e-01
4.468689520926886760e-01
4.062426702166624937e-01
5.297757904527045092e-01
3.283580298762587835e-01
5.736761290756070553e-01
7.805559323527847537e-01
5.110459557772006889e-01
5.468907651749022047e-01
2.312690966403904702e-01
1.793688809754331870e-01
8.372642210881512392e-01
2.700672946656985651e-01
6.516396838035840577e-01
9.240813192526904640e-03
1.187416740368141960e-01
4.677967999806037502e-01
2.141691718691154378e-01
2.317180860705373158e-01
1.956923226500632551e-01
2.644877411425801683e-01
1.049167623901088309e-01
8.923262399484037377e-02
6.222786811657883277e-01
3.535144730616966990e-01
5.178415085420161601e-01
6.449668416704442686e-01
2.711151523531670215e-01
9.219818865608364611e-02
1.052233857186116034e-01
7.482233075733460970e-01
1.948508291727070185e-01
5.176042462118721765e-01
4.707047432508453810e-01
4.676961681665268156e-01
5.448161690749746544e-01
4.529297886683127383e-01
7.579333416561827574e-01
3.729212069175139727e-02
5.055308297172846910e-01
8.524953348493175334e-03
7.000526314345461021e-01
6.842240780300042902e-01
6.249043792451837165e-01
8.039045437635434777e-01
7.821417560574518424e-01
1.308532409115959194e-01
1.856861200374552157e-01
1.410381532224072310e-01
6.646393008002779990e-01
3.887094489668245778e-01
6.533820912474300746e-01
1.327559544009297710e-01
5.010990372025383444e-01
3.277973162027213450e-01
1.611931620211358163e-01
8.228675502991660007e-02
3.468036402159849207e-02
8.445761503275286963e-02
2.067094574058411238e-01
5.164770869930777053e-01
3.462524250282703747e-02
3.002108981444643471e-02
7.886997569084043258e-01
3.807938921586747072e-01
