theta_jn
2.824340069977957057e+00
2.653765239814674270e+00
2.410185310093501787e+00
1.632866179973656795e+00
2.767702271810193349e+00
2.872670054279377716e+00
2.743431921581408695e+00
1.863628195418027156e+00
2.611487489624547464e+00
2.186695619675859792e+00
2.902607995698895049e+00
1.861651384276647780e+00
2.429785157290932585e+00
2.150549715938386619e+00
2.355317285628078405e+00
2.374392416860712895e+00
3.062223086893709034e+00
2.169040014431963481e+00
2.895461787874696213e+00
2.855735399986673251e+00
2.445972679319291743e+00
2.954191194856976121e+00
2.527995120232120030e+00
2.866055074036004680e+00
2.750661186815595460e+00
2.372935290834915723e+00
2.539969724060780809e+00
2.661629768664662610e+00
2.513283055782708608e+00
2.990337272708042615e+00
2.641701493221755737e+00
2.241048557212759640e+00
2.546813100597506097e+00
1.720404796531697977e+00
2.400078740247425735e+00
2.817364278344190343e+00
2.580586830267350251e+00
2.859595132979993348e+00
2.397670143383817010e+00
2.705571811193123288e+00
2.483782607084804805e+00
2.683917401235992983e+00
2.765879986897089804e+00
2.895762606314551846e+00
2.874978369678149903e+00
2.740946569517208165e+00
3.010540174566397553e+00
2.685535712355908267e+00
2.961666859758773196e+00
2.778293233000627804e+00
2.098855562625289828e+00
2.403239911280457886e+00
2.767932502871254474e+00
2.507046766589691167e+00
2.941435729704383384e+00
2.657667516902435079e+00
2.554506473136004541e+00
2.225433528188562882e+00
2.313032575883655628e+00
2.709108772427178291e+00
2.928541987927335555e+00
2.539289158228148047e+00
2.876176519555590616e+00
2.018182398085694995e+00
1.823884863800980805e+00
2.712701507128318035e+00
2.692644222086857386e+00
2.150214186230285485e+00
2.367072719166687378e+00
2.649877176191310468e+00
2.660706844861396636e+00
2.694784333117239417e+00
1.320299921784813257e+00
2.486583758926369736e+00
2.797115387388497965e+00
1.915186450616895630e+00
1.940177057203408939e+00
2.560396529994666270e+00
2.312721815270804893e+00
2.458381692675703167e+00
2.682839096008985624e+00
2.879547908435070358e+00
2.319688200434737002e+00
2.720555630421098936e+00
2.993475261545019972e+00
2.720279701682474904e+00
2.961669018112230933e+00
2.233964066476521904e+00
2.197316774346000923e+00
2.393411494949051033e+00
2.209903189754337305e+00
1.985738120148782038e+00
3.028791703405592894e+00
2.250126379352170414e+00
2.910474116219454288e+00
2.622599183380530441e+00
2.453678248712731325e+00
2.550564119376221850e+00
1.883035895546661509e+00
2.534960800537040093e+00
1.818915010396702892e+00
2.123747870250640268e+00
2.868738057889532289e+00
1.396140556101332475e+00
2.849383440691440228e+00
2.426789425116045340e+00
2.012652525747385734e+00
2.647661726592184017e+00
2.591060315811740900e+00
1.942305155974717534e+00
2.765955881541702244e+00
2.227580910751079113e+00
2.574955019376321541e+00
3.110525906939164642e+00
2.845123309411789592e+00
2.736465776552044815e+00
2.447533950868258312e+00
2.356891963357813591e+00
2.696661075314422895e+00
2.477578698823409198e+00
2.824114902901665669e+00
1.758104175491111532e+00
2.426589148817977382e+00
2.895654519681246430e+00
2.448797667477197404e+00
2.127765356936328622e+00
2.949140752009461242e+00
2.649449167428302498e+00
2.301867204542482614e+00
2.514107961992858797e+00
3.032729547618365551e+00
2.642223720320863833e+00
2.595521228167643191e+00
2.432115580022306212e+00
2.845587715442856158e+00
2.242246117223086088e+00
2.705721660744687895e+00
2.568377610124022326e+00
2.238309595942923558e+00
2.765227566400420667e+00
2.327700667719784011e+00
2.161713921310176811e+00
2.227423337096070544e+00
2.517733528776148422e+00
2.252194363540541477e+00
2.481527408327070194e+00
2.481798512776710819e+00
1.934804509561141250e+00
2.519069178168977352e+00
2.712592884869185816e+00
2.699578453456957572e+00
3.001416041717462235e+00
2.870231620192221111e+00
1.723026490530681576e+00
2.221482846008215439e+00
2.794692203112808748e+00
2.420594688345411694e+00
2.266517460190007771e+00
2.024029579961047709e+00
2.506990296017834297e+00
2.892252935688135018e+00
2.364327620979677302e+00
2.626221773386403058e+00
2.762940517026763576e+00
2.185234475321615744e+00
2.560176766921459901e+00
2.650576172003317854e+00
2.675552359141851078e+00
2.521579387773045244e+00
2.630138755733342659e+00
2.607624060083881812e+00
2.577740547757348732e+00
2.619357140664611006e+00
2.495120821950216783e+00
2.418443546166453739e+00
2.590615879721158255e+00
2.628135217534044887e+00
2.683929700077074543e+00
2.455222520682601495e+00
2.662256326840731990e+00
2.360579645861703657e+00
1.850696256737172529e+00
2.419596718008402814e+00
1.622339153694670077e+00
1.611813375129755421e+00
1.983247696991712106e+00
1.862754958966164942e+00
2.765415910150585521e+00
2.014781055500527440e+00
2.675012196554750865e+00
2.550976710085461452e+00
2.472581788844891104e+00
2.707066552574048934e+00
2.799845430065884599e+00
2.767963596047429142e+00
2.502382000791383732e+00
2.084708424616371847e+00
2.742652254990615823e+00
2.916576807550466999e+00
2.212191538470578145e+00
2.023821013560344717e+00
2.425421229618889729e+00
2.235032354416891742e+00
2.053926685021383758e+00
2.430800364757037091e+00
1.948629055494222273e+00
2.905613595349752831e+00
2.291200478281234965e+00
2.605634790453430938e+00
2.735010435895443237e+00
2.576193428815321429e+00
2.934626097801915190e+00
1.983014028511102200e+00
1.667419078588127324e+00
2.332136852538623017e+00
2.792941106940881379e+00
2.355670668266997669e+00
1.769488634982447461e+00
2.668491645970047621e+00
2.831799636825073296e+00
2.862096727293633958e+00
2.526796338355140836e+00
2.652969290060795959e+00
3.074396842332435487e+00
2.829316485629418843e+00
2.282605122541589537e+00
2.199182357745118832e+00
2.130150746070382350e+00
2.379390782557149642e+00
1.992165329037335564e+00
2.819699724391255824e+00
2.583330012938337195e+00
2.063702076192516444e+00
2.768252428483018335e+00
2.522441052419278407e+00
2.724689568788986271e+00
3.063006610741328739e+00
2.775531275250393115e+00
2.241541977905751715e+00
2.303098375424816879e+00
2.479438149220967613e+00
2.290892229268766123e-01
2.953971459046050185e+00
1.957945107137652574e+00
2.452561613979579391e+00
2.309782872473546078e+00
1.303642609536303176e+00
2.955508314022991190e+00
2.570392584638482081e+00
2.994740800862184749e+00
2.343110751548743931e+00
2.827250563907141245e+00
2.707654919803716087e+00
1.953290696509824453e+00
2.554904372476140217e+00
2.128081280572410083e+00
1.677859686563056840e+00
2.590692749391270588e+00
2.600588294801426947e+00
2.305404436826700376e+00
2.782048360250372721e+00
2.554705306125020225e+00
2.847224426553543797e+00
2.516143175891675021e+00
1.867876719350859416e+00
2.256900819518954382e+00
2.678138388072170084e+00
2.191371632545839887e+00
2.950971678752817073e+00
3.090608843540080475e+00
2.010262050349353125e+00
2.347471893128324272e+00
2.146123023226913951e+00
2.401478089912822522e+00
2.248942444336254010e+00
2.669548600933776772e+00
2.748712098392104952e+00
2.640938818496289198e+00
2.607322072338477792e+00
2.811954558930751968e+00
2.658404583110419050e+00
2.613390468018780055e+00
2.213919439168054559e+00
2.636795846702756574e+00
2.388074247137207173e+00
1.902101164035690850e+00
2.618386839970576752e+00
2.426033633183612093e+00
2.182363715102028312e+00
2.370418200135544051e+00
2.515549621804283653e+00
2.934067390265313158e+00
2.506513452130931352e+00
2.219560567429420761e+00
2.476760868978740149e+00
2.283066880161726875e+00
2.521073016190656713e+00
1.937990343769823820e+00
2.849246522989111519e+00
2.521075987861088663e+00
2.918199085217302979e+00
2.582054511847859057e+00
2.634559187963270155e+00
2.901337273265720107e+00
2.093667433701668745e+00
2.527253776915223238e+00
1.965676201186992156e+00
2.563074504128719067e+00
1.919127765247854667e+00
2.392123374054662577e+00
2.780113726796365370e+00
2.342752008621116655e+00
2.532598306444329594e+00
2.345790567512695990e+00
2.342019195208776328e+00
2.686590407445334172e+00
2.451172140243009334e+00
2.838423043301885329e+00
1.747017567500734225e+00
4.437513482462102643e-01
2.420162163557892043e+00
1.875992142376714966e+00
2.517986018043828711e+00
2.791950861694555197e+00
2.223741410693054643e+00
2.697563668575788220e+00
2.759212278451690370e+00
2.586795953871755760e+00
2.704053608438258927e+00
2.848338771505174449e+00
2.104382670317692661e+00
2.746998980287282510e+00
2.557711759264708284e+00
2.817686710560830754e+00
2.343248089173643578e+00
2.173567255258001651e+00
2.206905141655779001e+00
1.703060177876224657e+00
2.335519927630042236e+00
2.215188020361539945e+00
2.343221990044314307e+00
2.870129962985381145e+00
1.653291590690674662e+00
2.311233906263562954e+00
2.901575700850359762e+00
1.215291700064627722e+00
2.713161688888145129e+00
2.732902584425211945e+00
2.580191710122718529e+00
2.021491747721036791e+00
2.959395177361545670e+00
2.887160649228463605e+00
2.358988920420520330e+00
2.842333358914825858e+00
2.661519514893250449e+00
2.729988278391640044e+00
2.672658647195749193e+00
2.294706950386266264e+00
2.948132886591345425e+00
2.319917517643935057e+00
1.864632201160139502e+00
1.936175692420429195e+00
1.492982277061730478e+00
2.751003888323678481e+00
2.156185170325163103e+00
2.824709927622552019e+00
2.530967527358038094e+00
1.792891825638091019e+00
2.133752342191417739e+00
2.321305875115742712e+00
2.336378872835321641e+00
2.749665991692467060e+00
2.155793164771767856e+00
2.427158275507354190e+00
2.849777067164244393e+00
2.359094229936438136e+00
2.677987391416463581e+00
2.525785169472732683e+00
2.601099808277702596e+00
2.680606890963050493e+00
2.523930101335172260e+00
2.291712220978101122e+00
2.615903354585751295e+00
2.308880308781044111e+00
2.787142002373676153e+00
2.535548705804487213e+00
2.405169771494604092e+00
2.546748746024565246e+00
1.979741220803018953e+00
2.372029835440481182e+00
2.842528021430983376e+00
2.921491791218330913e+00
2.850142249372039416e+00
2.540063276582217533e+00
1.780218099300715728e+00
2.975590336234677391e+00
2.676163508374232336e+00
1.884707431783657405e+00
2.036995140976130436e+00
2.533780799779698611e+00
2.781248187940214223e+00
2.656568054573079873e+00
2.836015332568310843e+00
2.819005039538834190e+00
2.152013823845371210e+00
2.572684914735047457e+00
2.132204881357431692e+00
2.683772996629666618e+00
2.336478674445388926e+00
2.167169002443409820e+00
2.233277041733222390e+00
2.957084404928345567e+00
2.201187519706854001e+00
2.890020160561655338e+00
2.408847763330134395e+00
2.638570709686312021e+00
2.087630768232589862e+00
2.361804337081464311e+00
2.357623960378854466e+00
2.126086899099593364e+00
2.378593077075555229e+00
2.720822936866226005e+00
2.647699533313373710e+00
2.493103482427480255e+00
2.610997273479355396e+00
1.960936339645239723e+00
2.577557104575894265e+00
1.605239505965852853e+00
2.118547741345166546e+00
2.701879763069699347e+00
1.867386103364909955e+00
2.115087031505296977e+00
2.093519286646832622e+00
1.911663337154680731e+00
3.029363041255396460e+00
2.274341269322637693e+00
2.398593345313728253e+00
1.988865291803863622e+00
2.631437877413790538e+00
2.630282573384987277e+00
2.757081492773676867e+00
2.670970847710949503e+00
2.992052305877274332e+00
2.953905633862412117e+00
2.489475792876994831e+00
2.677762664143587212e+00
2.939877823950821867e+00
2.273005942437872573e+00
2.187932272788010835e+00
2.682545773114311860e+00
2.361815931662029744e+00
2.713309135667354433e+00
3.012797942019350028e+00
2.826325006159017939e+00
2.556595443933040723e+00
2.638498704597178612e+00
2.327545411219196669e+00
1.618034866172830988e+00
1.824724056184201748e+00
1.625308359810357262e+00
2.675753023593383073e+00
1.817376569862417135e+00
2.075074826210685064e+00
2.616719461561283211e+00
2.266423814662990477e+00
2.615510158021395082e+00
3.086954492653227522e+00
2.606522068681861093e+00
2.649010439174536380e+00
2.473192767726474006e+00
2.935186506450441879e+00
2.375788045281185479e+00
2.525144029505940413e+00
2.735791340990493037e+00
2.211292592437795079e+00
2.789390254647274858e+00
2.818842196627457497e+00
2.630760171155495097e+00
2.602856089400270356e+00
2.459047697317754633e+00
2.783336144720062411e+00
2.466305697172100242e+00
2.508263826898443405e+00
2.640861298696298487e+00
1.920670554574371858e+00
2.138835863980204977e+00
2.500495193623053947e+00
2.244044109985367630e+00
2.242990549131819833e+00
2.856657621639134170e+00
2.357876965369793076e+00
2.841991743711535179e+00
2.390783803185628109e+00
2.915649167492169624e+00
2.792948897487398163e+00
2.700272820625798875e+00
2.837118822068286583e+00
2.422492439455573798e+00
2.170815169250248200e+00
2.207407628622354956e+00
2.163298174859994649e+00
1.848012751237764650e+00
1.883308422543890082e+00
2.330754426613867114e+00
2.806751432786936729e+00
1.717082914761538737e+00
2.625199013263211256e+00
1.940954548470458674e+00
2.677789670727526605e+00
2.530924806120359527e+00
2.472972928317039631e+00
2.100737319104672984e+00
2.331548632144897493e+00
2.572514416794777325e+00
2.548786946124307562e+00
2.089479753898572767e+00
2.915508501325346558e+00
2.282078402739860401e+00
3.007321316817014090e+00
2.879312074397831989e+00
2.374300732454601714e+00
2.571731705920318856e+00
2.261245562432049994e+00
2.550723906991915868e+00
2.413303592254211871e+00
2.256001946502359967e+00
2.688418977574335678e+00
2.558435240001383448e+00
2.554063250910463267e+00
2.498377269573480497e+00
2.823735531993419201e+00
2.745971062142626096e+00
2.844278977639584483e+00
2.231917174893518041e+00
2.935686418696159983e+00
3.000100040583015382e+00
2.613122036184432062e+00
2.354032471333814769e+00
2.665436600310959747e+00
1.940125152315079093e+00
2.633122564745350669e+00
2.383615971151136215e+00
1.701815400577937343e+00
2.398034951277460802e+00
2.161297096622656788e+00
2.560185464198100558e+00
2.459474388081907659e+00
2.991836253593369133e+00
2.356999501362802008e+00
1.965453401208161477e+00
2.779983786682830527e+00
2.343826149080302734e+00
2.735109291634064910e+00
2.572382242753882498e+00
2.628266497316239736e+00
2.605116265216361082e+00
2.545433748271170415e+00
2.505146485661005062e+00
1.772204704539756870e+00
2.549885191210268243e+00
2.957439054751357155e+00
2.067782527133595671e+00
2.314511032443003824e+00
2.216320422147805225e+00
2.673090270678025071e+00
2.549749055715487156e+00
2.313904405070295489e+00
2.685169625303978513e+00
2.805998833439227624e+00
2.113291017645339664e+00
2.853703127240025506e+00
2.714770019357668041e+00
2.109486534489467324e+00
2.588130933709363202e+00
2.653086274935713806e+00
2.603781369283357350e+00
2.860975325810544145e+00
2.284451811830691348e+00
2.346273413988153145e+00
2.778789215781186428e+00
2.620129687414849418e+00
2.896696858193653856e+00
3.107485384620710889e+00
2.504830113085062315e+00
2.245610372279275069e+00
2.076601708452666006e+00
1.741325557760503795e+00
2.209592126194557693e+00
2.600594368606859774e+00
2.540791605005713549e+00
2.632020250564096386e+00
2.584957287419109573e+00
2.499046556093393878e+00
2.339707514915680076e+00
2.340002043621159711e+00
3.094501020813933856e+00
2.672218196376506150e+00
2.775164064569429545e+00
2.611068136914233673e+00
2.948860762056819240e+00
2.471145417614024176e+00
2.886952313295849670e+00
2.682455764335104575e+00
1.845035990941263915e+00
2.731156932775371082e+00
2.802069502137483070e+00
2.153780215280914234e+00
2.750321199616493573e+00
2.042837586703827757e+00
2.849206260217870490e+00
3.042496011959996416e+00
3.080376879349883357e+00
2.611029087121985448e+00
2.510802459455796054e+00
2.946512531160242254e+00
2.857907932694667696e+00
2.334675585943965626e+00
2.485813446365443991e+00
2.661582536483820149e+00
2.326228565589790520e+00
2.167738637644817334e+00
2.423374114058802764e+00
2.883249639114967788e+00
2.481134573350368466e+00
2.503444997312890052e+00
1.582809057040321044e+00
2.456115660244795329e+00
2.976800519184083171e+00
2.278742708160050423e+00
2.579545069454425743e+00
1.780669498658811634e+00
2.051463283968592233e+00
2.503006218371338409e+00
1.901344614965591928e+00
2.784745266043521905e+00
2.182172302529727492e+00
2.773108338090196412e+00
2.398376016723157367e+00
2.215384383560724313e+00
2.760321534133424404e+00
2.350410162264175096e+00
2.751033533516692664e+00
2.100017560917509130e+00
2.060579536730315908e+00
2.947260421900455896e+00
2.990171687462646943e+00
2.516925548407930258e+00
2.167500994867253894e+00
2.589088746089598825e+00
2.516556380919202862e+00
2.080418654076777507e+00
2.490670691398266801e+00
2.929845622679389638e+00
2.490430509361614142e+00
2.718185531797207677e+00
2.855415948353390299e+00
2.547601800835760155e+00
1.895588003443534619e+00
2.089471174435078904e+00
2.846328245290869141e+00
2.637073072022629638e+00
1.978982690903148045e+00
2.795504190778509646e+00
2.360903369062773205e+00
2.825261205421245148e+00
2.957647016892630543e+00
2.697585844236885855e+00
2.793796658895344898e+00
2.893975961072893899e+00
1.594407941372214976e+00
2.425457261661208008e+00
2.977862557765644347e+00
2.525742072995299292e+00
2.285489220666876431e+00
2.494817315515425626e+00
2.666232355205843341e+00
2.678410214278098334e+00
2.654075138394555999e+00
2.573531509492979374e+00
1.695423468475006024e+00
2.105158998769617096e+00
2.362797983298453808e+00
2.445065120633444167e+00
2.422293004685082796e+00
2.367890174201318310e+00
2.332019155153695511e+00
2.797437869372904728e+00
2.745038214488478623e+00
2.708804754838478157e+00
2.773821364324042360e+00
2.744849802325130650e+00
1.887417972121199883e+00
2.234140431743020017e+00
2.459036722187442958e+00
1.086713412416301150e+00
2.777819476473273319e+00
2.254801787309197891e+00
2.222167295464820835e+00
2.003335526393927868e+00
2.102653560062861082e+00
2.412717722690842947e+00
2.652312608263706295e+00
2.706414768400629001e+00
2.898785580395653927e+00
2.404401326713996312e+00
2.598737432975950945e+00
3.060588493976300395e+00
2.613509762766005107e+00
1.864154773313270175e+00
2.753441903163032833e+00
2.670749846592324506e+00
2.399891749076641378e+00
2.526945217546384903e+00
2.808460388468322133e+00
2.409507329008721666e+00
3.013242123027984221e+00
2.130720702666247579e+00
2.022992770165994880e+00
1.657344542719896285e+00
2.681705329780848412e+00
2.137703215298531134e+00
2.416467133390942656e+00
2.136804166764929125e+00
2.224648347980429541e+00
2.728924058139047482e+00
2.796668277207246422e+00
2.464462482041433589e+00
2.305487745043216741e+00
2.004499297876452868e+00
2.809073007613971384e+00
2.031876809294223651e+00
2.777080737559772139e+00
2.202794589034470008e+00
2.749338005514826655e+00
2.596145115539305603e+00
2.905429287969609753e+00
2.283138197872639275e+00
2.072151345873454620e+00
2.668736025680103818e+00
2.302702444946657323e+00
1.545686614216898791e+00
2.799420146198386750e+00
2.158229901763558445e+00
7.710711845451091451e-01
2.403414379562459402e+00
2.444579112759657669e+00
2.675808734939567834e+00
2.321710138666595924e+00
2.107507493566913581e+00
2.469293639499333448e+00
2.213520040492020335e+00
2.222231064759305763e+00
2.333154497379528181e+00
2.625869201821718679e+00
2.434205940751158703e+00
2.299976786125682793e+00
3.126983297955407526e+00
1.836048459671320465e+00
2.610039753134908214e+00
2.122887306482142300e+00
2.059123460293388774e+00
2.875456657764577706e+00
2.860356204201776720e+00
1.407785280112030968e+00
1.973466522424021097e+00
1.788150737382788735e+00
3.037898878228294297e+00
2.981083133974189892e+00
2.713761383950655137e+00
2.437767619519522366e+00
1.439987057426516559e+00
2.836426770796578900e+00
3.052647924477883912e+00
2.776839266313782861e+00
2.230767190781052900e+00
2.554194083988960529e+00
2.703573620949331069e+00
2.169287774081521292e+00
2.256685763888119034e+00
2.139341803670457676e+00
2.256634840475712167e+00
1.767146059724274965e+00
3.107440471824049588e+00
2.453657734328226869e+00
2.820426732667633107e+00
2.385433966114808513e+00
2.508812761767952981e+00
2.919289611236486781e+00
1.576209818957159170e+00
2.415574022671661769e+00
2.849082817960909786e+00
2.105786071243470836e+00
2.495537644319622217e+00
2.664703979243926213e+00
2.815468243134493953e+00
2.807429062986996460e+00
1.752807970298724705e+00
2.628525910791222664e+00
1.963677330132904908e+00
2.709472527982226264e+00
2.669706456855295951e+00
2.717959476136319719e+00
2.626591904388493770e+00
2.682095163829691042e+00
2.389880700901922506e+00
2.999170362200644036e+00
2.369449888024850459e+00
2.238321636515964386e+00
3.003088360881956742e+00
2.531441366890903044e+00
2.421314937136775480e+00
2.655725570403189573e-01
2.566020628883561638e+00
2.082165380211657091e+00
2.942162633817100748e+00
3.073049667670195273e+00
2.531269171421166142e+00
2.867104893733790405e+00
2.656092344448810483e+00
2.774536375093621388e+00
2.047598959909949112e+00
2.030063815980259090e+00
2.450088910341777115e+00
2.736360300677269208e+00
2.449719829895159684e+00
2.160439398925513288e+00
2.445340727055888674e+00
2.486088643934865505e+00
2.497742508786152449e+00
2.302452557360318952e+00
2.179137505847660528e+00
2.325958909425962506e+00
2.764190956915853814e+00
2.935593349962536180e+00
2.825723805047680504e+00
2.784487627061154491e+00
3.059440343327072043e+00
2.118286112061062987e+00
2.551491643189105041e+00
2.614150933043432712e+00
2.844373561703501085e+00
2.033771793907265479e+00
2.642457558586226885e+00
2.544637300784936329e+00
2.460345708615079285e+00
2.287420673967770934e+00
2.898624827854380470e+00
2.547719659362191358e+00
1.811562643455780997e+00
3.026340399289320970e+00
2.959658249660554574e+00
2.749266560324594710e+00
2.445845936995725722e+00
2.561018491631967375e+00
2.897054930329926670e+00
2.401119635715569967e+00
2.643675943541618167e+00
2.660821797615152029e+00
2.759731191232792646e+00
1.754494444961009370e+00
1.931619721056491157e+00
2.546037942675225096e+00
2.164069097614042647e+00
2.819202146132112397e+00
2.480319004144075912e+00
2.885687600064950953e+00
2.287279857652802839e+00
2.530194562172925821e+00
2.393485748172179406e+00
2.922880158427268782e+00
2.864119457252645606e+00
2.512169825256157729e+00
2.748976361948725522e+00
2.621360357982185363e+00
2.821277342532228616e+00
2.956395255196756278e+00
2.654928475930122822e+00
1.805133863015266016e+00
2.328347510436500123e+00
2.719751361658876210e+00
2.241872398550411205e+00
2.015062650292837265e+00
2.484072706947269893e+00
2.725589743827973699e+00
2.729484971673841631e+00
2.821711306662707752e+00
2.469917683014484666e+00
2.625334340748342044e+00
2.884229751827695143e+00
1.867224469207688253e+00
2.713204961813261207e+00
2.718271848626641063e+00
2.400221080430643195e+00
2.633348585805710851e+00
2.366651046037115957e+00
2.847425553750694505e+00
2.913512370892956227e+00
2.672684210485741563e+00
2.904395875967991980e+00
2.210858058018283501e+00
2.852572825816290791e+00
3.052843571214227669e+00
2.721380393812651732e+00
2.400364395642748061e+00
2.006835365562821938e+00
3.028945927474989031e+00
2.004101980536968419e+00
2.838801863153813887e+00
2.528957618803232332e+00
2.573699424110305056e+00
2.985977730794740825e+00
2.392566809284613516e+00
2.543640242173682342e+00
2.695890338894296523e+00
2.752041110510668354e+00
2.707708801829231238e+00
1.643927011121377069e+00
2.990851827921618522e+00
2.849560086611064857e+00
2.097812621921535392e+00
2.935342158755037900e+00
2.654360865456468321e+00
2.572948273198670144e+00
2.261863785265624927e+00
2.282761245642662473e+00
2.356192410262976544e+00
2.413844774622883271e+00
2.393725972503943478e+00
2.887687844316590979e+00
2.936692000061755348e+00
2.880736708905072163e+00
2.859627396472514516e+00
2.804115407152460993e+00
2.492455434943736670e+00
2.435208953537445709e+00
2.863534940418235308e+00
2.612807516640517136e+00
2.780371492481412687e+00
2.426858574370866606e+00
2.509317109229602938e+00
2.706454985688913517e+00
2.778804870563656326e+00
2.200578345619703224e+00
2.863776590814556933e+00
2.634961057779717564e+00
2.434300877171716948e+00
2.940526209384879852e+00
2.221341303029241487e+00
1.575282814522008579e+00
2.650191241094285832e+00
2.206953945057545052e+00
1.044155156404593526e-01
2.872431263638316246e+00
2.953427748270396336e+00
2.201757791862235969e+00
2.507627112738282982e+00
2.203812639778089721e+00
1.872781700277169614e+00
2.793510228853047561e+00
2.815153946420796416e+00
2.669400670125776642e+00
2.892588376798295169e+00
2.258194576292968492e+00
2.627638795372559954e+00
2.903941719320535242e+00
2.052798432896965508e+00
2.129043156497006706e+00
1.975999617663429797e+00
2.842245342143555842e+00
2.557741037349335667e+00
2.615484648455839167e+00
2.643508289264917543e+00
2.186776825253573087e+00
2.647219373333967951e+00
2.759502755799039697e+00
2.797030142592754398e+00
2.079137347324792717e+00
2.105829869912644980e+00
2.396002451313321124e+00
2.398521745107506487e+00
2.674932458632441445e+00
2.981257094912691752e+00
2.460810486625435889e+00
2.196426289805640586e+00
2.688704260969267068e+00
2.749717932684418109e+00
2.737424088274658995e+00
2.847690693591386157e+00
2.302877918840741778e+00
2.377426061688105996e+00
2.188886803078654353e+00
2.356670876305589690e+00
2.965073983573734751e+00
2.057216678538124732e+00
2.768838277086626221e+00
2.231363069842752012e+00
2.655711626615542276e+00
2.539428892485540601e+00
2.265782965409517402e+00
2.349003054577094129e+00
2.854932882881689782e+00
1.835359187167811212e+00
1.766170845804159395e+00
2.461386102419790056e+00
2.044464531896662329e+00
2.745031376339563511e+00
2.290788436301773423e+00
2.496499160719893862e+00
2.011139723779404420e+00
2.099066894635404967e+00
2.641813991290219210e+00
2.316458262879154351e+00
2.440959597318109076e+00
2.117537607979710135e+00
2.267573551263054377e+00
2.671956937061602755e+00
2.979121584901600173e+00
2.421849952450756405e+00
2.638323751426165931e+00
2.586654119532902474e+00
2.019815508905146828e+00
2.808119237243462685e+00
2.149073813168913549e+00
2.697094607113105891e+00
2.256477899507233431e+00
2.175444910718673075e+00
2.802139983725160821e+00
2.385379215429338284e+00
2.412429113964269956e+00
2.129092579255989381e+00
2.307326934442388122e+00
2.615803136389033057e+00
1.846406310177509225e+00
2.927660738157332521e+00
1.855711590107441022e+00
2.698613349910625292e+00
2.812716818613099523e+00
2.667500957566133479e+00
1.806878166021620880e+00
2.094980950196523750e+00
2.690217364913003895e+00
1.910105520850771121e+00
2.751865785728923264e+00
2.689569964756981069e+00
2.503893206752692446e+00
3.027582559396100326e+00
1.901030885001932180e+00
2.424386582778728094e+00
3.078683112621778850e+00
2.558555273956339082e+00
1.949729566543336290e+00
2.421084821891168470e+00
2.330793900684442033e+00
2.392985419636728395e+00
2.242845082364248732e+00
2.987667469988378510e+00
2.651097512112736254e+00
2.324447928053113621e+00
2.391023809866798633e+00
2.158596461100558805e+00
2.412086000963387100e+00
2.580540708159749119e+00
2.875007125771937400e+00
2.451288241393938527e+00
2.395906304205637216e+00
3.023798287984836186e+00
2.629286769804299873e+00
3.094950137005028967e+00
2.886830058272473298e+00
2.334590466489514515e+00
1.762267438779830053e+00
2.642318182279981276e+00
1.559102554013541475e+00
2.669683410348957509e+00
2.690215527284741004e+00
3.103658940933321730e+00
2.665484232808777776e+00
2.292408885025832621e+00
2.646343628373303503e+00
2.529305757592594794e+00
1.985970138810657426e+00
2.972287663056982332e+00
2.343803141839739812e+00
2.784489567286694722e+00
2.635719728892693237e+00
2.543873577152760745e+00
2.657195883165694106e+00
1.999505079263512730e+00
2.571797369969868186e+00
2.394592006154500297e+00
2.313358939702190753e+00
2.088030501603631794e+00
1.838990729282390824e+00
2.126775171381905416e+00
1.815778777819620382e+00
2.746049851301025413e+00
2.099095195555555904e+00
2.349771175410578561e+00
2.329245314011027190e+00
2.568483637464222369e+00
2.310741577182967355e+00
2.099873988820704085e+00
1.645227133140699127e+00
2.580834722580860330e+00
2.299406724254926981e+00
2.955046681403290965e+00
2.775153810960405920e+00
2.301999995976005131e+00
2.579131223873679435e+00
2.574138440229173597e+00
2.800262295245759869e+00
2.639059251611740375e+00
2.545096970347612508e+00
1.768211704970522158e+00
2.348854279955192137e+00
2.923826276128390855e+00
2.260015977442067392e+00
2.718369539897973031e+00
2.370138428439777289e+00
2.779262538942491201e+00
2.527929396708116005e+00
2.807380582509630518e+00
2.148519834764921033e+00
2.424093204737256535e+00
2.634164926077307456e+00
2.306635764224042706e+00
2.449346838439727225e+00
2.333449647399963300e+00
2.755139947016465474e+00
2.408733983280529234e+00
2.905850405617271814e+00
2.785117814871241659e+00
2.021819152887560644e+00
2.766522852360487672e+00
2.605993025494231397e+00
2.256581635334132585e+00
2.537191174247227732e+00
2.515901306723975051e+00
2.537110107424697336e+00
2.566121646608682916e+00
1.935337763242633402e+00
2.041509506831141962e+00
2.067970321453489024e+00
1.587645318964420404e+00
2.799161761789362490e+00
2.567871632752597666e+00
2.797970569420164200e+00
2.849767324695143156e+00
2.529861010434601098e+00
2.508231938408780781e+00
3.080755956765219850e+00
2.404221005564822100e+00
2.712290632796291678e+00
3.098385078544935389e+00
2.722087699912993930e+00
2.892268506379737758e+00
2.831198903309528170e+00
2.450230493406701626e+00
2.387930617856393933e+00
2.423097022213019702e+00
2.780046033081144952e+00
2.167617447964345079e+00
2.134581167191035522e+00
2.718170082310364943e+00
2.312717137820969437e+00
2.367273688116397601e+00
2.934378067300473347e+00
2.906580131640601472e+00
2.663676413898547590e+00
2.384817589767862067e+00
1.878401462062257998e+00
2.188633529983024406e+00
2.278384999585655546e+00
1.632144112781749534e+00
2.513795884185852980e+00
1.600634258042674896e+00
2.478344831256733549e+00
2.469669580247265017e+00
2.522914456014310414e+00
1.859263892681727981e+00
2.350135184639279284e+00
2.789510568898565079e+00
2.651728082128329334e+00
2.730065570741210923e+00
2.972891295640168519e+00
2.127327324591618662e+00
2.180633874084500157e+00
3.017384852879346546e+00
2.185603945298818740e+00
2.867625335776625040e+00
2.183159926632588732e+00
2.928245435490611115e+00
2.483734141834569087e+00
2.363129236178571180e+00
2.705816628101207932e+00
2.769047838358037250e+00
2.895247475638470736e+00
2.629490231293418301e+00
2.594503785059230516e+00
2.782045952910665143e+00
2.746675606802278846e+00
2.623119531209256561e+00
2.222064405106244589e+00
2.925684714537166276e+00
2.294392089638594978e+00
2.037488864086349771e+00
2.889687964439125345e+00
2.388819998184382953e+00
2.904496070839410304e+00
2.858586495621207924e+00
2.385247944586484259e+00
2.137976883494357772e+00
2.698195270561166481e+00
2.950910252597074734e+00
2.034025680460456620e+00
2.725450741525664800e+00
2.928952739850552600e+00
2.801354475572860103e+00
2.025667703332610703e+00
2.944075467929659684e+00
2.982553286009935967e+00
1.825611082660479667e+00
2.707255549985778664e+00
2.451685167273874200e+00
1.967205434598022551e+00
2.554886807604830334e+00
2.543869959435971939e+00
2.770468781091956600e+00
2.466885165437644911e+00
2.877965038002736620e+00
2.274224115033545157e+00
2.047600143521647542e+00
2.617999668901028532e+00
2.036624036441552654e+00
2.856834214333943578e+00
2.386145501694552085e+00
2.814645091883805073e+00
2.625193472510682469e+00
2.981092325685867017e+00
2.336896286316057392e+00
2.474370910248310018e+00
2.239749219811966174e+00
2.555671043640286744e+00
2.857259382900834588e+00
2.372131990842714977e+00
2.190271308435297826e+00
2.425739928774998333e+00
2.460039466295951271e+00
2.377107468313042204e+00
2.030797711260549754e+00
2.233640770008920917e+00
2.384791621969886144e+00
2.685226553598839327e+00
2.703352277357892408e+00
2.307323607788092978e+00
2.968947561172327720e+00
2.568468776273737486e+00
2.793514630970495904e+00
2.766195704112317522e+00
2.868923041606469049e+00
2.821321157132366420e+00
2.200252242097731958e+00
2.362284083874907292e+00
2.935516005216932012e+00
2.557837558969261682e+00
2.732567684243577766e+00
2.216037733604791171e+00
1.809635169197777671e+00
2.887803810230843649e+00
1.858505252469232261e+00
2.641555573524949629e+00
2.390527735597768544e+00
2.770640907559805743e+00
2.413800429544882054e+00
2.412182244391364527e+00
2.487308623931363094e+00
2.656106412199156885e+00
2.334094629376223473e+00
2.997571880620267137e+00
2.473989402021948614e+00
2.955099141352178549e+00
2.838865633494259466e+00
1.737548831019042339e+00
2.133933324155620426e+00
2.281851680301580476e+00
2.534275443264835559e+00
2.566400073331463805e+00
2.612158437199096905e+00
2.285796434459024695e+00
2.295962297084437775e+00
2.837009630436843288e+00
2.643774187331840775e+00
2.617856674071227907e+00
2.608090091338583161e+00
2.276946777500789665e+00
2.762503929383191004e+00
2.366895837307022354e+00
2.434102206579369376e+00
1.598083334409753586e+00
2.797587983482367591e+00
2.734814043418196228e+00
2.621344480564123280e+00
2.308282248295635775e+00
2.679760118882485997e+00
1.783826111684431392e+00
2.120534410919810320e+00
2.855586973796886863e+00
2.765344538855253553e+00
2.371840902834407849e+00
2.416551571502183471e+00
2.356107665373968985e+00
2.512844040657330691e+00
2.819420954112971334e+00
2.451023730182118943e+00
2.275742221016165079e+00
2.686685193068324651e+00
2.241637483996955282e+00
2.096304571552346729e+00
2.956553808753170198e+00
2.643303995684033403e+00
2.890010344880784565e+00
2.107234926641254447e+00
2.875154956910093151e+00
2.769840055213576679e+00
2.790338613785360078e+00
2.843829972173250287e+00
2.109967184077412572e+00
2.087930206674073474e+00
2.822710603043685040e+00
2.915694254347644065e+00
2.414949999623309917e+00
2.365391017262040929e+00
2.413686281082037866e+00
2.682188144575041289e+00
2.568551915458046064e+00
2.850052414905845932e+00
2.514841237569881649e+00
3.042471065446636480e+00
2.189230643190830605e+00
3.012338935233708437e+00
2.275467609984489048e+00
2.967595931524833475e+00
2.458872580571989541e+00
2.068281386394650312e+00
2.637397778786335856e+00
2.779814521151832363e+00
2.408350815232888742e+00
2.129081503656625962e+00
2.083339827033560798e+00
2.574488388544977191e+00
2.565608425287847716e+00
2.037157023011844981e+00
2.431144449555799447e+00
2.290875057210941534e+00
2.266160307627803405e+00
2.599133127705396618e+00
2.443865413979361634e+00
2.384384205839085169e+00
2.079891760446706872e+00
2.784217688378465727e+00
3.005329676247366244e+00
2.775631004248055866e+00
2.309051968111500042e+00
1.809650144030761520e+00
2.603040114207709088e+00
2.588885165707557778e+00
2.226527901132586695e+00
2.687090423512797699e+00
2.726422807754077748e+00
2.296948161090037743e+00
2.282711180261655315e+00
1.998402097618267481e+00
2.874956345809681402e+00
2.209631148355107211e+00
1.622009899380278508e+00
2.624476097277220532e+00
2.597746278268241227e+00
2.531878074922293109e+00
2.601873264558532295e+00
2.283243729411534417e+00
2.314217108829806246e+00
2.535453011655446343e+00
2.584737127025110937e+00
2.996172196800997334e+00
2.747892300544535704e+00
2.116701660210235314e+00
2.584486592451752163e+00
2.730893318084810950e+00
2.319145395150444600e+00
2.340614076558652279e+00
1.965303792392153248e+00
2.762296574054668774e+00
2.030217413815556871e+00
2.214184310179468262e+00
2.854905883295224545e+00
2.414227373162362689e+00
2.769592690848114103e+00
1.980651532069430454e+00
2.509756227698398678e+00
2.569401572159129010e+00
2.667743597362166152e+00
2.653328650612962303e+00
2.989034468083891394e+00
2.776700861275426035e+00
2.888183958235010174e+00
2.564604883180928496e+00
2.442349002660597179e+00
2.361796921908559277e+00
2.659344554177795139e+00
2.514543432078065077e+00
2.679176796380595249e+00
2.410857257863171288e+00
2.826852445402849412e+00
2.177448831475284674e+00
2.644262379668063989e+00
1.771622000471750891e+00
2.723860609564491497e+00
1.984280578736386191e+00
3.022339558191188491e+00
2.601112576606605664e+00
2.747300128908945815e+00
2.669353798466964633e+00
2.628732874357796234e+00
2.746363210237992458e+00
2.949178476884564137e+00
2.913525695661748571e+00
2.242761556225085773e+00
2.546619376892352182e+00
3.053140928204217897e+00
2.661992723208587819e+00
3.014136624236079864e+00
2.824348579203542542e+00
2.795317123982182572e+00
2.660067573321101886e+00
2.823905415659793583e+00
2.357261527748339969e+00
2.157065404412167542e+00
3.023360676334675645e+00
3.001791542340868979e+00
2.486719763386611159e+00
2.444319009656722663e+00
2.472601202655202002e+00
2.694375062119927389e+00
2.701307822944264192e+00
2.294793647450149354e+00
2.896523927002589094e+00
2.295052689098358023e+00
2.292104815790991790e+00
2.432150638649971608e+00
2.615394283115977103e+00
2.637231926968801154e+00
2.323034492669337148e+00
2.237708301996986116e+00
2.499138793831774841e+00
2.382814595100363420e+00
3.035020013213980850e+00
2.190996262786361726e+00
2.838645360297091802e+00
2.582336213357518062e+00
2.589386335235770442e+00
2.573148616943818467e+00
2.371056675672348568e+00
2.799061565668967244e+00
2.360963144822200377e+00
2.067684281885742603e+00
2.391604892278039518e+00
2.344037340267493441e+00
2.547120342487282141e+00
2.640802343908922545e+00
2.682750610782214551e+00
2.383726011323869631e+00
2.616898236669303657e+00
2.567398607389529630e+00
2.863363857323787620e+00
2.228579480275261204e+00
2.899832426305462896e+00
2.354367684533298366e+00
2.633017372059126338e+00
2.603125985981677992e+00
2.554956263648206605e+00
2.939175407365381965e+00
2.620691718267472936e+00
2.436359816367963393e+00
2.796881791192740163e+00
1.213784212628660875e+00
2.502243501682481774e+00
2.693632242776998531e+00
2.295496574177067650e+00
2.456964185823471425e+00
2.167988690620497927e+00
2.448361111500882537e+00
2.824473718813521828e+00
1.639115681449549333e+00
2.719828854721884959e+00
2.913746075140821734e+00
2.364381829440389549e+00
2.867126809083301531e+00
2.516498701400706306e+00
2.574653265462294449e+00
2.591911266393846169e+00
3.030006811113422405e+00
2.923066415404002250e+00
2.588524596993833526e+00
2.782325248465222334e+00
2.305032588615371303e+00
2.951897594738553288e+00
2.674814135931445680e+00
2.589608583193024227e+00
2.512481281107966424e+00
2.199459292466432903e+00
2.208643604349519229e+00
2.558104224484487155e+00
1.681080741421017821e+00
2.443416963490614435e+00
2.392060408958349260e+00
2.210222933492310915e+00
2.569237762918304746e+00
2.470995486388513740e+00
2.177309286087385054e+00
2.645764481712629124e+00
2.466004091443759094e+00
2.782896430400820798e+00
2.859310180214378327e+00
2.585628415083895959e+00
2.024889522100485006e+00
1.537024263911097366e+00
2.794006897880928708e+00
2.844342637021898490e+00
2.536894205361623911e+00
2.566178621513741653e+00
2.963254204075359333e+00
2.575297144238482439e+00
2.397225843721839222e+00
2.915182952358092106e+00
1.868678854579329807e+00
2.020068801014716531e+00
2.511411940833898182e+00
2.410063685293199587e+00
2.575957161055552724e+00
2.036501016974951561e+00
2.351000631086193504e+00
2.230438214821921949e+00
2.715515951430904185e+00
2.131972303173178762e+00
2.676719828256793665e+00
2.026453499668382729e+00
2.463936911381415129e+00
2.289020946971754622e+00
2.825659220531599125e+00
2.564462177305283141e+00
1.964617084829007654e+00
2.681214616065193734e+00
2.804039850357535002e+00
1.986160515275027905e+00
3.057396113061229492e+00
2.175823554774225066e+00
2.752127250058441721e+00
2.571936706371846793e+00
2.937562145651063883e+00
2.843408170830376669e+00
1.759975543506141049e+00
1.742041917257565187e+00
2.487320238159363317e+00
2.702088618561488964e+00
2.544082827520551593e+00
2.652367878592661654e+00
2.618378974996402597e+00
2.662061440715901117e+00
2.516242906997623319e+00
2.140341604446605484e+00
2.201972701554743672e+00
2.433436992362861595e+00
2.039797704320704952e+00
2.648481404773231240e+00
2.943665168137038268e+00
2.407983819345116405e+00
2.758864705505659209e+00
2.521169047482995307e+00
2.354335684259907246e+00
2.939132913340584796e+00
2.840503694011859537e+00
2.464425033139930221e+00
2.444806763183914544e+00
3.027498968562662984e+00
2.736388989022472629e+00
2.816147198028364773e+00
2.720527676339504985e+00
2.244390846589534583e+00
2.789160253035106951e+00
3.085713661799825758e+00
2.650278621664886369e+00
2.985141729630961027e+00
2.730775566965026879e+00
2.580030720060404903e+00
2.864889723676034006e+00
2.995493251300740400e+00
3.028919613170572234e+00
2.890347986032788530e+00
2.622824314437735893e+00
2.377391975892701570e+00
2.756696159127723700e+00
2.569530291672272870e+00
1.639231261207753976e+00
2.346789089562489217e+00
1.708186613554348643e+00
2.795160801284311436e+00
2.251257021727360197e+00
2.126360765375848949e+00
2.867567386865916390e+00
2.377177413780784843e+00
2.365108254429311163e+00
2.539036749259834469e+00
2.539540140313445882e+00
2.798790103634397841e+00
2.663396002076660274e+00
2.586834772868086940e+00
2.730537374832466835e+00
2.656119341358400998e+00
2.350677261151683961e+00
2.929639382452681851e+00
2.201886249100159620e+00
2.949805563317891455e+00
2.174174836143071943e+00
2.519273668407331801e+00
2.481808497137771408e+00
2.472480157675082335e+00
2.613917690908827751e+00
2.481850539813303502e+00
1.494929485175964468e+00
2.494453783721014783e+00
2.406663091849421399e+00
2.645151602710122507e+00
1.740681321419821348e+00
2.387927045673901016e+00
2.316995433530561588e+00
1.931147545137936961e+00
2.445479762186409278e+00
2.401009220287535495e+00
2.818088703866949096e+00
2.700134461616169546e+00
1.939772293635352751e+00
2.586667776363807736e+00
2.809554985918258474e+00
2.901529068867845673e+00
2.599486668254002097e+00
2.531056766407666192e+00
2.869810036181688950e+00
2.682440040133365677e+00
2.775266965436722799e+00
2.024018026836772677e+00
2.603768917125222071e+00
2.459054825621610707e+00
2.582637611448137083e+00
2.087821638980511096e+00
2.313895821013584708e+00
2.314444621911351696e+00
1.333347422696626428e+00
2.577077339327741967e+00
2.165396015334487334e+00
2.205610628478174018e+00
1.729067615229985089e+00
1.989493891979111195e+00
2.880780925119843072e+00
2.846614233561727936e+00
2.843298379222019445e+00
3.100494604091654782e+00
2.533117506280745168e+00
2.249259164822936974e+00
2.787016024896409760e+00
2.438070264182526259e+00
1.962330517434552224e+00
2.471319556471192058e+00
2.135444368054563835e+00
2.574919346491670424e+00
2.206727501387025114e+00
1.659245318920414602e+00
2.609061085625890009e+00
1.905789077262213915e+00
2.128317151356932779e+00
2.592822319250069896e+00
2.844413804261697987e+00
2.400885519383608280e+00
2.207902634349565574e+00
2.863939505788839046e+00
1.174331117337429342e+00
2.569555807941895420e+00
2.622642678879921530e+00
2.830514765533258092e+00
2.836983316008549139e+00
2.375433357831323367e+00
2.765401951595892527e+00
2.452072984618567375e+00
2.555527446138259773e+00
2.053693916284512699e+00
2.885067008481246198e+00
2.840049974459085913e+00
1.885082139527540335e+00
2.208677825579587140e+00
2.599973525485571368e+00
2.313063291464887428e+00
2.586256140651218782e+00
2.336019060983604234e+00
2.436770812969531352e+00
2.660993367394107079e+00
2.327185411985286834e+00
2.372714695039686905e+00
3.001699783182895764e+00
2.317287779281222981e+00
2.293535661991037422e+00
2.528520256344978012e+00
2.688219834489453675e+00
2.508821494552353482e+00
2.529254317214976844e+00
2.248830815079395862e+00
3.070735505949779842e+00
2.062160948341376088e+00
2.519203053846387430e+00
2.153990941706641848e+00
2.587449131473341435e+00
2.314562708181004957e+00
2.469829935182671132e+00
1.660159630285002574e+00
2.142328248960690296e+00
2.247230761217730688e+00
2.150246013225217467e+00
2.674133706060311422e+00
2.807508836420537612e+00
2.673247458237566931e+00
2.210648795895694629e+00
2.372462233352983674e+00
2.188351027942457616e+00
2.240514399555848524e+00
2.277287470102049127e+00
2.544329953222543406e+00
2.733804629319543711e+00
2.319345276347982931e+00
2.132065604237938672e+00
2.052164520560006977e+00
9.300971371062168869e-01
2.721973513610294049e+00
2.863437773219403848e+00
2.594125786181877835e+00
2.661744444728642467e+00
2.793346734468673542e+00
2.292843322136226103e+00
2.487991245192729739e+00
3.009387884458364137e+00
3.044199608656526390e+00
2.481756418615736148e+00
1.960607598907925242e+00
2.473673703607861096e+00
2.430129194530643577e+00
2.503573628918303040e+00
2.294819761183323870e+00
2.379089784261265716e+00
2.383541294260809185e+00
2.034384975453666922e+00
2.696857951201632186e+00
2.359113457721143892e+00
2.920537608205143520e+00
2.659335723257760797e+00
2.247448327993272876e+00
2.449273415462881243e+00
2.603866092325899384e+00
2.939383800323811080e+00
2.609323438774656889e+00
2.469833675947250562e+00
2.582838306206393320e+00
2.493355618929403494e+00
2.578848673143236958e+00
2.521823849978433341e+00
2.616638417143202666e+00
2.846799292678144244e+00
2.656689306652910254e+00
2.197553009655057288e+00
2.767371150908231492e+00
2.078444349835867122e+00
1.955517333791266577e+00
2.648259527486673814e+00
2.773744418665763156e+00
2.517418059626469695e+00
2.445382616881965454e+00
2.686584105042182369e+00
2.463137585314520095e+00
1.906008784095721831e+00
2.759978063035295470e+00
2.585038435146041369e+00
2.365391834436961993e+00
2.502418774023516868e+00
2.583164620039318127e+00
2.655618258460283432e+00
2.649768850515757723e+00
2.069242429494316138e+00
2.396266969385401513e+00
2.903965644558404779e+00
2.353706846816161491e+00
2.951904742413514082e+00
2.304629226827863420e+00
2.919782518725419607e+00
2.273150692928457950e+00
2.649817550454621085e+00
2.892381609393273045e+00
2.633822563778319914e+00
2.326136252425768269e+00
2.277343257442741020e+00
1.885314097997681682e+00
2.775819133951039408e+00
2.029590457518417157e+00
2.455590748054662598e+00
2.871034473055270819e+00
2.602577780393199980e+00
2.414368158894002026e+00
2.390927840036630947e+00
2.497012428034366405e+00
2.452911257230212083e+00
2.630597722065427302e+00
2.270534476034581139e+00
2.231628255304101138e+00
2.624372281436825549e+00
1.914791856598924369e+00
2.859834314267830635e+00
3.003181032429568464e+00
2.702406014086542463e+00
2.711149710223900389e+00
2.894318975638537683e+00
2.730002758942894125e+00
2.634388143896546630e+00
2.589277877912463666e+00
2.171890112773029902e+00
2.822815239245597851e+00
2.496017232165598454e+00
2.360523413105180435e+00
2.818601261788986623e+00
2.329574105913628568e+00
2.049503610224323591e+00
2.142148666724555728e+00
3.027986459100824312e+00
2.707197217682372870e+00
2.712898141310875477e+00
1.685226390161642218e+00
2.563880570287387695e+00
9.169258845420534820e-01
2.477921267324763477e+00
2.771389292491658107e+00
1.913702552665319301e+00
2.276424432392451624e+00
2.488982679868993131e+00
2.695806418441344832e+00
2.643324475846623667e+00
2.799374455100164027e+00
2.446683756121645903e+00
2.830170632746055848e+00
2.019448866857423752e+00
2.853191472971481790e+00
3.079812143813955405e+00
2.385860934956086865e+00
2.638729690189302257e+00
2.206813292858612385e+00
2.447947493010770970e+00
2.805669828155686663e+00
2.533089555367981749e+00
2.409285274376677943e+00
2.209180768279715323e+00
1.172443384436285596e+00
2.816184656833650823e+00
2.894744640623741816e+00
2.819808265348272780e+00
2.158017000252445250e+00
2.458315515769657900e+00
2.143467216506328210e+00
2.983949183342980760e+00
2.159599769988382434e+00
2.543391530840889203e+00
2.010079998803555590e+00
2.020895102393987841e+00
1.629980529646374299e+00
1.971180422024160883e+00
2.260191903566730609e+00
2.705879254447262738e+00
2.840618470102169280e+00
2.438937463318599619e+00
2.514677632541380881e+00
2.261350207191847428e+00
2.891510013410468982e+00
1.914500590740929598e+00
1.966443977328022452e+00
2.488237632224262974e+00
2.788092335375877528e+00
1.974078329932163367e+00
2.178350811865894521e+00
1.859867953025997389e+00
2.705238112354913405e+00
2.613965319003288990e+00
2.322914230146632786e+00
2.421333023006482232e+00
2.287918948984144496e+00
2.772026904240570300e+00
2.622948399712741629e+00
2.419994052668666740e+00
2.827146414898301430e+00
2.500354280200823176e+00
2.024654101585387611e+00
1.627211282881873888e+00
2.482140809026697426e+00
2.779499671718456355e+00
2.848912238887407078e+00
2.583801672948120576e+00
2.452629718405378689e+00
3.084593658729976262e+00
2.336094964885583103e+00
2.075245944916017660e+00
1.967396286292190988e+00
2.382001269219176098e+00
2.603762129082196619e+00
2.768725706381443885e+00
2.776530391742825898e+00
1.692219069096998041e+00
2.421483018880977944e+00
2.863982541016219852e+00
2.834777702963818147e+00
2.819478615480401018e+00
2.920552374143925878e+00
2.203151969872817251e+00
3.033248617437104500e+00
2.889021300975051609e+00
2.865981167211019809e+00
2.524138163243057065e+00
2.463525794842959638e+00
2.891035758246978560e+00
3.038397945695499924e+00
2.726224722244764642e+00
2.606500927921660882e+00
2.867066711795174694e+00
2.640361395886403173e+00
2.728099755754181288e+00
2.097095833152937239e+00
2.460370097061058914e+00
2.609428014734907819e+00
2.709949973110726607e+00
2.000731858598497670e+00
2.096195428585436282e+00
2.611784341212716853e+00
2.111827166637928244e+00
2.302136272689389696e+00
2.415155809353592531e+00
2.364223791863839796e+00
2.427460983289888130e+00
2.231254575027522780e+00
2.534105125333287578e+00
2.024956527450384680e+00
2.969619425192151496e+00
2.648410649175182652e+00
2.461413185230617806e+00
1.960010344057400600e+00
2.664755029165029487e+00
1.806646710511898846e+00
2.467392400463499502e+00
2.979131771946260887e+00
2.285793546776274443e+00
2.707385455778274164e+00
2.102582681735207792e+00
2.159400663022874589e+00
2.030079022852598669e+00
2.181008505019437660e+00
2.988196642097406208e+00
2.795540648764337721e+00
2.617559870093440377e+00
2.199304250096123958e+00
2.719818189922015073e+00
2.882290713825015782e+00
2.724182155232405034e+00
2.873595179988360560e+00
2.611363421623875691e+00
2.815995643792486014e+00
2.750359552458041978e+00
2.744352304795124375e+00
2.351422224084841694e+00
2.661318053930350480e+00
2.294173308819588364e+00
2.713330413131542773e+00
2.716314001221497243e+00
2.947984037042693739e+00
2.459193181840398257e+00
2.611455945043835047e+00
2.023383734191416483e+00
3.016558486846438125e+00
2.133154907521510157e+00
2.691412324884331575e+00
2.869344543050774909e+00
2.926443198296832193e+00
2.454349255548883502e+00
3.094489123393171504e+00
2.397931056581719123e+00
2.874685725145641690e+00
2.099911361478218996e+00
2.822785250191774509e+00
2.197308980055916017e+00
2.183817575874030137e+00
2.958529752596142703e+00
2.057678261597370550e+00
2.286548309487894670e+00
2.937036450440527524e+00
2.701095596490970419e+00
2.250064038539310474e+00
2.949953886552969529e+00
2.682295275152112968e+00
2.811662795715617058e+00
2.178280657741894721e+00
2.666746032696276636e+00
2.670629141277444774e+00
2.733840408236511088e+00
2.556014609055062170e+00
1.923849142147527225e+00
2.500069256465315970e+00
2.041231078737702376e+00
3.103847557567277260e+00
2.326512376116854686e+00
2.381034002238494818e+00
2.087547512990450826e+00
2.276576495148877388e+00
2.189906102655224895e+00
2.843247197974274609e+00
2.527485929460579595e+00
2.582208068866125306e+00
3.014753275428902146e+00
2.999478817013215615e+00
3.023538097136321046e+00
2.887451936428557797e+00
2.150416123764398613e+00
2.979687219705006829e+00
2.616706769910116748e+00
2.699069524137919451e+00
2.874359572046888633e+00
2.001328778406297637e+00
2.605018043490668234e+00
2.509380157478088069e+00
2.616184242282819650e+00
2.128612008411334688e+00
2.500366594632913220e+00
2.499180212659981581e+00
2.838850428395805370e+00
1.722842366762467714e+00
2.971545249256233756e+00
2.611145117777720959e+00
2.623201385695842713e+00
2.608701289470384044e+00
2.123264430972259476e+00
2.658247876491288242e+00
2.267079624983957320e+00
2.288962439491775136e+00
2.427319293599315753e+00
2.323847661554065525e+00
1.973489057459620888e+00
2.474439320743923254e+00
2.429453024955180673e+00
1.952232231898232140e+00
2.435257655554408984e+00
1.538967289383332826e+00
2.645952723522605243e+00
2.180897442432512712e+00
2.071857988899793668e+00
2.711887230706022667e+00
2.643755657358281219e+00
2.773606913101081428e+00
2.364096089181307203e+00
2.796055586378969782e+00
2.141967336705133285e+00
2.532209476061137554e+00
2.183550076726995748e+00
2.285111157381668257e+00
2.672834471916657240e+00
2.723871538270546733e+00
1.774645445373679298e+00
2.823833825970801126e+00
2.419922568937247664e+00
2.515791468559275490e+00
3.054970712156264145e+00
2.684764280139272152e+00
2.165304030782206013e+00
1.928453861175907447e+00
2.020935294984754105e+00
2.096713865942486876e+00
2.215350494921884295e+00
2.750957683050655245e+00
2.585823690378366901e+00
2.911311227885698294e+00
2.599286557387215701e+00
2.401525125422084184e+00
2.923613414282421719e+00
2.878863141528170910e+00
2.434443370913792926e+00
2.429083876342197357e+00
2.435255853373287316e+00
3.029606269847447741e+00
2.728572776098610486e+00
2.440668672130268835e+00
2.675638451259396255e+00
2.546443605981117742e+00
2.877416405418181888e+00
2.477321391780807236e+00
1.983788342859936993e+00
2.389393366186697509e+00
2.906102174334394661e+00
2.306397413118548734e+00
2.343888858917476892e+00
2.821336637077091591e+00
2.477917876708104039e+00
2.277652367354023433e+00
2.993813946634145129e+00
1.885848844553747350e+00
2.505071526413904071e+00
2.739269752121980872e+00
2.144137311360954534e+00
2.644390004592204857e+00
2.606503778148535844e+00
2.356473004448819797e+00
1.694045500191464049e+00
2.100742062103869046e+00
2.513890489423800556e+00
2.599506766995989260e+00
2.099524876697997033e+00
2.277994351343460622e+00
2.808552343436662824e+00
2.655050067292545890e+00
2.622502514291006115e+00
2.275341495758745669e+00
2.734278312000900435e+00
2.386449288336548236e+00
2.276284647553405538e+00
2.594908573317038059e+00
2.369354306802090804e+00
1.760096126347894030e+00
2.673081555173407953e+00
2.470121459224940974e+00
2.875568507078827274e+00
2.425199725533055517e+00
2.479641481964406147e+00
2.757814982418852257e+00
2.266245054393147829e+00
3.098030029049123613e+00
2.706218756628357092e+00
2.288866595512678792e+00
2.292368718422420404e+00
2.565892067117173880e+00
2.698131456456966060e+00
2.490682567002615144e+00
2.680765750036944173e+00
1.721170716858365202e+00
2.683117797950894445e+00
2.237958403220844605e+00
2.451262244974239835e+00
2.682535436101279647e+00
2.236577437454609463e+00
2.635070246036015362e+00
2.164916684014811743e+00
2.608489563720808757e+00
2.567901159441389858e+00
2.562582451766940217e+00
1.653002107225825856e+00
2.243406018539644275e+00
2.841720448577396585e+00
2.317745136068272593e+00
2.989738445386346921e+00
2.800974385500758057e+00
2.841818452481858603e+00
2.100763219241722712e+00
2.405307407779034623e+00
2.253522745444831443e+00
1.997168411669098864e+00
2.359184674781525271e+00
2.453573052018008571e+00
2.897732424044911603e+00
2.261938816405775654e+00
2.169101159614511332e+00
2.756082735489897573e+00
2.099268052344769320e+00
2.328491076356840939e+00
2.532861836063108107e+00
2.407405148493542146e+00
2.613226809508853332e+00
2.794974713696475543e+00
2.710154561376884708e+00
1.817336162805085475e+00
2.663825273255508552e+00
2.533574765320272704e+00
2.388291369795853214e+00
2.663124664700753375e+00
2.840705828601640892e+00
2.275348357628466545e+00
2.089437111527839175e+00
4.167291136025518261e-01
2.522859850144300253e+00
2.932740107109688577e+00
2.773966764054964784e+00
2.481949763570650003e+00
2.665576933540382498e+00
2.409786010816987734e+00
2.522657452467397921e+00
2.519792567987079845e+00
2.452151179330610109e+00
2.625235177487138749e+00
2.851451246286530683e+00
1.935149972497021142e+00
2.217774144265578951e+00
2.660650426407207281e+00
2.977275861239901733e+00
2.215011852664069636e+00
2.964650057251815518e+00
2.170364709506389822e+00
2.531799150010407118e+00
2.696984388132090071e+00
2.999961726375197202e+00
2.596770564061717579e+00
1.726529523098699226e+00
2.613453123458437943e+00
2.409165137025767400e+00
2.527029966192030574e+00
2.860496216873305908e+00
2.845224396906903319e+00
2.408034873947962673e+00
3.077380246565644129e+00
2.214620130495514871e+00
2.308682260367502348e+00
2.515197234801043180e+00
1.812627679245764956e+00
2.494805430775082211e+00
2.414313773051273593e+00
2.498545347004207606e+00
2.232059067616837478e+00
2.367850530029521394e+00
2.663221931826929012e+00
2.587528310247525720e+00
2.314994114673801562e+00
2.298269088796857762e+00
2.104070082383351359e+00
2.778957786792724427e+00
2.209793826996663935e+00
1.958980638109754757e+00
2.929939331002219038e+00
2.834980515260761447e+00
2.639802085951404198e+00
2.692424775233071887e+00
2.384529622439003571e+00
2.098178685229008966e+00
2.147132404338576439e+00
2.991993007577753882e+00
2.754745799900959913e+00
2.979806590710405878e+00
1.996032071339051139e+00
2.282133301932366631e+00
1.510147352308216728e+00
1.831009801757459199e+00
2.835123510413548598e+00
2.668956268317129510e+00
2.427202817369165544e+00
2.654886990621946996e+00
2.552172384618814682e+00
2.613951300009231371e+00
2.457900557352245219e+00
2.917843112997718258e+00
2.146179084453855523e+00
2.197612887414547966e+00
2.206748626917749423e+00
1.913982436538775422e+00
2.661100974766130278e+00
2.259437335397842528e+00
2.482576281989379741e+00
1.922577787200336896e+00
2.537646466833033632e+00
2.881991541454818950e+00
2.680690032494718267e+00
2.319328467512931979e+00
2.499612328466164435e+00
2.643565718113930707e+00
2.400369055905771987e+00
2.186558989371905959e+00
2.432133716139809110e+00
2.627142348450121734e+00
2.793059009038534324e+00
2.562526529535015918e+00
2.480424060355798765e+00
2.761438192246051138e+00
2.558249664566873527e+00
2.484319882558982062e+00
2.799282621412262806e+00
2.055458502770137752e+00
2.016818166983058713e+00
1.323837491084957962e+00
2.493638847972090566e+00
2.522445731533107693e+00
2.337920112901342495e+00
2.055039774694533250e+00
2.808102947542516326e+00
2.434472761123664508e+00
2.476909166950385099e+00
2.241105924022906315e+00
2.656112496570997017e+00
3.013008105675042181e+00
2.184751559853674419e+00
2.487044676243550967e+00
2.397315536709446082e+00
1.994309675097224899e+00
2.447697727667689893e+00
2.812418853160233212e+00
2.630365271898339241e+00
2.677096176189789123e+00
2.560587388187319124e+00
2.577723130201726498e+00
2.622976631954051285e+00
1.811945035445594598e+00
2.359329313019586039e+00
1.800757187485411359e+00
2.197339512297953323e+00
2.969013104427526972e-01
2.201643720045801444e+00
2.957035282293377865e+00
2.915923102220157048e+00
2.604123461825581742e+00
2.612516752576951706e+00
2.419503081080443874e+00
2.841603973916277504e+00
1.854077364650217108e+00
2.660641904539458036e+00
2.664143748231154962e+00
2.905480447364409802e+00
1.984825273642510268e+00
2.764781065340971011e+00
2.489767967024032913e+00
2.378690251471686334e+00
2.455964254100365896e+00
3.043709293934420579e+00
2.062707950764146148e+00
2.233200959004593145e+00
2.751900786815606903e+00
2.016150722598220479e+00
2.761143172332815254e+00
1.834022430943539117e+00
2.735153379963195075e+00
2.203861984073149038e+00
2.311671369248445185e+00
2.723599327148249483e+00
2.133123193303424259e+00
2.024458779846518564e+00
1.835836037096920448e+00
2.759610289206684275e+00
2.758253909022724493e+00
2.810276614918486793e+00
2.441544383530271034e+00
2.913917659044328534e+00
2.832102420993833025e+00
2.095930454626506290e+00
2.924281119086089564e+00
5.957611825740608547e-01
2.298751722601521497e+00
2.013951772952526031e+00
2.082306495020742609e+00
2.252442901475300907e+00
2.121512142026927616e+00
2.678032219826786964e+00
2.903021460078795801e+00
2.521421438539527049e+00
2.543095051629322256e+00
2.857963503987790865e+00
2.605853044659900863e+00
2.457752911846197819e+00
2.358408374004897556e+00
2.658224266286246973e+00
2.701678940395006556e+00
2.315385707798468751e+00
2.227637358040132742e+00
2.635492573424680796e+00
2.215656756959578200e+00
2.810065497328767314e+00
2.656811486778853926e+00
2.559579071091348190e+00
2.363768512265154609e+00
2.496903984429107215e+00
2.784487828393228170e+00
2.461541666766342562e+00
2.254228916568078667e+00
2.512365419343394635e+00
2.270589200411110120e+00
2.774842385867104522e+00
2.956121872798417094e+00
2.084820787280914800e+00
2.591991425363184831e+00
2.275540174216454492e+00
2.332387509020980687e+00
2.655808581253721545e+00
1.889891279917375710e+00
2.630921429469761375e+00
2.698867769846561071e+00
2.609856888914509732e+00
2.819525052480002181e+00
2.712308426967598773e+00
2.824053793620385999e+00
2.342654829137256201e+00
2.422969340273410488e+00
2.509208333773231825e+00
2.819285734470305282e+00
2.740035132327743650e+00
2.443156644195641380e+00
3.068384797171828993e+00
1.967868534317851914e+00
2.820675106306250512e+00
2.963174200529850921e+00
2.412962345262325226e+00
2.380762839587099666e+00
2.134716199877447096e+00
2.788276466719742164e+00
2.521012649592663468e+00
2.574775362973108717e+00
2.235458036038634244e+00
2.479487634076963598e+00
2.351126859715579442e+00
1.938682039855469830e+00
1.818027262093174556e+00
2.458439583479600010e+00
2.352184994744615842e+00
2.212285662539075215e+00
2.919360846294647427e+00
2.353714944831284406e+00
2.285454174158697782e+00
2.205051997776779515e+00
2.919455400762466013e+00
2.317411577732995109e+00
2.066185663748047130e+00
1.919031387280931478e+00
1.009581365383163121e+00
1.853978951207013948e+00
2.849733363436236289e+00
1.899343553483774594e+00
2.082042984638429406e+00
2.955725119189667627e+00
2.558646482958734758e+00
2.765755408050465824e+00
2.841151252122105397e+00
3.091949804833825866e+00
2.975352333967601570e+00
2.325037242892940004e+00
2.345740695493384820e+00
2.314286339705800444e+00
2.902986637631631339e+00
2.514286133459997519e+00
2.846516218408307708e+00
1.619612626053156923e+00
2.942815417619291551e+00
2.179273552421527871e+00
1.971570584252760661e+00
2.820059952729192077e+00
2.513826726172137871e+00
2.247447332956388433e+00
2.671522674994934121e+00
2.398496649537202874e+00
2.296936379572267928e+00
2.618895084515130645e+00
1.944684037520002962e+00
2.464871911744076272e+00
2.336501823186353022e+00
2.764757750435027361e+00
2.903261774508459681e+00
2.059317299861081807e+00
2.101426956758127407e+00
2.742236380569426757e+00
2.274417782556708012e+00
2.673713981557147346e+00
1.776520440446144100e+00
2.351995429988716246e+00
1.889689088491799174e+00
3.038647694983787950e+00
2.909482929204044499e+00
2.806784353534503840e+00
1.690809632909879845e+00
2.821781951607741590e+00
2.201778833503425403e+00
2.548978964392970781e+00
2.943426584528903600e+00
2.917565461234997048e+00
2.264364394997245178e+00
2.687416478790182861e+00
2.931859243483025512e+00
2.602447266560528050e+00
1.840243077589782450e+00
2.641634201916349234e+00
2.373401308074231775e+00
2.324715706090590750e+00
2.751578755404780807e+00
2.450272377488454278e+00
2.193529968827930610e+00
2.859346720056688440e+00
2.344974997247914583e+00
2.320973240216553268e+00
2.340753642107689103e+00
2.713386959873351323e+00
2.388218016265559296e+00
2.502453946117801920e+00
2.542099478150723790e+00
2.339541245603952824e+00
2.619859045356568217e+00
2.691501009985519222e+00
2.964198783727286290e+00
2.720014444650631802e+00
2.655846956437037942e+00
2.417594213389305136e+00
2.581193675588950853e+00
2.605032104511801894e+00
2.505625741473977985e+00
2.600852825638600763e+00
2.658229457918595884e+00
2.059499434486710356e+00
2.253230317717931808e+00
2.470873174740991995e+00
2.776710438291571048e+00
2.657460830583947775e+00
2.729540095044392878e+00
2.114652228348917973e+00
2.860049248437346758e+00
2.231354733348487329e+00
1.376821647930076997e+00
2.854064545579997336e+00
2.586978416674311720e+00
2.858340556502400709e+00
2.311220585569360608e+00
2.621202060968611747e+00
2.552317334141701810e+00
2.241873409585074750e+00
2.667530774586376108e+00
2.388213590808231146e+00
2.624245308577242586e+00
2.939609916411767276e+00
2.473432837461981393e+00
2.589228615158979618e+00
2.833043326029442088e+00
2.594083618647084144e+00
3.049850005744247916e+00
2.302363547887386730e+00
2.576137421204360400e+00
1.981845056178996867e+00
2.988105126910415521e+00
2.342434155778869265e+00
1.970203549062253146e+00
2.908321851837898819e+00
2.789920400295601066e+00
2.162298029706977154e+00
2.954412128051873587e+00
1.932078217453154112e+00
2.784545659135021278e+00
1.905228575856878104e+00
1.989117884185484408e+00
2.708475199243399967e+00
2.815644184802057470e+00
2.928258580117669929e+00
2.325080858100612602e+00
1.450024312669544457e+00
2.258177663961561166e+00
2.892570252758829064e+00
3.111473557292147252e+00
2.242674580988696320e+00
2.225989048142522186e+00
2.601540023934852286e+00
1.867466043933698971e+00
3.094157748073129266e+00
2.157313392925504392e+00
2.757382925156439235e+00
2.094171372569570089e+00
2.291078808616672902e+00
2.343519019683563354e+00
2.932475825305672412e+00
2.236990930988020931e+00
2.520846759185550567e+00
2.122899844841844352e+00
2.232357547204517623e+00
2.402310209243508243e+00
2.289196572193457513e+00
2.631375392993224427e+00
2.732411395901178874e+00
2.579688701878313672e+00
2.274493805165307414e+00
2.609941983546039790e+00
2.310520722342573663e+00
1.976156077387619447e+00
2.781952032520156770e+00
2.371925445877359540e+00
2.629901521843637457e+00
2.778551379200005833e+00
2.803644782859477491e+00
2.711556671280867192e+00
2.393118891623760458e+00
2.451548250970490006e+00
2.336463921601761751e+00
2.677663029115440185e+00
2.370174726472246363e+00
2.964845231037333662e+00
2.504726591714787620e+00
2.785222989234426461e+00
2.364938572934212502e+00
2.763281841285603502e+00
2.372436865604126144e+00
2.848522826286993048e+00
2.092942805790794392e+00
2.862224139370703746e+00
2.898591118366585562e+00
2.366462101508200799e+00
2.128611209159316342e+00
2.583314835318754277e+00
2.232634458364446406e+00
2.360022779691302031e+00
2.530373701753493965e+00
1.361480736068047870e+00
2.881725177469888433e+00
2.317779830577232580e+00
2.791350312040838499e+00
1.957475959522886777e+00
2.520333523413244237e+00
2.158545411856036100e+00
2.457453712493633091e+00
2.897916026898581965e+00
2.626275224246366946e+00
2.628522071107648461e+00
2.353594825161100967e+00
2.385170260567446299e+00
1.650409230901860314e+00
2.444716399028101339e+00
2.189809171390472819e+00
2.403471073509437339e+00
2.463869960188728836e+00
2.370642525335990847e+00
2.660025781510240606e+00
2.894875562038276229e+00
2.738776445525477943e+00
2.253813589620450308e+00
2.505359225162163916e+00
2.009330486678139849e+00
2.525824483399282450e+00
2.298324630207265518e+00
2.621985221201096117e+00
2.831247403400328100e+00
2.918042108666425438e+00
2.884455871340867450e+00
1.706535067074926859e+00
2.481204365166261194e+00
2.811330297648991117e+00
1.761977441107802855e+00
2.864228799008482707e+00
2.331782563055074142e+00
2.953830165224256454e+00
1.968750699030040741e+00
2.577705491241874203e+00
2.746536519724235070e+00
2.364723639842895242e+00
1.998195706577069242e+00
2.921401245142908554e+00
2.300963342634636088e+00
2.410146281148619174e+00
2.301595047314342057e+00
2.226365336616491053e+00
1.945976482077112157e+00
2.563566676710255177e+00
2.811457288731952886e+00
1.677376699130215920e+00
1.971515615590618165e+00
2.159304034632191893e+00
2.662883097571412172e+00
2.645005317342759454e+00
2.554252920011483852e+00
1.651486777727039446e+00
2.022120441369426036e+00
2.511621664269847898e+00
2.387536115734851805e+00
2.571235358783219294e+00
2.383957792668394138e+00
1.887211354617822856e+00
2.797439863041609520e+00
2.753847004291651857e+00
2.474953007949110884e+00
2.428595957110227133e+00
2.098030537523092764e+00
1.845914980755448687e+00
2.649573183785896457e+00
1.949100419879226109e+00
2.206631968742343464e+00
2.464106888634589598e+00
1.913333139243186931e+00
2.767800744989286965e+00
2.482115915717252541e+00
2.206471910881619536e+00
2.610991514681336056e+00
2.408289275068555835e+00
2.524252852201013031e+00
2.445370558910039183e+00
2.647529524371978304e+00
2.109363277745326837e+00
2.915552951163031814e+00
2.670007996721830423e+00
2.673678639556190006e+00
2.105769590836599647e+00
2.293926393449038148e+00
2.623383223063182168e+00
1.872459138247856147e+00
2.621718695421297429e+00
2.185539565561115172e+00
2.648975062213425602e+00
2.217790631702204696e+00
2.047173048576067522e+00
2.633835246161142507e+00
2.641318321086762566e+00
2.815799438931466447e+00
2.235802023306742381e+00
2.936518035716270791e+00
2.030180633356090336e+00
2.294489858352724454e+00
2.501001693246354574e+00
2.822262209309777781e+00
2.633027515039189748e+00
2.894549865845684522e+00
2.872333292954254880e+00
2.888297835295654092e+00
2.318535571266755912e+00
2.984582251833995947e+00
2.289501169211227705e+00
2.253962987441156862e+00
1.892839223336655108e+00
3.072975480514777757e+00
2.808462191011638076e+00
2.720636832080044254e+00
2.572115377477162568e+00
2.152467028763580092e+00
2.225549900261912128e+00
2.745056779384104306e+00
2.256260696070621297e+00
2.528827928484330911e+00
2.271031845236522795e+00
2.499083579634222563e+00
2.354119336224927750e+00
2.609615326208909014e+00
2.492903576024481094e+00
2.069168824846780552e+00
2.975485485407939112e+00
1.826222324583065770e+00
1.630761239594099798e+00
2.636452323550415144e+00
2.493904430450458065e+00
2.459207714389310073e+00
2.984572754711635856e+00
2.078828364463754852e+00
2.870364995587442625e+00
2.653829945617531827e+00
2.418064882346369071e+00
2.415741324154165426e+00
2.595941586902473119e+00
2.327975455867800303e+00
2.412253328179610357e+00
2.020287768353560054e+00
2.394670746449418353e+00
2.575327390495678603e+00
2.940781790534171769e+00
2.770854026046662533e+00
2.872649204150424573e+00
2.609076766604494946e+00
2.926689711622491696e+00
2.421537648307555912e+00
2.081148792177185847e+00
2.421287197311935646e+00
2.890956549657110575e+00
3.010938245649778633e+00
2.287191800165115918e+00
2.703221817356041168e+00
2.882901869144833817e+00
2.854785058548224175e+00
2.109081559796138094e+00
2.312971430631353353e+00
2.896624563367309335e+00
2.274793744618844649e+00
2.944965297266910476e+00
2.891736150707845621e+00
2.565821616430899788e+00
2.806858212724252066e+00
2.763346051120260327e+00
3.012388964865609697e+00
2.640289160725259876e+00
2.791869451523181667e+00
2.156347653438926759e+00
2.686884639842622935e+00
2.452383380061763152e+00
2.842331616221997592e+00
2.593771645008091653e+00
2.714148121902884014e+00
2.241434935470086209e+00
2.513693646967641637e+00
2.572823689435936423e+00
2.765444250468790166e+00
2.304237439615354877e+00
2.661809752215652303e+00
2.550290661252118340e+00
2.575782991343181116e+00
2.168245008440471633e+00
3.098780026243788566e+00
2.521622329607315915e+00
1.777168042728083819e+00
2.498294795783154942e+00
2.494906861748529270e+00
2.255925831941526738e+00
2.914009582931976094e+00
2.473159979688580368e+00
2.513757533304975311e+00
2.064105087756833878e+00
2.488360287670166038e+00
2.540784068810602037e+00
2.391028764531813344e+00
2.032249361903109008e+00
3.092513303050005824e+00
2.453784216589300460e+00
2.568390617904353412e+00
1.833006614918789579e+00
2.910964749923217187e+00
2.155972374311915463e+00
2.569485439902813972e+00
2.620445646410666463e+00
3.105140007995057516e+00
2.693831442601694270e+00
2.859008062618173973e+00
2.806913100125361105e+00
2.771405980051750539e+00
2.469243701480062558e+00
1.415742477637875085e+00
2.607404946796187506e+00
2.996808142335769087e+00
2.290826219906626271e+00
2.749763659716943032e+00
2.134215879620105838e+00
2.788403643509248298e+00
1.599121677556960108e+00
2.605998452624369133e+00
2.063749507225285829e+00
8.626044217495326683e-01
3.066355714373676822e+00
2.895625239296410580e+00
2.380835089328950716e+00
2.565143245606346767e+00
2.627591665722528447e+00
2.864771823873441647e+00
2.666461626090183668e+00
2.772261080607015593e+00
2.450981522630379938e+00
2.499201065720127790e+00
2.654606184425504889e+00
9.460132546907903395e-01
2.697234152073646030e+00
2.046634694344539707e+00
2.759639850915402537e+00
2.782208924047993470e+00
2.727089009030498890e+00
2.489738217690449229e+00
2.584191489988262536e+00
2.524261148132983745e+00
2.910748297708035448e+00
2.882297094785118308e+00
2.149141385504908186e+00
1.560715888744404145e+00
2.066459178119746554e+00
2.724697817057198268e+00
2.123006371495430589e+00
2.022301035552604098e+00
2.352853277905242013e+00
2.693804468569858557e+00
2.094580494718764285e+00
2.430097821765302868e+00
2.675999277714068647e+00
1.778086032332282462e+00
2.713476118781022794e+00
2.539179138639006794e+00
1.909974140793032626e+00
2.280889630293916337e+00
1.854490178979920412e+00
2.862757802458990586e+00
2.058321179153464353e+00
2.306599183024450550e+00
2.370088717420379520e+00
2.193175933786659648e+00
2.822849001548752845e+00
2.711896478621687034e+00
2.678372768191271458e+00
2.679616317659049951e+00
2.184066170155274822e+00
2.582348023494960731e+00
1.951375996162948434e+00
2.779445243394715881e+00
1.874771551001910508e+00
2.500345549744373841e+00
