chirp_mass_source
2.335264116523101308e+01
2.394405646093343165e+01
2.493382393310507439e+01
2.687437164183476668e+01
2.431586258946262902e+01
2.451132791170817882e+01
2.446624383237645617e+01
2.564340559931007490e+01
2.458432098601519300e+01
2.650418186722686897e+01
2.424556720397376353e+01
2.558090257755054964e+01
2.470164074514317676e+01
2.484720138055413940e+01
2.560154161021706187e+01
2.601745528640582705e+01
2.407566716635863457e+01
2.499465692752050927e+01
2.432364742692122306e+01
2.372967383546575348e+01
2.503298615397221027e+01
2.513927111345466159e+01
2.501116680710530815e+01
2.458357996183412197e+01
2.521726561271126599e+01
2.462737077321087398e+01
2.416651011521863879e+01
2.426005071681471392e+01
2.290042883047748390e+01
2.402767202190036855e+01
2.454620308309724663e+01
2.500243430262571565e+01
2.503044509741739887e+01
2.793341556490792144e+01
2.504307079838585182e+01
2.345474590185918728e+01
2.430950211828273311e+01
2.302803866975397895e+01
2.451131357515380316e+01
2.489982723541653442e+01
2.507947248590672729e+01
2.329241383341885197e+01
2.490884239689172475e+01
2.473515201620526938e+01
2.473137800022344379e+01
2.479512004335044750e+01
2.379106382328806646e+01
2.460587730794957650e+01
2.277907368042415470e+01
2.357489179046017469e+01
2.418483812682545420e+01
2.412911838991576019e+01
2.386560502148331153e+01
2.489356590415292203e+01
2.474141120674893202e+01
2.346798653565200254e+01
2.486074285316473365e+01
2.451343362493827271e+01
2.441378854937528686e+01
2.452742851080770947e+01
2.407887873909863785e+01
2.611944738841395974e+01
2.318967191058574784e+01
2.643951885525564194e+01
2.648321122301474873e+01
2.508910141500042101e+01
2.583442795693030547e+01
2.385881495839365840e+01
2.444011564248595292e+01
2.473443842261952952e+01
2.427404132342112675e+01
2.590618705463621652e+01
2.672859827555787504e+01
2.549072803939348120e+01
2.450915158163727625e+01
2.529106560561707795e+01
2.604747609134809849e+01
2.453325560422673490e+01
2.474223337008858437e+01
2.555603958690879551e+01
2.561890420994532036e+01
2.452393071888732123e+01
2.507625878479322523e+01
2.517201576794272100e+01
2.511563113691596527e+01
2.467956673599105599e+01
2.401906533734766569e+01
2.557378840209047866e+01
2.674701091228148186e+01
2.617325266733366362e+01
2.521591457311375706e+01
2.670632071623901993e+01
2.375921126449332021e+01
2.554113242959204655e+01
2.449131313618321570e+01
2.368706453331909501e+01
2.477676883438767419e+01
2.587621527887543493e+01
2.727567883588199393e+01
2.372328602210218307e+01
2.662493604414419934e+01
2.540941905273491841e+01
2.443063521616351252e+01
2.477041907215962624e+01
2.493688742427968208e+01
2.397056024285975084e+01
2.705209087773586418e+01
2.426642871128968793e+01
2.497783380052905500e+01
2.618013772976958364e+01
2.374917697633817681e+01
2.678816378548201271e+01
2.643053266213527053e+01
2.441180044280622852e+01
2.468060386919334803e+01
2.346304321766368162e+01
2.569610321662269570e+01
2.579528037863740764e+01
2.355653603973971499e+01
2.591967841726537713e+01
2.551867964404560851e+01
2.809791748618612672e+01
2.510849404024821752e+01
2.351376446958658661e+01
2.405003526184371765e+01
2.512003053443384815e+01
2.396422736346082871e+01
2.603350572248290362e+01
2.504359329784464450e+01
2.635622594966030618e+01
2.323203843128666790e+01
2.229708274893246056e+01
2.382294017329110503e+01
2.547448342424178236e+01
2.367253395391587745e+01
2.505221065081683918e+01
2.402247010438594899e+01
2.308961732678675460e+01
2.519549128559389928e+01
2.491954685494773258e+01
2.355218204340681609e+01
2.558302854405722115e+01
2.516740178561283869e+01
2.288005615068874476e+01
2.456944814461564519e+01
2.389148216192981167e+01
2.652227492928773955e+01
2.679156153411040719e+01
2.597516621500803069e+01
2.409648287539007683e+01
2.346473804581959755e+01
2.395856137957741083e+01
2.440190185077872442e+01
2.763150848770301238e+01
2.614671604992116372e+01
2.372010723341488969e+01
2.348852371578481524e+01
2.731635880595988652e+01
2.662721406632879351e+01
2.428017997347651047e+01
2.271393681342216198e+01
2.568085204215728723e+01
2.579500370620757721e+01
2.475691602934204028e+01
2.658636403199516351e+01
2.453309836082165418e+01
2.482705242727915973e+01
2.467613234080246087e+01
2.491641567719353745e+01
2.409756296140423260e+01
2.519896196929047605e+01
2.624619513539443716e+01
2.520683825419538948e+01
2.550672023102702823e+01
2.553664758935061130e+01
2.551659023421789740e+01
2.430007660322866414e+01
2.364352541859514290e+01
2.369484591488684444e+01
2.555529572060379806e+01
2.511260294021852957e+01
2.664229649733800898e+01
2.273197831783281941e+01
2.567174850717172774e+01
2.666233735089855728e+01
2.604075780391320905e+01
2.914639253295189647e+01
2.682025741494854998e+01
2.636321819488292562e+01
2.452647901067306435e+01
2.494623787601172893e+01
2.506784881997367265e+01
2.418760606876389119e+01
2.491772815492080895e+01
2.328755259553870260e+01
2.539833143571268081e+01
2.607821145038118615e+01
2.451646098924999606e+01
2.461402672194785524e+01
2.689188888950096867e+01
2.760661879382634609e+01
2.581405734803209029e+01
2.498154798048166114e+01
2.729739072409833867e+01
2.440396308781841839e+01
2.664089985194122079e+01
2.406140566093540301e+01
2.536332136271693471e+01
2.420876291251075330e+01
2.530416425289711668e+01
2.417761313587897476e+01
2.457192445710827755e+01
2.454450675881622246e+01
2.718233250523898192e+01
2.608281035733585540e+01
2.485112862838705183e+01
2.710820116652519474e+01
2.667644599545579709e+01
2.380563774398231303e+01
2.286499450526201116e+01
2.395771871179389834e+01
2.529547081114946394e+01
2.309720730782193954e+01
2.376495368596510716e+01
2.505437496424222132e+01
2.560361948365846274e+01
2.525487080857289257e+01
2.522204720522454124e+01
2.513694757910809230e+01
2.639152834097675893e+01
2.442286420320809981e+01
2.477730487851883368e+01
2.719475117141640297e+01
2.593300219075716839e+01
2.295818614216085862e+01
2.615735811075143147e+01
2.325125736803590470e+01
2.490013714231676545e+01
2.544842652534581617e+01
2.511783101657097106e+01
2.600979796391919052e+01
2.558839008189344355e+01
2.357128502866774866e+01
2.492925309856861560e+01
2.465602863970657310e+01
2.412283941512959018e+01
2.552025200189442344e+01
2.452007400066992560e+01
2.347517027929634992e+01
2.407982447457552055e+01
2.556197212592125467e+01
2.307304433426851986e+01
2.537321871728883949e+01
2.625084059306379558e+01
2.464154507825713836e+01
2.535157367654677429e+01
2.709546356194172745e+01
2.432100904935327179e+01
2.526318154476417632e+01
2.527942933362720268e+01
2.374849719757769151e+01
2.435458712064349029e+01
2.506631870115678495e+01
2.490584280908319315e+01
2.854929063019919866e+01
2.612281923035284237e+01
2.432413334939444738e+01
2.558505780280575692e+01
2.379773910538570192e+01
2.358401372702055809e+01
2.582591141638516419e+01
2.441230653549799001e+01
2.600368199895958199e+01
2.405438211918769653e+01
2.759138601061451368e+01
2.437004772177207812e+01
2.492941878343084383e+01
2.302927434418085895e+01
2.528989976660313488e+01
2.419021550722503733e+01
2.365587716896985881e+01
2.516667095820904265e+01
2.771032180881637430e+01
2.508227251443915407e+01
2.638165062175140108e+01
2.838573150293192171e+01
2.414607738325237207e+01
2.467394600464845666e+01
2.497899643879231490e+01
2.352919923339831954e+01
2.573100384268829899e+01
2.242527818847641541e+01
2.487958698349347486e+01
2.482721849304859418e+01
2.367193764111777554e+01
2.686997105630684501e+01
2.383852637075771241e+01
2.692285598182409601e+01
2.416743225923993776e+01
2.512454187858378774e+01
2.440916162207586382e+01
2.356743313314497357e+01
2.491032617299696739e+01
2.418094212010557698e+01
2.647972752145148334e+01
2.444862152498686214e+01
2.670245347743347963e+01
2.571920472118467771e+01
2.720234810533987257e+01
2.392414627112080083e+01
2.436196081303386052e+01
2.565924147219182672e+01
2.371157578430938173e+01
2.508374478573468025e+01
2.507199015230892059e+01
2.437419659034761210e+01
2.381493705991982424e+01
2.336503217151565082e+01
2.622504411697297400e+01
2.747090488076871040e+01
2.582161023439855541e+01
2.794397286146805115e+01
2.592045039877396917e+01
2.543254652512039726e+01
2.492706061616889457e+01
2.548879011395613503e+01
2.413275028759359131e+01
2.486671759429951578e+01
2.526062164539529320e+01
2.485010704754760269e+01
2.692465044398429441e+01
2.331324615616872720e+01
2.437161776683710457e+01
2.426434093994476981e+01
2.473756949029445806e+01
2.772193054115971833e+01
2.593764009196291909e+01
2.408148618209839142e+01
2.649957725905572303e+01
2.476695039377949570e+01
2.408128267071825945e+01
2.424885072145677611e+01
2.706659711392646983e+01
2.549562517812564266e+01
2.454815849068644340e+01
2.675185553069104571e+01
2.288590761677536634e+01
2.511623662689364167e+01
2.477840348891956523e+01
2.663768861613784367e+01
2.472554451536204212e+01
2.494273340542453710e+01
2.605849133668801798e+01
2.409809167147022180e+01
2.330776628473300249e+01
2.401106367074973136e+01
2.425689017664103275e+01
2.646425699168860035e+01
2.322020230614479530e+01
2.637022835024267664e+01
2.698062960392148568e+01
2.550179957477753590e+01
2.599216758034784291e+01
2.350885991735979630e+01
2.501122409277920156e+01
2.415388808640073393e+01
2.392831160459218864e+01
2.507137792580285307e+01
2.648593654650598950e+01
2.553047838648185675e+01
2.442546546926611128e+01
2.524156755450185230e+01
2.487710865285483663e+01
2.704004402587104394e+01
2.516136822225308833e+01
2.563651353144512512e+01
2.428972813069572112e+01
2.525991426479986046e+01
2.354873756215720704e+01
2.533093987676227599e+01
2.570765477974099511e+01
2.589915976573265155e+01
2.592929418163272715e+01
2.546980862883406260e+01
2.445257142815115969e+01
2.474863604539292439e+01
2.441339983005487113e+01
2.379825924408170579e+01
2.676792415734164265e+01
2.510540073782994597e+01
2.395768887432615202e+01
2.328967677552876481e+01
2.366784197865170825e+01
2.406787381014980198e+01
2.833181971047985925e+01
2.542806108412413479e+01
2.259563373123053864e+01
2.743739439824024728e+01
2.666444624782893769e+01
2.414108125366202273e+01
2.496640639333708123e+01
2.568055705498226970e+01
2.344199691981422973e+01
2.475038056790330998e+01
2.616451004153670823e+01
2.627598874613916635e+01
2.685801822467347932e+01
2.404749268907950110e+01
2.625451224382944559e+01
2.637907350494908698e+01
2.698238282812814859e+01
2.316166892550632639e+01
2.661340066503422719e+01
2.364326555239811967e+01
2.364650992049489275e+01
2.533860135199197572e+01
2.432971176778269395e+01
2.442721205286879993e+01
2.556058955306709279e+01
2.828046973225289662e+01
2.710532956044205122e+01
2.414454801344111701e+01
2.244765418687158842e+01
2.394604666041125185e+01
2.478791787607626063e+01
2.642764051400189729e+01
2.468129830549776216e+01
2.710211449152918206e+01
2.821587081499524174e+01
2.464781167173677190e+01
2.689318674873045012e+01
2.618144718831654316e+01
2.708527737056741813e+01
2.836891343986254910e+01
2.380548848314649035e+01
2.598639883455220101e+01
2.309723078030881638e+01
2.717540194485313521e+01
2.546526354684649007e+01
2.481740403661967065e+01
2.439010175048673190e+01
2.601349912804465703e+01
2.449127180064498077e+01
2.248268397576761757e+01
2.609263308180445406e+01
2.524838442147445861e+01
2.284928976429335989e+01
2.461589652078130541e+01
2.698496287273872696e+01
2.464341450892898067e+01
2.708802114930987770e+01
2.406087615887297915e+01
2.360515387444058177e+01
2.572398075204179690e+01
2.490030395488002668e+01
2.478732942672771600e+01
2.623369256428699003e+01
2.588442263143799238e+01
2.627152552010596409e+01
2.707565009640569187e+01
2.356997959393342867e+01
2.616249522197943023e+01
2.543210704145601042e+01
2.573466700016185271e+01
2.478511673068789634e+01
2.442444827118639239e+01
2.349835677938761691e+01
2.560141718048100401e+01
2.481620297500282391e+01
2.379236147209980601e+01
2.629537163554437740e+01
2.478169593067811505e+01
2.490791390881123490e+01
2.401182725749206170e+01
2.524221713098916098e+01
2.514207872289723866e+01
2.442063004489145683e+01
2.505174520892646939e+01
2.405474642810881747e+01
2.412727796106231892e+01
2.436600516167549557e+01
2.457302926586438474e+01
2.536264112556424877e+01
2.382551787631926032e+01
2.476226757166969961e+01
2.590751445536700359e+01
2.495615508182160269e+01
2.513285455963788806e+01
2.388629922929068528e+01
2.447503632866281720e+01
2.556951786722288134e+01
2.417785756722928880e+01
2.475305264226642166e+01
2.420459024809570181e+01
2.294253113633929431e+01
2.422115897817018038e+01
2.558257635438742383e+01
2.598371210160145850e+01
2.771072177602604469e+01
2.341852427696391814e+01
2.554957831158284520e+01
2.546642165719675077e+01
2.788157620839634632e+01
2.405959540785702799e+01
2.454662500267715330e+01
2.694365174289015030e+01
2.406735747655213231e+01
2.543199709113762097e+01
2.478931325644031247e+01
2.642853096082111364e+01
2.505934021047513127e+01
2.251919868197292018e+01
2.721394631077386705e+01
2.471420980716149884e+01
2.569123410720557743e+01
2.518109751064402602e+01
2.481958744138517048e+01
2.567521357628248424e+01
2.422155183815345580e+01
2.478506983990609669e+01
2.375996589398391379e+01
2.436796127169118265e+01
2.522793540715543514e+01
2.414976279767381939e+01
2.316636317660997690e+01
2.542490276108660296e+01
2.384015769423762876e+01
2.415241452393324550e+01
2.524038544377639326e+01
2.683711487438424825e+01
2.368082895848527158e+01
2.470628155159307582e+01
2.448824642758125236e+01
2.452800800633633926e+01
2.507769061973718649e+01
2.306791375662090715e+01
2.274861958511346316e+01
2.582356283023939980e+01
2.472389648657361150e+01
2.504042977514733082e+01
2.433873266318585138e+01
2.414656422343968600e+01
2.534548372064012156e+01
2.511079894822904279e+01
2.705230820791727808e+01
2.641764597883481258e+01
2.508558925974251963e+01
2.435628841631801222e+01
2.462480431317270302e+01
2.699555809406571072e+01
2.437252960413884750e+01
2.497451332600949669e+01
2.430173889599802095e+01
2.381108902828743368e+01
2.316249745981972552e+01
2.434600993066921859e+01
2.430347574101681829e+01
2.446798841847925488e+01
2.525058595920511806e+01
2.577009072558183433e+01
2.439202277011634479e+01
2.654244723681999574e+01
2.564790629927064458e+01
2.560756527307686170e+01
2.379452359827089225e+01
2.483579822657616276e+01
2.550984395983906694e+01
2.367193291505887132e+01
2.446639883065999754e+01
2.635555661739186561e+01
2.453046470225651632e+01
2.331832462752451463e+01
2.759740104241723557e+01
2.432955067036417063e+01
2.360505055178919065e+01
2.361928169627609364e+01
2.466307301793917262e+01
2.454308733705468271e+01
2.549852891448318815e+01
2.322783504747699723e+01
2.462199712864931911e+01
2.338416391374741110e+01
2.454640726239569659e+01
2.504977052298124462e+01
2.547736590989399375e+01
2.672909451961280425e+01
2.641169834337071975e+01
2.450987925405226875e+01
2.576465444193694765e+01
2.535440424326538889e+01
2.573810527134603987e+01
2.525678536968087329e+01
2.423654235985937433e+01
2.340126417890840216e+01
2.554857621138729229e+01
2.364214005093892013e+01
2.324181685173566692e+01
2.309262451281873396e+01
2.492623142662477065e+01
2.390026223693045537e+01
2.361739051946950596e+01
2.429584258570304911e+01
2.414147050374628733e+01
2.589257794341333607e+01
2.497043011653000022e+01
2.414052266981248707e+01
2.442447866795277278e+01
2.447219123369011484e+01
2.655622685041396736e+01
2.519764560548153653e+01
2.463587664762175677e+01
2.399888500650744660e+01
2.457829029993933645e+01
2.583804884475194186e+01
2.290799561236907422e+01
2.520372205808074639e+01
2.546064633497191920e+01
2.448246312166042671e+01
2.594015534505194864e+01
2.398335789181272659e+01
2.567601350789020742e+01
2.536645399588866212e+01
2.328851725274335749e+01
2.563250704213893272e+01
2.473602598020911714e+01
2.758963465590798236e+01
2.446425752268135057e+01
2.287182091823261842e+01
2.483464243164853258e+01
2.321923029201482080e+01
2.641210176003577814e+01
2.695189377406060061e+01
2.471886769800970995e+01
2.489388574455090719e+01
2.458894555284395267e+01
2.514516394317611514e+01
2.432996131353526437e+01
2.554584656282294830e+01
2.652688050519003227e+01
2.439692039010372682e+01
2.546655428126278409e+01
2.537205034390417069e+01
2.542471007356601831e+01
2.553658929535462008e+01
2.455434630320726086e+01
2.459569755519916257e+01
2.579655765173527016e+01
2.575022791037061864e+01
2.326841263054880571e+01
2.428181371800397059e+01
2.568836442642150075e+01
2.333567021319829848e+01
2.426188719086471934e+01
2.476635990550516198e+01
2.449083740235420237e+01
2.384304625507702724e+01
2.565288561013989366e+01
2.714355110270341243e+01
2.680135012427227892e+01
2.404314803847788795e+01
2.505080607914416291e+01
2.551577024840458208e+01
2.564366821158451160e+01
2.626419203592112694e+01
2.402495450015451084e+01
2.351174005200292783e+01
2.359174024280072501e+01
2.293245998641054584e+01
2.355672419882150592e+01
2.473241127121015381e+01
2.441518781546678696e+01
2.526031634216010247e+01
2.496455577202377185e+01
2.475819683270141169e+01
2.401874983013393106e+01
2.501653861069560492e+01
2.481331694275747779e+01
2.374166908897349870e+01
2.483690614467485247e+01
2.625137319142567804e+01
2.676498347214388573e+01
2.601342707500468876e+01
2.601346576677820366e+01
2.544255954704689771e+01
2.543231330611637730e+01
2.681955818470162356e+01
2.493183640197340623e+01
2.414060472587853567e+01
2.459682938604586866e+01
2.459120372530912846e+01
2.348093967338083132e+01
2.782892505552646512e+01
2.697974975908558903e+01
2.518510361461757441e+01
2.573725049893209160e+01
2.383910986958028388e+01
2.680178582671980081e+01
2.599306627619765209e+01
2.738266392686163542e+01
2.399692382086815101e+01
2.432619737537894622e+01
2.295189688001941875e+01
2.359763823672211913e+01
2.425748620957638124e+01
2.573190121006488695e+01
2.383644416692148837e+01
2.434097660620055592e+01
2.451760628826155397e+01
2.670917481745328814e+01
2.405568498443417269e+01
2.482372530826376078e+01
2.515162083203780696e+01
2.471364266200175308e+01
2.478585523439189231e+01
2.501201330671405287e+01
2.400938269266929126e+01
2.541490706279536838e+01
2.594795976429666240e+01
2.606283278838495931e+01
2.339304219188208123e+01
2.706499486236501895e+01
2.535060885746019821e+01
2.595871387817328468e+01
2.567857657047855113e+01
2.546408613384948438e+01
2.460864712829796019e+01
2.615906062459646719e+01
2.528774165743883628e+01
2.474468752351965861e+01
2.353705705067745058e+01
2.588626905283113899e+01
2.416971905037755164e+01
2.557265817472067582e+01
2.451626518548334133e+01
2.360045293670540900e+01
2.390987718468456436e+01
2.635246421594019850e+01
2.789720678297390322e+01
2.320981923369219047e+01
2.780363352313927194e+01
2.702294206200713944e+01
2.283118541194261653e+01
2.665580232672277816e+01
2.531770924302523795e+01
2.488657106735334068e+01
2.378677419482258415e+01
2.544064531592180955e+01
2.473217585708484023e+01
2.520376176215432551e+01
2.706330782866833218e+01
2.546046318855244550e+01
2.518934244510722920e+01
2.513181219843606584e+01
2.378721517399668173e+01
2.497456137204908089e+01
2.649192550204454122e+01
2.532250598682409404e+01
2.493342307635644772e+01
2.431521768175039355e+01
2.312374344016569339e+01
2.554165256290139041e+01
2.468355050484269952e+01
2.393363096191090378e+01
2.728405539312878503e+01
2.652036482398176886e+01
2.539156539578059224e+01
2.354036625146805406e+01
2.377974789331170058e+01
2.312370562291126319e+01
2.414179273602906406e+01
2.733703276177785568e+01
2.495421612230269659e+01
2.453809460723471858e+01
2.385879045219663652e+01
2.465356139210405217e+01
2.331390485396859091e+01
2.423608765364191697e+01
2.540925768404826712e+01
2.575437449207188223e+01
2.600816664640338871e+01
2.575281511864256956e+01
2.547739364689413577e+01
2.472970427667056015e+01
2.468920302723831739e+01
2.470537213161652446e+01
2.538263344921747944e+01
2.617372596340072022e+01
2.339133967736805175e+01
2.693693391870256093e+01
2.566165963983890919e+01
2.389417968070504728e+01
2.512831616637593513e+01
2.460144580763732947e+01
2.471554823886276608e+01
2.389337405082973476e+01
2.360001569778722441e+01
2.956412987861676456e+01
2.623879444055013010e+01
2.829932701039554743e+01
2.519421138750658073e+01
2.433867668095032855e+01
2.466722758325837717e+01
2.449895511779292789e+01
2.496174298239279210e+01
2.454670844163570820e+01
2.371129722154760344e+01
2.576158821126645293e+01
2.647846844577910730e+01
2.420708526976743968e+01
2.451886939819279121e+01
2.520306237330435906e+01
2.468753347304791035e+01
2.306814212211331849e+01
2.482438754835125749e+01
2.335896615864734471e+01
2.384833102573979247e+01
2.399232998985717558e+01
2.549954355407930251e+01
2.354419768205546504e+01
2.582910776240127504e+01
2.482539539852244914e+01
2.785405929299708205e+01
2.417281898116558381e+01
2.333291084335613164e+01
2.400710077454334623e+01
2.541333229731623788e+01
2.408270272297525594e+01
2.513115303264969214e+01
2.573429033960385581e+01
2.493284172558966105e+01
2.495180502697290237e+01
2.537910595327783980e+01
2.447150199928903902e+01
2.259454019745508901e+01
2.383180077353783943e+01
2.469772703083355125e+01
2.490073094138300291e+01
2.628855314449432612e+01
2.357447415821066627e+01
2.467954188189751363e+01
2.470598662772573206e+01
2.399922812004256301e+01
2.437119893389987624e+01
2.438090081858946689e+01
2.480133121419418885e+01
2.449761012732944820e+01
2.373584558801617561e+01
2.464386132543137720e+01
2.579704051211328419e+01
2.391507142393253815e+01
2.521629133256923438e+01
2.337911477402468563e+01
2.600709973853576429e+01
2.529732253663849306e+01
2.380092300468648858e+01
2.460642839429727857e+01
2.445366877871839151e+01
2.454044503416631429e+01
2.452938134444808682e+01
2.597655237079763779e+01
2.574062831583920641e+01
2.355967764367444062e+01
2.547144660245439240e+01
2.401924779583027103e+01
2.564250603467435852e+01
2.385810113644014407e+01
2.635998641616721017e+01
2.487392953026589382e+01
2.451392825822686561e+01
2.410056970400253462e+01
2.452715039864011359e+01
2.559307223007311194e+01
2.450325043819557180e+01
2.539030603843136902e+01
2.440860031099899174e+01
2.408610997866551173e+01
2.565224297852154223e+01
2.660792919533021816e+01
2.527522739402261109e+01
2.409709049199087616e+01
2.505054767946552019e+01
2.548168082699878312e+01
2.564840257398449452e+01
2.497403613810476486e+01
2.420528491210100697e+01
2.547083272016318034e+01
2.409454870151643391e+01
2.411456865218810464e+01
2.389775006242660638e+01
2.777107671508365172e+01
2.422027952191175260e+01
2.447845325520134807e+01
2.521065286281965001e+01
2.482469238489818508e+01
2.476900392468449397e+01
2.356028514937396068e+01
2.482265833020082013e+01
2.533955033166357396e+01
2.435510628708528458e+01
2.648904116232582595e+01
2.517939423611930394e+01
2.297517311010909680e+01
2.555540673967611554e+01
2.334622869040320836e+01
2.487457926241591011e+01
2.448709060136348015e+01
2.552881737313995814e+01
2.467478149821291922e+01
2.567188239955460460e+01
2.670840027260348748e+01
2.315991603263297094e+01
2.496767689000995105e+01
2.512654630619775276e+01
2.413829713935388455e+01
2.348531114294255318e+01
2.518161415936594238e+01
2.668360230807348898e+01
2.427403196598965707e+01
2.451322257162468432e+01
2.478702417958654536e+01
2.431107430547411852e+01
2.548423760160348195e+01
2.534963540655492764e+01
2.619261929428500224e+01
2.566727342602929696e+01
2.518652248922122894e+01
2.719264876683377707e+01
2.625661200153468400e+01
2.421875295096245395e+01
2.445326902239986566e+01
2.520052269066033190e+01
2.553619966040144362e+01
2.415757711243799832e+01
2.472898926546896092e+01
2.550839946966169691e+01
2.273406951807990950e+01
2.492884606925731461e+01
2.398156098393056368e+01
2.546060035853248493e+01
2.384799730741978863e+01
2.461670456039607302e+01
2.560631914162884826e+01
2.544531670492623832e+01
2.474355968660757554e+01
2.406291381341189251e+01
2.582792760744679939e+01
2.430178487257477116e+01
2.686658121836817159e+01
2.706145208747983588e+01
2.396896735055872796e+01
2.661252910362465940e+01
2.534311656101899501e+01
2.459266820394549669e+01
2.364571379252156547e+01
2.563409727997820298e+01
2.437328648944560072e+01
2.550834757597088753e+01
2.705932146362472679e+01
2.360636615432376573e+01
2.511587005561204577e+01
2.528859683652125057e+01
2.464514343831384835e+01
2.430482215649785971e+01
2.477942401589507071e+01
2.488696495240342443e+01
2.868303360055179141e+01
2.593867202478749689e+01
2.604284522454466355e+01
2.405924151981222536e+01
2.434785511813312908e+01
2.457027226708467893e+01
2.433093275571135905e+01
2.484609385649708813e+01
2.350197020487402355e+01
2.424118431314604294e+01
2.371566636535276018e+01
2.412501630490847049e+01
2.636174955379648210e+01
2.357926157949996337e+01
2.400535535105844076e+01
2.517197719483435137e+01
2.395072247281733269e+01
2.352029981060313446e+01
2.571797252281202262e+01
2.261216206955650421e+01
2.465218838793433420e+01
2.296770135520803890e+01
2.463747571903694933e+01
2.673200926460575744e+01
2.540495606648040905e+01
2.553767626393568690e+01
2.465161151999205202e+01
2.348405334421556034e+01
2.823553095185843986e+01
2.265560168743303393e+01
2.419235084126368562e+01
2.501669298771346561e+01
2.372745052411119815e+01
2.505714632253375385e+01
2.489626148413828588e+01
2.453345453598393178e+01
2.647112053405238541e+01
2.620391630857126231e+01
2.616374914093751869e+01
2.620705638969775819e+01
2.394137851098727765e+01
2.486464291947268990e+01
2.440609758069931701e+01
2.732435318013235204e+01
2.559715368969571614e+01
2.374098885028797667e+01
2.537720853461823012e+01
2.628039811837354378e+01
2.463835069804644462e+01
2.493386083385140495e+01
2.395723527222465421e+01
2.347646239317524675e+01
2.663078458470802090e+01
2.456537493810950679e+01
2.434890410863457788e+01
2.616667833919863995e+01
2.471458010368322533e+01
2.501184492788713953e+01
2.468332585310703919e+01
2.741079579536663147e+01
2.522548145350713611e+01
2.436358097564423986e+01
2.501707186817396078e+01
2.646702610099842445e+01
2.535101233643229079e+01
2.608598522587129409e+01
2.449864852835333906e+01
2.722796423145889122e+01
2.302876501264513820e+01
2.709410904609680060e+01
2.489268368759699612e+01
2.493333409749174479e+01
2.427377007246851548e+01
2.593638065048530095e+01
2.534400243424757093e+01
2.325240416522633069e+01
2.464347988321918237e+01
2.556338000283243161e+01
2.425686091411654743e+01
2.451174082403091958e+01
2.353134171308685652e+01
2.649541433527336665e+01
2.438155977237514804e+01
2.465382974882387757e+01
2.338165443032215407e+01
2.634708135276954266e+01
2.543639615482758032e+01
2.521610753749640210e+01
2.484124388394377903e+01
2.513354271829086173e+01
2.345581477906106116e+01
2.334418196360863007e+01
2.499709145047923187e+01
2.547506223740708009e+01
2.686176223233601590e+01
2.412086924873075588e+01
2.505580885481190379e+01
2.389425858440318251e+01
2.646119830531073802e+01
2.529531810360424515e+01
2.386683543420200238e+01
2.380376367717754604e+01
2.286249215379277544e+01
2.485617235433615946e+01
2.550355988608404090e+01
2.652024789843575547e+01
2.361089626918863615e+01
2.549936474045821910e+01
2.362406065772777808e+01
2.353183234194211337e+01
2.309118541274389358e+01
2.491628805424691606e+01
2.551058289956613834e+01
2.599506803749532580e+01
2.349769687172439703e+01
2.547676077395756522e+01
2.330838852548498608e+01
2.499703517723986934e+01
2.292855353424618414e+01
2.486632995333674145e+01
2.464334122284832773e+01
2.574380844925729050e+01
2.495958093240009035e+01
2.518622531822610355e+01
2.373302358605095463e+01
2.491391436479222676e+01
2.544529501728801435e+01
2.664151856098620641e+01
2.512053244555816889e+01
2.871138514188024971e+01
2.420513772381875839e+01
2.549971107096247636e+01
2.488967154252325642e+01
2.492890481699203775e+01
2.466903361105049441e+01
2.731986326862235970e+01
2.557957369144443049e+01
2.733881548598329658e+01
2.556479163709718705e+01
2.585204524627094003e+01
2.409007380270071152e+01
2.466884842044875370e+01
2.559272076540339924e+01
2.421521589553770681e+01
2.366422747608480393e+01
2.490868418013628016e+01
2.437568818641498680e+01
2.400609825693926425e+01
2.665508369316755122e+01
2.485627077053510448e+01
2.373694661661115290e+01
2.381811914564108790e+01
2.431601344557474320e+01
2.530311268473420583e+01
2.423043221465880137e+01
2.462762445610664841e+01
2.506455848656088392e+01
2.483130181359510757e+01
2.405246639770877337e+01
2.480887124413938949e+01
2.571872667945780577e+01
2.488139685818745050e+01
2.656964659499491077e+01
2.348453437466957894e+01
2.463705178128825324e+01
2.541845027354683140e+01
2.459002109663474300e+01
2.764444670645687552e+01
2.443742534215860474e+01
2.434417258323166777e+01
2.489590494875389481e+01
2.420276893145542729e+01
2.336665832888247962e+01
2.388918894271434468e+01
2.411901925001771474e+01
2.584788978922216529e+01
2.698257600375582754e+01
2.615883511393829863e+01
2.572828645764393229e+01
2.420378649462918830e+01
2.435551865554357320e+01
2.333255083877497782e+01
2.451656331505411046e+01
2.515945558928365244e+01
2.427516132688516137e+01
2.460109789715936657e+01
2.491492726581779493e+01
2.446140411157261951e+01
2.325877623985422460e+01
2.486834803642087977e+01
2.467427317028920797e+01
2.327157427130112666e+01
2.447054399651949907e+01
2.686628341721159785e+01
2.541092100552751276e+01
2.357526958642539938e+01
2.709533578109683560e+01
2.575241762386994893e+01
2.439588269160491762e+01
2.484979524586741562e+01
2.470084928034869520e+01
2.353705704793791753e+01
2.493343677317070828e+01
2.554098607751181049e+01
2.435403096861718453e+01
2.596116102779813772e+01
2.576321067800459730e+01
2.638288885725309285e+01
2.645052191865658386e+01
2.392923014926424941e+01
2.666579504986403748e+01
2.475755590076583701e+01
2.620433125954894749e+01
2.315573147470563597e+01
2.798450559466578724e+01
2.563242471599007644e+01
2.331042631454456782e+01
2.557401020543825609e+01
2.460293122472572236e+01
2.248750623342881028e+01
2.728256648954644348e+01
2.585105149970566174e+01
2.390026106987338750e+01
2.670045980862021295e+01
2.382748447009226567e+01
2.608827104839458144e+01
2.382972667175661385e+01
2.514162181520072181e+01
2.469290772908298948e+01
2.399912554199205061e+01
2.423820428783524505e+01
2.435627991079110544e+01
2.462336101992896076e+01
2.343360777605265710e+01
2.389207212314330420e+01
2.486404920784572781e+01
2.440811332453927207e+01
2.595685356525817511e+01
2.409808450793633128e+01
2.495972898244026794e+01
2.830417222719984949e+01
2.294637256498525346e+01
2.490720749334448669e+01
2.432603344166823689e+01
2.475432027409866365e+01
2.419764500966739362e+01
2.556758870943815865e+01
2.325214016400708061e+01
2.375409032835892020e+01
2.859417311481246315e+01
2.283370551008965066e+01
2.455838544384466715e+01
2.563219815461818385e+01
2.568253060558642886e+01
2.427334121081565499e+01
2.374452159516377847e+01
2.540041293657884225e+01
2.345832967163763172e+01
2.481150633164777375e+01
2.656350662750192626e+01
2.697925598845158390e+01
2.477361823377102823e+01
2.369285190978666122e+01
2.358098444876134536e+01
2.506628719091645152e+01
2.493230886938628288e+01
2.552929120279149444e+01
2.509566426695315045e+01
2.685052309383589986e+01
2.502507901567400594e+01
2.579957809033971117e+01
2.259518944371999183e+01
2.520820523294734627e+01
2.266271961164506621e+01
2.486824115424155579e+01
2.518534832497977405e+01
2.498842779732269648e+01
2.402083637441128161e+01
2.432074177916652502e+01
2.477998291741321424e+01
2.568510366351976515e+01
2.580812671165461580e+01
2.554243235736472073e+01
2.531781645738228548e+01
2.704841462935792507e+01
2.615577534496916456e+01
2.539743792162612479e+01
2.499762303581432477e+01
2.481963732625343511e+01
2.319765803009350336e+01
2.388712339327754108e+01
2.496024474357314915e+01
2.441498812798888451e+01
2.396642737366025955e+01
2.404441167949926594e+01
2.524430285960819020e+01
2.380843762040811029e+01
2.917942523500923713e+01
2.327374056871073904e+01
2.511531491758253409e+01
2.393260676314155333e+01
2.659802017799074392e+01
2.671772346373883522e+01
2.387951136614756820e+01
2.558492272138304457e+01
2.527924952615855858e+01
2.511833895533078831e+01
2.479926862409310928e+01
2.456366256662098735e+01
2.450994063330686501e+01
2.478571084080753195e+01
2.369241088340424994e+01
2.379728374829476323e+01
2.287708680935882910e+01
2.472761015560253739e+01
2.452520509308342156e+01
2.394681199375008518e+01
2.503453786083918331e+01
2.674532593517101020e+01
2.478159300233598472e+01
2.470179587110533959e+01
2.479719825690104074e+01
2.333434553456070759e+01
2.550338097183147212e+01
2.487767272511982952e+01
2.489341242759744688e+01
2.459068682470160638e+01
2.353251548280447381e+01
2.364692903136929658e+01
2.772274752267967912e+01
2.533561512602347321e+01
2.605603668050273924e+01
2.382285073488965210e+01
2.529437292874051124e+01
2.436755787516058902e+01
2.424016016438916665e+01
2.535116806163144787e+01
2.495589963782913401e+01
2.553351961480527166e+01
2.728068071501421699e+01
2.506443668945262715e+01
2.490350541547094210e+01
2.393693275165596290e+01
2.414744116967167642e+01
2.501820845482421163e+01
2.488378997898363210e+01
2.529068228768061033e+01
2.409809869655694214e+01
2.500503304248285730e+01
2.489380344925039878e+01
2.389317978306554480e+01
2.339437111684430803e+01
2.456698877132710734e+01
2.421340656789194412e+01
2.488477478340944060e+01
2.354374560446622056e+01
2.520928180063754098e+01
2.431284248528587710e+01
2.432437879336194797e+01
2.420173211781423461e+01
2.363526106370959567e+01
2.488998273641683312e+01
2.569846430422409966e+01
2.415614605519080982e+01
2.667805055839790285e+01
2.348653828160502499e+01
2.477128578387389624e+01
2.560860588858037445e+01
2.457600095633849691e+01
2.497576621436838451e+01
2.378836273825081804e+01
2.443412791844072629e+01
2.377592656662818982e+01
2.651008397236081748e+01
2.456416550943023225e+01
2.598178177322359161e+01
2.530296414479298406e+01
2.438866753401979182e+01
2.615931794965957380e+01
2.363864414040884654e+01
2.439411779657748625e+01
2.637081000983632251e+01
2.355719576370401924e+01
2.623079735533829648e+01
2.523118299204567450e+01
2.366014773032543417e+01
2.867907946043572665e+01
2.384836675911748927e+01
2.475214258088349695e+01
2.541822235049881584e+01
2.473414722716645642e+01
2.525474897810025254e+01
2.438898296563379731e+01
2.743285063845371496e+01
2.522732573614417717e+01
2.375704377217986973e+01
2.602077599640847794e+01
2.437020430462888143e+01
2.500275595076987756e+01
2.495916923764906059e+01
2.452711151947398349e+01
2.514533976072616639e+01
2.517729468233133971e+01
2.346752602652836472e+01
2.551605699118939796e+01
2.675017757590086731e+01
2.609914893466016750e+01
2.486021488057920337e+01
2.656443142569233373e+01
2.782884531034761721e+01
2.544025365722974286e+01
2.480121943620784819e+01
2.638465321742722125e+01
2.441067638254158823e+01
2.632100750842412751e+01
2.663741390828123912e+01
2.452501502128157540e+01
2.404712682064320006e+01
2.422586443131044831e+01
2.519905531908282370e+01
2.537090116841551435e+01
2.689722513157181183e+01
2.402764264222710366e+01
2.587098580259980452e+01
2.560905850852427079e+01
2.757248834934970105e+01
2.357282312099973964e+01
2.707995719062353146e+01
2.639661507957766773e+01
2.379124573171148782e+01
2.456344832700557745e+01
2.411501915498932647e+01
2.740683263283333204e+01
2.568861852145033708e+01
2.318569984509813509e+01
2.155789112392620055e+01
2.319557156262079545e+01
2.483746888777658413e+01
2.404883079880656638e+01
2.392876085955095888e+01
2.546475947208112345e+01
2.380212257892978656e+01
2.624841999496374711e+01
2.374688030119767745e+01
2.343201022669850175e+01
2.523857755039692563e+01
2.556630171853415234e+01
2.575494636844673835e+01
2.717201888009167732e+01
2.463932704650506267e+01
2.690199935790980135e+01
2.452657382243215878e+01
2.725549377188659150e+01
2.483928148888297116e+01
2.407118294067689135e+01
2.338331624768263950e+01
2.558506689224376629e+01
2.606447834851849166e+01
2.501517894514935136e+01
2.458517124543981325e+01
2.485818951761035578e+01
2.520141669909322246e+01
2.446304434185386967e+01
2.362200999489019893e+01
2.438449378002206203e+01
2.292247464885729613e+01
2.408721472919071616e+01
2.564709761247630837e+01
2.444434177232139405e+01
2.394435159522526746e+01
2.568944090544405157e+01
2.441719343096660921e+01
2.408383301376302299e+01
2.349007679864743636e+01
2.717726018338824900e+01
2.572635636165782103e+01
2.427215024898022833e+01
2.313894331846205787e+01
2.617640959766303155e+01
2.433083752274712808e+01
2.295207574185116428e+01
2.645816873023056104e+01
2.536978371430737411e+01
2.535327922418592550e+01
2.468545030590971479e+01
2.426600469398306359e+01
2.633734971064336605e+01
2.651604226368875672e+01
2.463088695456195865e+01
2.487249246934398172e+01
2.367856438275444475e+01
2.532731262991965693e+01
2.458433630173566442e+01
2.514833473911991746e+01
2.388017859187583269e+01
2.567406759254378557e+01
2.460512089770120525e+01
2.375977451848598676e+01
2.749857914103722578e+01
2.455179781859709465e+01
2.512538426240988088e+01
2.553268790272699107e+01
2.391288656217480124e+01
2.465905715799146947e+01
2.453595730096159144e+01
2.459505248594277305e+01
2.312926424632766853e+01
2.481000719330879178e+01
2.354260101254117998e+01
2.461748489259057138e+01
2.452805226656298032e+01
2.389026463034520020e+01
2.492286289651955400e+01
2.475014747713741414e+01
2.458712635480572217e+01
2.395371848967900164e+01
2.419491792662451601e+01
2.522406259767550907e+01
2.270266743193511161e+01
2.591415366659582631e+01
2.552553410541003487e+01
2.369796146072343035e+01
2.350043715547851519e+01
2.612184076306989766e+01
2.437568590724637829e+01
2.485858502708738627e+01
2.389663276448092688e+01
2.832339230120062012e+01
2.309270974909885865e+01
2.424728270123813445e+01
2.579079049974825821e+01
2.396590081103950709e+01
2.371493570189615241e+01
2.514197889166374367e+01
2.558546264017260796e+01
2.284618963333904418e+01
2.510105414878810848e+01
2.467645266999608111e+01
2.506573280443494767e+01
2.439238208535963537e+01
2.448963598775101502e+01
2.447930828738429909e+01
2.518975922082463015e+01
2.202183338282856084e+01
2.586397946666815884e+01
2.611094685764241774e+01
2.514447419903504155e+01
2.595869168386689196e+01
2.545551162162823289e+01
2.474717891008578974e+01
2.561424083517239580e+01
2.558430860482351932e+01
2.234254914112386103e+01
2.544377487931424042e+01
2.378887812654205192e+01
2.520046235283735570e+01
2.475503954009629837e+01
2.393554363802711293e+01
2.337281393031140908e+01
2.678954539881541308e+01
2.745278665208196500e+01
2.529081368999891311e+01
2.372876915381563734e+01
2.487500430769208748e+01
2.335857370249654963e+01
2.329250982266346526e+01
2.548276057843631648e+01
2.499909078142007957e+01
2.361190660483327264e+01
2.643926701104149402e+01
2.736902233757605529e+01
2.369521430675866824e+01
2.578691798507835031e+01
2.597144897222639415e+01
2.784473565451073895e+01
2.647642738975180876e+01
2.388584077518592608e+01
2.536223169390400400e+01
2.482103980624264139e+01
2.518036714258660069e+01
2.491990218710641258e+01
2.400616138944263511e+01
2.437939206239754597e+01
2.305567476696008100e+01
2.413346947959553290e+01
2.664153758098585101e+01
2.572035490361226096e+01
2.407715396845178901e+01
2.612458423593446355e+01
2.393420446000154911e+01
2.470194095744511742e+01
2.360760451780873126e+01
2.760566078601328499e+01
2.332265017179119582e+01
2.466556813564159967e+01
2.755465587339414313e+01
2.458510663117670703e+01
2.537353594454009098e+01
2.464131231517091436e+01
2.556584928012994240e+01
2.382282657739333231e+01
2.480695054992768078e+01
2.447087140271539951e+01
2.413411989616548681e+01
2.693265594798704043e+01
2.510883186368428710e+01
2.499765375308372839e+01
2.617705250012236817e+01
2.440432752619173939e+01
2.538687319654556163e+01
2.527637866646576015e+01
2.471047346264646194e+01
2.619614937999602233e+01
2.543834797769691747e+01
2.494660426032086775e+01
2.414939258161605906e+01
2.468229754331090220e+01
2.435148414402440409e+01
2.404835270655035728e+01
2.471026738486204977e+01
2.261528648986527301e+01
2.508168080312701775e+01
2.486738361263168784e+01
2.492781400033981143e+01
2.445276519332430354e+01
2.276293449106355737e+01
2.453261985776729048e+01
2.517495539808869154e+01
2.309780379036605780e+01
2.419316573994025177e+01
2.437199366998211758e+01
2.451200199514701694e+01
2.453234445129075425e+01
2.520084195091975587e+01
2.356902169953458426e+01
2.395894360106718679e+01
2.628714953993621961e+01
2.729804925276764394e+01
2.665719078783139295e+01
2.814792428320777518e+01
2.512517580433984676e+01
2.621190292892059048e+01
2.476436477602179309e+01
2.557007346911800028e+01
2.445528492260733699e+01
2.454732108070612995e+01
2.566818530575462631e+01
2.642368389384213145e+01
2.351153665549355409e+01
2.385837933019092461e+01
2.422602354830980786e+01
2.367307424278208572e+01
2.461441067353487355e+01
2.723423404266506154e+01
2.430858330167529857e+01
2.499020801577065853e+01
2.309560727122561019e+01
2.369717558247402778e+01
2.577343791019637820e+01
2.574649642683003847e+01
2.519702553751444896e+01
2.373609379435158928e+01
2.475264486013102783e+01
2.565313506228006801e+01
2.425205200900671088e+01
2.457520629124408629e+01
2.425441046740209217e+01
2.671633530644898258e+01
2.462323432420360803e+01
2.477946304400039423e+01
2.739276680847873280e+01
2.600289756826859389e+01
2.355286697669974316e+01
2.461620012452585726e+01
2.458158625257486918e+01
2.633067211428559062e+01
2.295003590809548299e+01
2.446877878834703068e+01
2.301746666395950669e+01
2.487586635777270061e+01
2.462228959171045162e+01
2.485381469271486310e+01
2.509158881894444093e+01
2.454884828076001924e+01
2.627675668105126050e+01
2.333209009549653956e+01
2.493802130724616717e+01
2.443746993510322341e+01
2.419717550327645128e+01
2.519584693877507675e+01
2.447125562674075283e+01
2.557907450428954732e+01
2.370521837633878803e+01
2.662273024141354583e+01
2.780886117043845829e+01
2.615742080255052215e+01
2.625688506185436921e+01
2.311684644306540548e+01
2.395703661917221083e+01
2.374498608702612756e+01
2.382747337810002719e+01
2.357729282796037396e+01
2.482237883957524716e+01
2.375878039635536609e+01
2.541711545143764539e+01
2.564931733782835721e+01
2.412409337265453502e+01
2.744954221356555024e+01
2.428466752238791670e+01
2.558521916608816227e+01
2.691805443657818842e+01
2.543019279672367006e+01
2.525911657642379637e+01
2.461572242283873635e+01
2.397677143709890046e+01
2.316514253799414647e+01
2.434204599894665932e+01
2.499181787505811769e+01
2.403131497719062892e+01
2.687666174658537344e+01
2.449001827095124284e+01
2.353631931193152838e+01
2.452348401314707971e+01
2.537237449271239242e+01
2.600510069381137157e+01
2.378490815170161810e+01
2.478219601968507035e+01
2.437744997008778114e+01
2.540960190715254186e+01
2.258378532195992250e+01
2.267269124334972119e+01
2.515990086361989952e+01
2.667969785744780609e+01
2.517476251433161494e+01
2.506462191968536146e+01
2.422703581679654050e+01
2.487386991369151090e+01
2.440550308107800248e+01
2.399634979170343740e+01
2.589210207628814331e+01
2.396712660229553293e+01
2.337453105726991964e+01
2.518790689099274260e+01
2.494857475194510954e+01
2.434612771316488278e+01
2.502182824428467001e+01
2.431136406567891584e+01
2.416325924188426555e+01
2.473809444125932089e+01
2.291871251972508006e+01
2.773717271228631986e+01
2.542943889146580716e+01
2.591455757556831685e+01
2.456356747987134526e+01
2.568242719984227662e+01
2.592756562546185251e+01
2.675862849326033199e+01
2.727084726696289962e+01
2.724322604877994181e+01
2.599396150479422474e+01
2.418939595915446006e+01
2.425535381837723037e+01
2.345131324350334268e+01
2.633394365500165435e+01
2.610351320982788792e+01
2.464248925496735154e+01
2.733438848211753225e+01
2.376960361260972476e+01
2.276706431061314362e+01
2.523809842189910668e+01
2.524790457207699390e+01
2.525930026159106134e+01
2.680384365447054051e+01
2.557087726290832919e+01
2.424877110932485280e+01
2.404787169798354896e+01
2.494562554682760336e+01
2.503490562352432747e+01
2.384254913263884390e+01
2.566460742548590090e+01
2.633360425375351710e+01
2.438148908522630265e+01
2.488898222083596323e+01
2.501555513555867449e+01
2.532255710820877326e+01
2.550397228053241960e+01
2.523997894444734058e+01
2.520876321920624719e+01
2.519808557749389166e+01
2.438083867131480886e+01
2.517079893902329957e+01
2.730172991521059700e+01
2.386403437345436984e+01
2.510921443754551419e+01
2.447552645631750678e+01
2.490349059231199291e+01
2.611875130913554699e+01
2.611278652679166257e+01
2.453505584767236058e+01
2.346837976487809385e+01
2.564826679756571437e+01
2.541592508579687504e+01
2.397753949250695271e+01
2.409950150149403569e+01
2.467474078897559764e+01
2.456889839914217433e+01
2.413083058829608873e+01
2.353724981570766062e+01
2.391132859596008942e+01
2.580306319277523741e+01
2.411162860099883432e+01
2.580507560088337726e+01
2.611488199346200290e+01
2.474718582063715644e+01
2.468782724284930907e+01
2.482991586740184076e+01
2.346672174310610970e+01
2.484788883661296666e+01
2.604609861778831359e+01
2.667763986130909259e+01
2.448130175105709228e+01
2.451804303743269742e+01
2.598546018013309578e+01
2.520603211112966946e+01
2.397271928267377561e+01
2.602998681976287543e+01
2.428731575939847431e+01
2.432599811500676523e+01
2.578416108404439200e+01
2.311390926050751915e+01
2.587951536609257275e+01
2.377126557723082456e+01
2.438010809470401696e+01
2.417231903628897172e+01
2.474158686224179959e+01
2.482696271075699812e+01
2.453970138545717816e+01
2.374664693770195356e+01
2.711869382348030655e+01
2.565672221421865729e+01
2.528039705284825800e+01
2.365265401231155451e+01
2.682364762529976332e+01
2.496791990631298219e+01
2.499532931254188739e+01
2.501983678474776696e+01
2.615623941301264566e+01
2.602097983436905082e+01
2.529548811796124497e+01
2.446836063251824811e+01
2.534998698321420108e+01
2.484425139277662353e+01
2.665229137675943605e+01
2.468647250886847999e+01
2.742455492833714104e+01
2.393616450361179915e+01
2.459770728094945014e+01
2.553938171190402429e+01
2.499636535894562428e+01
2.415030870978376143e+01
2.541889054314040308e+01
2.444775783267315461e+01
2.517270722908757463e+01
2.849795911052218500e+01
2.252758820317798794e+01
2.386256785782073564e+01
2.540278891299160335e+01
2.399952738192326152e+01
2.508575701937879643e+01
2.604643614984905753e+01
2.512304648530064810e+01
2.309434452405807292e+01
2.517412457133706027e+01
2.383805248061584692e+01
2.608625964811092857e+01
2.406010209125781785e+01
2.477280483248136989e+01
2.523955368930823440e+01
2.510796849491267224e+01
2.668548068152434993e+01
2.529531263109434036e+01
2.462335230811111941e+01
2.477263013676390457e+01
2.496297588959863489e+01
2.503329401250655195e+01
2.644991603107500922e+01
2.323568041727217093e+01
2.522950184133966189e+01
2.395727481188622576e+01
2.387883459238586070e+01
2.525972865513833909e+01
2.471552970898489576e+01
2.590564424168060498e+01
2.473617284238796898e+01
2.554795930871356546e+01
2.410752613763618157e+01
2.405891271435218925e+01
2.578828756883240558e+01
2.547349769080787141e+01
2.386104603482873898e+01
2.454054881037735214e+01
2.395343416911237000e+01
2.555861902282493858e+01
2.542342033938306045e+01
2.470626124421798764e+01
2.295206897262366397e+01
2.760608521066454202e+01
2.514026804857072150e+01
2.443841295764120503e+01
2.577729158126786402e+01
2.731316777303866417e+01
2.629399389393034170e+01
2.734998369889537528e+01
2.277099670753909422e+01
2.388143910378975221e+01
2.520247502487998048e+01
2.445937415585793673e+01
2.543684111302940565e+01
2.348751202942819560e+01
2.631556346517318090e+01
2.581703751583062001e+01
2.537697099436101666e+01
2.440640959231216200e+01
2.601036246460701662e+01
2.778201476522767166e+01
2.642176746964231882e+01
2.491053843262802658e+01
2.456428004348767402e+01
2.464060806766750034e+01
2.576765167422431446e+01
2.381769793176150074e+01
2.433584861964676449e+01
2.291367980913584290e+01
2.646629962029210148e+01
2.278090916539335709e+01
2.306134461456616691e+01
2.489051135226157996e+01
2.329208283389824530e+01
2.555367844441832048e+01
2.391333441846593288e+01
2.476311587293876215e+01
2.290536325883112312e+01
2.416514223126294425e+01
2.441394995712126459e+01
2.437721683900693037e+01
2.452240373995932643e+01
2.569085404691799823e+01
2.408375407859770334e+01
2.277504825828844659e+01
2.493372079050014989e+01
2.276174297267046853e+01
2.818767138042899134e+01
2.480010840836934705e+01
2.437710774178860618e+01
2.412883949850009557e+01
2.273071855821263298e+01
2.444385579762738914e+01
2.448500674306185587e+01
2.429846117132787242e+01
2.312375158654410967e+01
2.477298631956401209e+01
2.560453252393171297e+01
2.629447505791468487e+01
2.354349515135465865e+01
2.344841672103732222e+01
2.420224044952196962e+01
2.507101971528406992e+01
2.487704673460016025e+01
2.376178554127806564e+01
2.439965340000413718e+01
2.692172713161903985e+01
2.475374418608753757e+01
2.480895489366433537e+01
2.415267644008603654e+01
2.659179654201055243e+01
2.585977133079432022e+01
2.379752049591526486e+01
2.359851990720800075e+01
2.732353141998251900e+01
2.532828902504254387e+01
2.572368045250527757e+01
2.507105384855134389e+01
2.690962788238431713e+01
2.473517796977429839e+01
2.604180532449787577e+01
2.388350889028384216e+01
2.506110266580015633e+01
2.555155150212324244e+01
2.565534698324097462e+01
2.374552632866551249e+01
2.754011063985812058e+01
2.391098364620852834e+01
2.406753592231086003e+01
2.361900847155798644e+01
2.348012172711722201e+01
2.625014268190267686e+01
2.738003372561323090e+01
2.789812596386710908e+01
2.611692664907816663e+01
2.500307086206864327e+01
2.331490404746286060e+01
2.311276912311627640e+01
2.747680226096199974e+01
2.456502988887040573e+01
2.422139155139448619e+01
2.498360730790562201e+01
2.354465964145054713e+01
2.493445080234069522e+01
2.346360524164211725e+01
2.421521035054160365e+01
2.410998824103001326e+01
2.531314237453835858e+01
2.555123033498119867e+01
2.447434501285135156e+01
2.356368584777173680e+01
2.383203673073022699e+01
2.536891557619152593e+01
2.431420836462357116e+01
2.486405902163570047e+01
2.700261242213812451e+01
2.450187844707184581e+01
2.389254502992754681e+01
2.422138474925593599e+01
2.499446344443327561e+01
2.325901571770082654e+01
2.378980051772302318e+01
2.345471188800972939e+01
2.535066151125599276e+01
2.414311645295618547e+01
2.470073526163460542e+01
2.417559028318130387e+01
2.471886737213628038e+01
2.520442784739837094e+01
2.356562257513342118e+01
2.412927348489534651e+01
2.410676099839652409e+01
2.418085470757057109e+01
2.484316772280174490e+01
2.554137094400963193e+01
2.357731602035724450e+01
2.480987602766727562e+01
2.402924107239147844e+01
2.617908902295893725e+01
2.342782256621966752e+01
2.385960975128672601e+01
2.580913525247647300e+01
2.367507704787814760e+01
2.647052616314559259e+01
2.414348552165799688e+01
2.677455318952618413e+01
2.493441687546759056e+01
2.469319788973163909e+01
2.626895713052629944e+01
2.658676508979667830e+01
2.477610140141933925e+01
2.670499000084964791e+01
2.285295622754519940e+01
2.492819170619131697e+01
2.440603712009139414e+01
2.366052354679387193e+01
2.369943977320920681e+01
2.387474130396459771e+01
2.363129895992058493e+01
2.572635226175260925e+01
2.405477364815695651e+01
2.464834356945922167e+01
2.394947659263953099e+01
2.388788039573337585e+01
2.423591267881517908e+01
2.353182454214980623e+01
2.476437369245224573e+01
2.382435250035792862e+01
2.696114759551439022e+01
2.404467525032703890e+01
2.585832695845151008e+01
2.349756521127009279e+01
2.988414136574911950e+01
2.374704977575771636e+01
2.484818801604055949e+01
2.429065193367573627e+01
2.633366596223602230e+01
2.461031837349220197e+01
2.421099187806030528e+01
2.579994821911621017e+01
2.757685674262806330e+01
2.421054784861630438e+01
2.542670521355805135e+01
2.776899140584710324e+01
2.587207017838391465e+01
2.420223796926221738e+01
2.699055331093357779e+01
2.454018476629863699e+01
2.663967407771043483e+01
2.518278053924213111e+01
2.693422169657691256e+01
2.572062835601364128e+01
2.401105549038747711e+01
2.469685896729212260e+01
2.505650422752365714e+01
2.562290160888179713e+01
2.479852663083605435e+01
2.748365822868492003e+01
2.404849832034544121e+01
2.666341381516965825e+01
2.501938641894817650e+01
2.621522916466584974e+01
2.451537365764568221e+01
2.708584105994583169e+01
2.437196802857896216e+01
2.451922157729145368e+01
2.463442199616280348e+01
2.371108592293578710e+01
2.499270256996431883e+01
2.377610074632278980e+01
2.607787558295745001e+01
2.726332868256935171e+01
2.614250295074994668e+01
2.574658404330821426e+01
2.421512505066301912e+01
2.519326333179228783e+01
2.321412554320453125e+01
2.494971680348747967e+01
2.413481731680230524e+01
2.386774551625490659e+01
2.392002235571638025e+01
2.496571250729745373e+01
2.439690359246279883e+01
2.652223777839916607e+01
2.450295220383811312e+01
2.386406707365248181e+01
2.485582437090743468e+01
2.554915385416568796e+01
2.451374859480398882e+01
2.379599252017955280e+01
2.469542325866317611e+01
2.512600447515595903e+01
2.466582233685575787e+01
2.411348466844449590e+01
2.613599491121408036e+01
2.530915952132428615e+01
2.445634947650661317e+01
2.458956019859927977e+01
2.571097071242631671e+01
2.529704300098461189e+01
2.670130484771101820e+01
2.521613280400154977e+01
2.318356388481462105e+01
2.610897365901146117e+01
2.633905285877273883e+01
2.361976415096620485e+01
2.438954476027808127e+01
2.537836294066447351e+01
2.655242748352701199e+01
2.504940442990684346e+01
2.351264280666078221e+01
2.568336948035393519e+01
2.575173254465568817e+01
2.584209692251914703e+01
2.419941151860263062e+01
2.285921099623272923e+01
2.437020968973534352e+01
2.483036472804974437e+01
2.433533963044685322e+01
2.521292814781018166e+01
2.543496014390511917e+01
2.405412369308776022e+01
2.534889301441774379e+01
2.441866364213203511e+01
2.454982171083793574e+01
2.377723641601751225e+01
2.488080116582191792e+01
2.463603886721516645e+01
2.370234571325596917e+01
2.735832909430721926e+01
2.230471950896718170e+01
2.540991884832035907e+01
2.539498464289152935e+01
2.644400294267396134e+01
2.586205365321848504e+01
2.476903340873666082e+01
2.612467952736586696e+01
2.433306973602269352e+01
2.624281453733648561e+01
2.391529394380593132e+01
2.547606431891310308e+01
2.466252808176618316e+01
2.610692194333110550e+01
2.486029912251646223e+01
2.439012087150255326e+01
2.562762187059772501e+01
2.367304072744601129e+01
2.410816896963819289e+01
2.538227140729229703e+01
2.636370295902599636e+01
2.651526042644142578e+01
2.573525694037454059e+01
2.645122048190301811e+01
2.303543777507234225e+01
2.432932333888152243e+01
2.614302884130335869e+01
2.650994844551809493e+01
2.375130574223951285e+01
2.554566052015168864e+01
2.643066359925747832e+01
2.553981934974506629e+01
2.378055111478342099e+01
2.305788589089879892e+01
2.552107650950768303e+01
2.751722290781371072e+01
2.368210589089554219e+01
2.773625981328183343e+01
2.311640058454981883e+01
2.562251501920635732e+01
2.569912212259047024e+01
2.398782889168314725e+01
2.421236616485498061e+01
2.374018513757449966e+01
2.686860110170918503e+01
2.505292615074103324e+01
2.504615000881745246e+01
2.457170129184738272e+01
2.550953169049720870e+01
2.508325576191218076e+01
2.457640475960205606e+01
2.688609783343382986e+01
2.541240782939835796e+01
2.409406228293463315e+01
2.437575939384003831e+01
2.367818160153383644e+01
2.524945903620616150e+01
2.305146723217456639e+01
2.546255334152007777e+01
2.631287606291332182e+01
2.492881950936424573e+01
2.458740586525280136e+01
2.512354910172666322e+01
2.421082029942152403e+01
2.543821352544747683e+01
2.586310131714768801e+01
2.441981293887645066e+01
2.540906150688228848e+01
2.774629036477229249e+01
2.488638943208746568e+01
2.537888000546448808e+01
2.455466385015195740e+01
2.501244116284784980e+01
2.428979655502106638e+01
2.443462227194517666e+01
2.543021386080771862e+01
2.516095799136484246e+01
2.607761522891810557e+01
2.421650198631285278e+01
2.422539555530131494e+01
2.524137844625106908e+01
2.548066762030749999e+01
2.380448813967545263e+01
2.525585152108963172e+01
2.644497965202539547e+01
2.498283538913820934e+01
2.625505342927703012e+01
2.483307890061177758e+01
2.533738604792237581e+01
2.455753360960823528e+01
2.582850385019501971e+01
2.519850179478578411e+01
2.528878175896340252e+01
2.458402870828465581e+01
2.572777997780889692e+01
2.672827989470604848e+01
2.617856688108966168e+01
2.493892629091106983e+01
2.508953584668175196e+01
2.603386362151557520e+01
2.336952032023763692e+01
2.435126520145979967e+01
2.357257297017314457e+01
2.413792966586765232e+01
2.498144039955153062e+01
2.647820082003118358e+01
2.546456409113742225e+01
2.366147145634625204e+01
2.411597631417701848e+01
2.380426737288222938e+01
2.631251806604209875e+01
2.624575177174158824e+01
2.685370456709978626e+01
2.631620006754539176e+01
2.465368240607097761e+01
2.513511868211777411e+01
2.484828210665217085e+01
2.432446317364268396e+01
2.635891366180759832e+01
2.526435110329598999e+01
2.502129654220554400e+01
2.238875297355603422e+01
2.657220339209145976e+01
2.574413578893923571e+01
2.696298200038234683e+01
2.557353769647255248e+01
2.433508278849790685e+01
2.470334331028245245e+01
2.597416813557803650e+01
2.678500969410836419e+01
2.605274077806845767e+01
2.439351946025052342e+01
2.470442025063786673e+01
2.502455150545995366e+01
2.446371442738004021e+01
2.613289820782199868e+01
2.529202890255433189e+01
2.533570866896454632e+01
2.498863303126371704e+01
2.394833272617881192e+01
2.585687409868529585e+01
2.530355482857874350e+01
2.528966656733794949e+01
2.302183702247350894e+01
2.495181315336431283e+01
2.477548591116779519e+01
2.385830649852688268e+01
2.438287744033013027e+01
2.654853359188402351e+01
2.742163684711838556e+01
2.476062465551000358e+01
2.526829894913261398e+01
2.710037703271244069e+01
2.654218885072727829e+01
2.463173279271676819e+01
2.360070513065902986e+01
2.494033647306702761e+01
2.443040168503720011e+01
2.555380824681061824e+01
2.425630196893938972e+01
2.547348176254663699e+01
2.586409467676266871e+01
2.567285672866138668e+01
2.505618334135344938e+01
2.611940665078601143e+01
2.410274810510951582e+01
2.507255851164180172e+01
2.385481601540075758e+01
2.528377230485628147e+01
2.594490402612215263e+01
2.492237112828956214e+01
2.608049783120805643e+01
2.453052389267121214e+01
2.775293888025410283e+01
2.545160368377306881e+01
2.463847023288459681e+01
2.715400395094041386e+01
2.434717155573811453e+01
2.372627003707109949e+01
2.494368305622717230e+01
2.397986783403571565e+01
2.514403760761410922e+01
2.429814115379013373e+01
2.634221252558374715e+01
2.379842159388033096e+01
2.434689359219781224e+01
2.408378527615239761e+01
2.581526680208521896e+01
2.432661569442996097e+01
2.542994372614328924e+01
2.568962244495894964e+01
2.530796669580541902e+01
2.346573037148931107e+01
2.569080786358730606e+01
2.558883994648036975e+01
2.437546529898810732e+01
2.816475586981359314e+01
2.470056837673340411e+01
2.621586712363087202e+01
2.374862377310470762e+01
2.337806527874723272e+01
2.553690121174443561e+01
2.465299990531077867e+01
2.678783321177019516e+01
2.661876841664848570e+01
2.571656618184090348e+01
2.501081280730911161e+01
2.488599052636176623e+01
2.523152530692663831e+01
2.586810397750397783e+01
2.348401967699157922e+01
2.327825102794573553e+01
2.560456221241565089e+01
2.300624703144243810e+01
2.496299061362152116e+01
2.641521548987159207e+01
2.568755585444568368e+01
2.556419370699077476e+01
2.360578858085833431e+01
2.612420923341658963e+01
2.527827709109521237e+01
2.461906049246274009e+01
2.459838172954470181e+01
2.345776660504228772e+01
2.355941254401887974e+01
2.434093085413482527e+01
2.535177340487044262e+01
2.543819207872265409e+01
2.608197367296299163e+01
2.491016364938146310e+01
2.614761542758486712e+01
2.476876372979575436e+01
2.389767197143627442e+01
2.662727265787853881e+01
2.469962162808947781e+01
2.282930961873640285e+01
2.511729881249159035e+01
2.589925006880442382e+01
2.355686815549886504e+01
2.488589076233364850e+01
2.328143922245210362e+01
2.551244585415465593e+01
2.644546209586940932e+01
2.556778289318916464e+01
2.414679883378482828e+01
2.294373343862041992e+01
2.614418708272181391e+01
2.520115968756705627e+01
2.660439809067337436e+01
2.558052256798519153e+01
2.405074009407463365e+01
2.744923655799782480e+01
2.293661548246968707e+01
2.458053775518867567e+01
2.395479455419496162e+01
2.501676842787281529e+01
2.363526678384959823e+01
2.526868542783475036e+01
2.462619027239828995e+01
2.452805435468757622e+01
2.538896588919792308e+01
2.436905500510138012e+01
2.430137465569975319e+01
2.559455481990064030e+01
2.395908274100295188e+01
2.765045703886272932e+01
2.365128092749908362e+01
2.447248744670399034e+01
2.501119812164557032e+01
2.619648162194496166e+01
2.586003912942374328e+01
2.588547282832760388e+01
2.441785128055693121e+01
2.497260693273371146e+01
2.516318325352644436e+01
2.521866855141457719e+01
2.358869984318036828e+01
2.718086787061142928e+01
2.796885115683264900e+01
2.352153611420325774e+01
2.467256089538338415e+01
2.461501688426076839e+01
2.322271361220536789e+01
2.290380098581355384e+01
2.495985951474979103e+01
2.619809165074054391e+01
2.437385930997062289e+01
2.552839870737200911e+01
2.724163082288594140e+01
2.634769006734054031e+01
2.396240259574511100e+01
2.853507666466834891e+01
2.527272340020271457e+01
2.706586602725077739e+01
2.793569382029297898e+01
2.428819522415376397e+01
2.448033399288893364e+01
2.502575673048161775e+01
2.367725356819273586e+01
2.459058598737265200e+01
2.373390561583126868e+01
2.531110859105653077e+01
2.401623700004704887e+01
2.366801874265406624e+01
2.409772644140541331e+01
2.348169993136437839e+01
2.444008004884992857e+01
2.753970198037130501e+01
2.380196322270015941e+01
2.610211958051688441e+01
2.553644181682662406e+01
2.372747965869497477e+01
2.566059662518275530e+01
2.565534121562484415e+01
2.515927356988097685e+01
2.606347171856552691e+01
2.504431243138845176e+01
2.450012930043857651e+01
2.492995163873809261e+01
2.562392210757611366e+01
2.639916346787496693e+01
2.426426899720778252e+01
2.425044198601990786e+01
2.563661654023570335e+01
2.462163109160491459e+01
2.521368561735215152e+01
2.523320790239561617e+01
2.454961063927029841e+01
2.765403434460232290e+01
2.535644361177251582e+01
2.771125856051530434e+01
2.440895101097277120e+01
2.337727058398546021e+01
2.497913405009183663e+01
2.859967653981509983e+01
2.401698275876268340e+01
2.638036480933883965e+01
2.585687292295470385e+01
2.425994939005007822e+01
2.549580691885234529e+01
2.526288931967508233e+01
2.463115133211875474e+01
2.344022238757645127e+01
2.556668579281823384e+01
2.581969567233971574e+01
2.303976469211720968e+01
2.622932798584710312e+01
2.664404312371760142e+01
2.357585887956298265e+01
2.508305440172200917e+01
2.446970400226724607e+01
2.398058078272135418e+01
2.508970110458735903e+01
2.597375955274733883e+01
2.547929120639629730e+01
2.363441807551690133e+01
2.365796724275509533e+01
2.290659771519628052e+01
2.392559882830040507e+01
2.454453372607721917e+01
2.389245462028835831e+01
2.458587622366098913e+01
2.430411625720358515e+01
2.451497561017247051e+01
2.544404775371711125e+01
2.449187847660761363e+01
2.439823329101144367e+01
2.502134898838210475e+01
2.632411993620495849e+01
2.422657061792691024e+01
2.582243042973905389e+01
2.480609883157887552e+01
2.596529505259050197e+01
2.564660853057893419e+01
2.441301264775610491e+01
2.471458101720806866e+01
2.379771907718847501e+01
2.679804075645511929e+01
2.374671336832542323e+01
2.542195889346472626e+01
2.716188097399777135e+01
2.451839532232202501e+01
2.564259791520000320e+01
2.325964532127886386e+01
2.660492638937735776e+01
2.394961071347427506e+01
2.473188796246274279e+01
2.557878903401358528e+01
2.572783965170530962e+01
2.508921240932571450e+01
2.542571057713678684e+01
2.390410423080836821e+01
2.391579746759731151e+01
2.522873706932872295e+01
2.429019997190322400e+01
2.386397861207459670e+01
2.396218801830168488e+01
2.624594552466650654e+01
2.360838500894228886e+01
2.718088856005708820e+01
2.234523120155861875e+01
2.622444357952439375e+01
2.737402784086791385e+01
2.395811821626199034e+01
2.505408128197891315e+01
2.815163561326482267e+01
2.408012101835845442e+01
2.728617398594929000e+01
2.491779563979530465e+01
2.505465299108807997e+01
2.513936183819712866e+01
2.454583649072963070e+01
2.523629370450450793e+01
2.296536378307677495e+01
2.593258673095243694e+01
2.734100574771798264e+01
2.461452714586626911e+01
2.389487872612890129e+01
2.494699715196477996e+01
2.639702226442126687e+01
2.485712061348124990e+01
2.340034782421007264e+01
2.491468807439660083e+01
2.428988666989565104e+01
2.609891363196296510e+01
2.304545316972269120e+01
2.558243481272199205e+01
2.577363117932448233e+01
2.512018757285112613e+01
2.371570469431434702e+01
2.690842090510076901e+01
2.383837091182991230e+01
2.378878757788306331e+01
2.591160668560143776e+01
2.507830087413944753e+01
2.614512287929973056e+01
2.401939995018360108e+01
2.480539669992268514e+01
2.491344963823494041e+01
2.621546033500350603e+01
2.523984354681661202e+01
2.367972066474703752e+01
2.592179929486395196e+01
2.417362710962146366e+01
2.506551270387772590e+01
2.319912287040837739e+01
2.492911558434554564e+01
2.538572868759608170e+01
2.496208701932275176e+01
2.478361186873409849e+01
2.420398305362285640e+01
2.614639882239997704e+01
2.503570168797279294e+01
2.413049212311736369e+01
2.498147342704490725e+01
2.539744790085760329e+01
2.538006431278466835e+01
2.441910314850313313e+01
2.365666179707559991e+01
2.267301917153352164e+01
2.348440288500648521e+01
2.629282700170857368e+01
2.410119367573894777e+01
2.418288606494967041e+01
2.320525769699148455e+01
2.673872287297341543e+01
2.555640346702255528e+01
2.534387740747100182e+01
2.459358443736350353e+01
2.590421359562817827e+01
2.829630837110716968e+01
2.376503684994155918e+01
2.842468581954863183e+01
2.404339814957987187e+01
2.596464993961480516e+01
2.497371375886314837e+01
2.634851145458716104e+01
2.462097690920075976e+01
2.351708014112089273e+01
2.405167808546014996e+01
2.457165689780768858e+01
2.482269743377966620e+01
2.337389223741539368e+01
2.584171180842516691e+01
2.298490002492004081e+01
2.687114866740219199e+01
2.516342030416857867e+01
2.591237603086226216e+01
2.541648308263528833e+01
2.300941165410201705e+01
2.342042918611436519e+01
2.524935257173565262e+01
2.555844201717935249e+01
2.543390807174226609e+01
2.499764532850957366e+01
2.401673298975002169e+01
2.535621889270568374e+01
2.475436179387887847e+01
2.455047715687368282e+01
2.475276535090531382e+01
2.494211965011398036e+01
2.512429262472509706e+01
2.503379993404815451e+01
2.314005852805639307e+01
2.435732359406890879e+01
2.262321607779497867e+01
2.698960431532274029e+01
2.266283590415302385e+01
2.765019948890573431e+01
2.526517227175038371e+01
2.565093292443734185e+01
2.501578893105423163e+01
2.825050566355202619e+01
2.470888319649029086e+01
2.395068049054266979e+01
2.518947241338902998e+01
2.562628342511793278e+01
2.574981265803519648e+01
2.660579544343767466e+01
2.439977795129883020e+01
2.403191684329000566e+01
2.629819160087477314e+01
2.612279614736820221e+01
2.572708806932727299e+01
2.417025024361112528e+01
2.425060566597997891e+01
2.479387766720010333e+01
2.605989477514690833e+01
2.552066393327539728e+01
2.519360870861181922e+01
2.466104022481281532e+01
2.469144063128977251e+01
2.380882589975479391e+01
2.377377625256844951e+01
2.433763181817720067e+01
2.407380066048934353e+01
2.543994795415657961e+01
2.403039685610765730e+01
2.546803771359564195e+01
2.754127197543567007e+01
2.432805333991394292e+01
2.752508886926506548e+01
2.592830312267868109e+01
2.349307249600305525e+01
2.618392436657947542e+01
2.428124923519131428e+01
2.539843789968385579e+01
2.723270857225461228e+01
2.517271481600877436e+01
2.472921922737645417e+01
2.433271740786896586e+01
2.455973105090953723e+01
2.433376392146806921e+01
2.536278071272086976e+01
2.358230286333848724e+01
2.497921009570028161e+01
2.351804394840492307e+01
2.524466306250926451e+01
2.572294283403739001e+01
2.531947083024958189e+01
2.827886420858231986e+01
2.660011142397201667e+01
2.494667712695491346e+01
2.532210170690371953e+01
2.579464871848187713e+01
2.817050693671759376e+01
2.518294901010402498e+01
2.500572920030840152e+01
2.437874331798531458e+01
2.636868908543717538e+01
2.378149199600721886e+01
2.598289550885369437e+01
2.555737057443954185e+01
2.335977297282150289e+01
2.462657496156332471e+01
2.495041847612234776e+01
2.391705824617632103e+01
2.425253066872316765e+01
2.346912852473122868e+01
2.601601974304507081e+01
2.454751962390739450e+01
2.517942335933033249e+01
2.489093388757379799e+01
2.667967183929583896e+01
2.339047120231181864e+01
2.425463256434502313e+01
2.534950586423235563e+01
2.480686549147456077e+01
2.727565189068800322e+01
2.659579308767607486e+01
2.325259882515060994e+01
2.491351933264306595e+01
2.444901050148496680e+01
2.564281901908584516e+01
2.501762833799624985e+01
2.298754241530783915e+01
2.473079125583965876e+01
2.472765185704977853e+01
2.539969394692165494e+01
2.516380507490693930e+01
2.453710677884580349e+01
2.599102365014357119e+01
2.492111481612628054e+01
2.604371886232216582e+01
2.550848189992790083e+01
2.307177722595137936e+01
2.592462756220703568e+01
2.328453938904820220e+01
2.475486456164463078e+01
2.376413503774562130e+01
2.548074990740582990e+01
2.434423384382695588e+01
2.563341678663450196e+01
2.490603249890474302e+01
2.545007263813302600e+01
2.506596610658575131e+01
2.416563838628561811e+01
2.482301415606706740e+01
2.450213906139542175e+01
2.376044888699635038e+01
2.471076668327552994e+01
2.593163989447451101e+01
2.580859617090652947e+01
2.583009007610264973e+01
2.512367536774949883e+01
2.344775800130872767e+01
2.467792663863825808e+01
2.614980788936000522e+01
2.400438437773336631e+01
2.469293263992600629e+01
2.438721233560781698e+01
2.792066903392409216e+01
2.728581640539045594e+01
2.283767834391945684e+01
2.631498182053537604e+01
2.410721595589705757e+01
2.439101146755427862e+01
2.452581499462236891e+01
2.445134670659508203e+01
2.396712700648960848e+01
2.459094297152548236e+01
2.518188398155176344e+01
2.371566022027237608e+01
2.681752793132084989e+01
2.408470842655512456e+01
2.657480639864008509e+01
2.401516576723041396e+01
2.353753766391232816e+01
2.571905643980128531e+01
2.471682809406675574e+01
2.327989449925256338e+01
2.530655775797204043e+01
2.464018302219820455e+01
2.493372896023814533e+01
2.403026057539424087e+01
2.503449177352480248e+01
2.418438493429144387e+01
2.576617550941822543e+01
2.404633037096996873e+01
2.535869094328607787e+01
2.733505997854886971e+01
2.456348017806484663e+01
2.589597837205406705e+01
2.537193217765412001e+01
2.375514425849675249e+01
2.405983280894577447e+01
2.398160017746378969e+01
2.637476164048666050e+01
2.399144392333793974e+01
2.329937511669379546e+01
2.350871402684661504e+01
2.556344347016228014e+01
2.438499107870514848e+01
2.520489361062579547e+01
2.527534562850535238e+01
2.527616261602504721e+01
2.408996858648673367e+01
2.534011798111782454e+01
2.442682735292285656e+01
2.404657223622498208e+01
2.357606216375283736e+01
2.514658643550159667e+01
2.412455641777769699e+01
2.396362798430591923e+01
2.531755362790851649e+01
2.415012100495040670e+01
2.504848548030256694e+01
2.420902716171252678e+01
2.517085046853344465e+01
2.537324129198515266e+01
2.404950632749956441e+01
2.400312474728335488e+01
2.439299568111571048e+01
2.555159114555167577e+01
2.322771568586670199e+01
2.656160340778120243e+01
2.542640422099232822e+01
2.445260576075490633e+01
2.208304223110980757e+01
2.529493634439262806e+01
2.418275919600957025e+01
2.351703528588976511e+01
2.498901282486400177e+01
2.454149761040394395e+01
2.422849210864560732e+01
2.483601296138122905e+01
2.449969041122821167e+01
2.580175843099471322e+01
2.513410139360885509e+01
2.425608540877442820e+01
2.644876013602661757e+01
2.534308812466476724e+01
2.291746643114709769e+01
2.318369159404604574e+01
2.435872666930142927e+01
2.524182461297832702e+01
2.652600868974281667e+01
2.304231430489179999e+01
2.310490660207502245e+01
2.607922452856366036e+01
2.555335838122830339e+01
2.492682282984480935e+01
2.418686272366337775e+01
2.757701679197069922e+01
2.646845266317997414e+01
2.464296223283505327e+01
2.430642267558837233e+01
2.639732767585882200e+01
2.536838477987429030e+01
2.489216943302093554e+01
2.620471153659185859e+01
2.410877017569907821e+01
2.454547756020704341e+01
2.760507979380700405e+01
2.456018947099834193e+01
2.822980534877347836e+01
2.388864088769414806e+01
2.732283223105987702e+01
2.476479790294317240e+01
2.415565542673437704e+01
2.524387342476202534e+01
2.462528303319052370e+01
2.435052148631131885e+01
2.505979303969294492e+01
2.358392879161248956e+01
2.611775319879512125e+01
2.465021981936902407e+01
2.628516386642066038e+01
2.376421939735628541e+01
2.871684614519113765e+01
2.457996737155392708e+01
