ra
6.962163417286749700e-01
2.301206568937983754e-01
2.406369758417010729e-01
3.509624056044948759e-01
2.333117501980088160e-01
2.644400584362239237e-01
2.729815594401507894e-01
2.869886202495820493e-01
3.276916053162106102e-01
2.128009961585624055e-01
3.722271255332218476e-01
3.871791178667142730e-01
2.349501234006039496e-01
2.345596040442532726e-01
2.310318788574826088e-01
2.705442510242188625e-01
2.676598524787293654e-01
4.661542354958558287e-01
2.253321930634797632e-01
2.649799081053364480e-01
2.650218825834954606e-01
2.526941096090709049e-01
2.407004463753930068e-01
2.696844044424316911e-01
3.154215464787292200e-01
2.850584597898755956e-01
2.723734536687371088e-01
2.595976445120555254e-01
2.187572581568964503e-01
3.026499819544303804e-01
2.355925091479473821e-01
2.111372537955746864e-01
2.725273001004513418e-01
2.802903562104608337e-01
2.376734778892060918e-01
2.410490748993122379e-01
2.224742314780765728e-01
4.162954538455189701e-01
2.089172376101613438e-01
2.941066221481152820e-01
1.753096705080141038e-01
4.059427949008824754e-01
2.939340549988829210e-01
2.541484086936247055e-01
4.252856174560135094e-01
4.561991466718318122e-01
2.728309621479976244e-01
2.645033590099252763e-01
2.323044470741068845e-01
2.294839776719987678e-01
3.969893366803601276e-01
1.827916444019610509e-01
2.420104306641102099e-01
2.929955025017568770e-01
2.908198223860107845e-01
4.215499905722568386e-01
2.378300190251235458e-01
2.370630277555973719e-01
3.365058991444933589e-01
3.488322007146559822e-01
2.512489695056482897e-01
2.516476144414565019e-01
3.210226667462929839e-01
1.822865873543283444e-01
4.697367612240919699e-01
3.282863529261819124e-01
2.251290876675753339e-01
3.767415891838395425e-01
4.007613019563902035e-01
2.704777585197044032e-01
2.317456687387880465e-01
4.266190385352771064e-01
6.365628519719823686e-01
2.639335912597476907e-01
2.048191658145359639e-01
2.705729631898668441e-01
4.311492244428635212e-01
2.141290143197904783e-01
1.929332104540470438e-01
3.442129760611321587e-01
2.339552387119268051e-01
4.644656492363052891e-01
6.610785022070244654e-01
1.761051869208903609e-01
1.967441562760512408e-01
3.020018919690642956e-01
3.953492541739844768e-01
4.035523428947780378e-01
3.274143157734885068e-01
3.127221494157373938e-01
2.697826694962170979e-01
4.394252373842020276e-01
3.770723168689423255e-01
2.874336309873131157e-01
3.388563126430712558e-01
4.446347979793774385e-01
2.303816685567451894e-01
4.202204903063462282e-01
3.728956229973335867e-01
2.329436348247416466e-01
3.178600784256423450e-01
3.542029005241165152e-01
2.778053476187432591e-01
2.955299920871179431e-01
2.010962835950031724e-01
3.197497083814906937e-01
2.607501729126158740e-01
6.587293853667857135e-01
2.601833990608898306e-01
2.490278609139510713e-01
4.340971542389472915e-01
2.440199330435923741e-01
2.882346674584210788e-01
3.911775865587136525e-01
2.580145017247890138e-01
2.435043748498513239e-01
2.270827499215916645e-01
4.076221740517081971e-01
2.907781889592123692e-01
2.243688476094245488e-01
2.597217044323962831e-01
3.497974935912520067e-01
2.467296738499093200e-01
2.726978347106283618e-01
1.536059893613899163e-01
2.709712994166244004e-01
3.238356013560554914e-01
4.403373163898436360e-01
2.392563578050186379e-01
2.474621120466499180e-01
2.363211464296530451e-01
2.649815106003898246e-01
2.670408489678890440e-01
2.351416814280744561e-01
2.113989818675634513e-01
2.004520705120436119e-01
2.335682412254380669e-01
2.630903063618588167e-01
2.995022009435732713e-01
2.299204031210750898e-01
2.259535411589528309e-01
4.518630627641891939e-01
2.954949727630094003e-01
3.616207018246734295e-01
2.182210710742893411e-01
2.928362390487612710e-01
3.700250833737137590e-01
2.617430694303109484e-01
2.282022368104304755e-01
4.658704306606100687e-01
3.926916988481838344e-01
2.392025096829331343e-01
2.722792652084376486e-01
3.421872048823828005e-01
2.008038249713419432e-01
2.872208552774707657e-01
2.161896242102091803e-01
4.147905218078697942e-01
3.879873955055334611e-01
2.429859133661151915e-01
2.701420771939255228e-01
2.774926446837041039e-01
2.487954071106519283e-01
2.914705747479304776e-01
2.360450794921547246e-01
2.183085861258157179e-01
3.701442014102127587e-01
3.312125412018837034e-01
3.559003893808814212e-01
5.169681206283689434e-01
2.155842642139766951e-01
3.090249671853539937e-01
3.461327279616338570e-01
2.819270434870086994e-01
3.170033533470927312e-01
2.883904416582356856e-01
3.567011485988360042e-01
2.533841694311069204e-01
2.276079027410520539e-01
2.068237320006729163e-01
1.046016438574429719e+00
4.029754534013934020e-01
3.781781861381587340e-01
5.735810051263534604e-01
7.146452479497719112e-01
6.118511950701970292e-01
3.678098841087058535e-01
3.353795430499980079e-01
2.344150878281473505e-01
4.338852478729240403e-01
2.481478385591246727e-01
2.228660852547698079e-01
3.795914748689300788e-01
4.257244992128555450e-01
6.625308518753200149e-01
2.544159631588458481e-01
3.103893372576613796e-01
1.713052056567043735e-01
2.143211290934171620e-01
2.627679168527965459e-01
3.156642266902309757e-01
3.957842344819608726e-01
2.374872797557836535e-01
7.112700165846618239e-01
2.819356479252341785e-01
3.003242692718650075e-01
2.873735141372701918e-01
2.374808424092256232e-01
3.511818638311483554e-01
3.154669116427287756e-01
4.101122271196935287e-01
2.448220509368525255e-01
2.860036899127576526e-01
4.547753174269467680e-01
2.759277744891690531e-01
2.188837708765705159e-01
2.764594714223452265e-01
3.289711353096116397e-01
2.254867809906346832e-01
2.839932006651437746e-01
2.702357694023528878e-01
6.905879863103550065e-01
2.459352495678448491e-01
2.383373406201895750e-01
2.974443938767436513e-01
3.084368939154905065e-01
2.485867457909002043e-01
4.053482849695996260e-01
2.247126639423868699e-01
1.680177568466412197e-01
1.911828167097668063e-01
2.578066132167025071e-01
2.186384268352684623e-01
2.922114029817242109e-01
2.090196515680245726e-01
3.356424621719065193e-01
4.245714664580438891e-01
2.433573100206336548e-01
2.977961637244405102e-01
2.014611488142833973e-01
2.366383017160560431e-01
5.489183264421892972e-01
4.064775804817752913e-01
3.497447089307434420e-01
2.632922484583364309e-01
2.391261510240019206e-01
5.450059771595824332e-01
2.791705586450711207e-01
4.163047604436682647e-01
3.622101376890389246e-01
2.448401151253697672e-01
2.357249639422342447e-01
2.870760119069322158e-01
2.341370673519121426e-01
3.584978269672537965e-01
3.062387403900276306e-01
6.453983605925061040e-01
3.118417260865173346e-01
2.755753883473366916e-01
3.027329765316115195e-01
3.691295387694113472e-01
1.818697000620321802e-01
3.947509392834538944e-01
2.056240204253446391e-01
2.114913883058242572e-01
2.455921671295630548e-01
2.391433429959600176e-01
2.267815154913703779e-01
3.925656694506542976e-01
6.494149638909966216e-01
4.186052993268472022e-01
2.388927348063355771e-01
3.184446639302518922e-01
3.800836546113002812e-01
3.069071407877723701e-01
2.759614732174185403e-01
4.583949204795547683e-01
2.755434809518912398e-01
3.348739311124067086e-01
3.282198164045003197e-01
2.693854717394792431e-01
3.392310015324908057e-01
2.487545800374895144e-01
6.760023602773497231e-01
3.880216901075339564e-01
4.498487481079456174e-01
2.892340345899520604e-01
2.416332873915659207e-01
2.395252937025483531e-01
2.316923790884550527e-01
2.820296499652891198e-01
3.315577814077811936e-01
4.626617110263990251e-01
2.643882924819430102e-01
1.527179578433400242e-01
3.167508875093865139e-01
6.751678591264660412e-01
4.730551949654678845e-01
3.324471937920658871e-01
5.140839838627943026e-01
3.119205222161109958e-01
2.326569542854765582e-01
2.124917870487207094e-01
2.378175496888534357e-01
2.361340230602448631e-01
2.068838151452929708e-01
2.910774211981590476e-01
2.311065160105388039e-01
5.503619915350101977e-01
4.025964034490990828e-01
3.144939825064074768e-01
2.737272173427136579e-01
6.636051848906567852e-01
1.821567869483491364e-01
2.835440914953704095e-01
6.683824364054669065e-01
3.038474481672511773e-01
3.759218580333847370e-01
1.593406774936720893e-01
4.559421804378754328e-01
3.902518463579260910e-01
2.236434842860943739e-01
2.309016354199029952e-01
2.712837415923904372e-01
2.911246184073004173e-01
2.672289303997439913e-01
2.342987043735913488e-01
2.420521054641956160e-01
2.293505833822715445e-01
2.283747661491112024e-01
3.154689765631528697e-01
3.764068235164988452e-01
2.610394160404970743e-01
2.399033375034996807e-01
4.722583573148559921e-01
6.807251311145430250e-01
3.821102586106233101e-01
4.835518387761252868e-01
2.889829750611779269e-01
2.438096878368966880e-01
2.310722587705695830e-01
4.253546624766133544e-01
6.824758071589887010e-01
2.798042889474368078e-01
2.293376638512787113e-01
5.306713995362372094e-01
2.106777411988713933e-01
3.336809725052578557e-01
2.130977257123632396e-01
2.724314655160100518e-01
2.803285516806447997e-01
2.626715360913124964e-01
2.425725184948899216e-01
2.338649564113558788e-01
3.346694017674245458e-01
2.181166489238620110e-01
2.503575730060221272e-01
2.333267121231597241e-01
3.881897369528793940e-01
6.477631460146771047e-01
3.728233806386848093e-01
2.278159553980662333e-01
3.881783356214745240e-01
4.333519934238287408e-01
2.035602953094037548e-01
2.651129319450349908e-01
6.309444633575802541e-01
2.847941067349619715e-01
2.892316781333837961e-01
3.940733223498065207e-01
2.772547994074168187e-01
2.531844673301684168e-01
2.417093735192953896e-01
2.017876591629953753e-01
1.985804455327526974e-01
2.049490419045464640e-01
2.857077688813678407e-01
1.920630204496845683e-01
3.069729679317108606e-01
1.930711069304162919e-01
2.796345008956437894e-01
2.526412448209657269e-01
2.168846799004660042e-01
3.279509668509579257e-01
1.940485923651991129e-01
3.394438705746049001e-01
3.456242686724736446e-01
2.307966155272861142e-01
2.575848535087637003e-01
2.969995642856267382e-01
2.853495789245729664e-01
4.310138948795196878e-01
4.548376238304299157e-01
2.818590555827658051e-01
1.582914976846083732e-01
2.678229726074438100e-01
3.707924200942621096e-01
4.658138578323874346e-01
3.836195230224451747e-01
3.261075630748761500e-01
2.631033650837029114e-01
5.461015167181925145e-01
2.490010708036213549e-01
5.002067272663258679e-01
2.581307125578262140e-01
2.333201053522396262e-01
2.316411438275543799e-01
3.017893356020895368e-01
2.141219826887477140e-01
3.814304858778383434e-01
2.284922442215737703e-01
4.074514960215749326e-01
2.363461496958496610e-01
2.350858534713931858e-01
2.813307147567995492e-01
2.532252565289194735e-01
2.550411196559780880e-01
2.872981751649715809e-01
2.873287215003222927e-01
2.488869113086017715e-01
2.414855794832545810e-01
2.930892200931223268e-01
4.276822255259372652e-01
1.950286003388867762e-01
2.281505531760883443e-01
6.592765081852096642e-01
2.051926936166574844e-01
2.278277199244591600e-01
2.689433144598455949e-01
2.337731987585556781e-01
3.916067800126699083e-01
3.234416973243625648e-01
3.147253995923620651e-01
2.209082338734775774e-01
2.480133615863993057e-01
2.681646013890108260e-01
3.847024016412831648e-01
6.782107029082662386e-01
2.500389608474460346e-01
2.485426327908247524e-01
1.022685541629034356e+00
2.635874040318210709e-01
2.437462096764128894e-01
3.318079065887164503e-01
3.252837619946076231e-01
2.598351956847899658e-01
3.476901889304659932e-01
3.572643704054598857e-01
2.650697774186702160e-01
2.637884920099644592e-01
1.577208873140555079e-01
9.879734850232617660e-01
3.632426062686812118e-01
2.104536777458369257e-01
2.691929145447847782e-01
2.929755679867405149e-01
2.341096739188300302e-01
3.208532777432554495e-01
4.208921077304592084e-01
2.528305315028140932e-01
3.936232766803620664e-01
3.770656433238783189e-01
3.164315327846228265e-01
3.154326943484697665e-01
3.336846123886645921e-01
2.447612515430570845e-01
2.169445467900183167e-01
2.426512403507752325e-01
2.162378593704348262e-01
3.243126434250014900e-01
2.554799927961504125e-01
2.603860132853386133e-01
2.810528399345712525e-01
2.040752988005015978e-01
3.198170475926973566e-01
2.963329455242016408e-01
2.579026605557024343e-01
4.233852331899810029e-01
4.148552588954045328e-01
3.013440099862805810e-01
3.025417041740992019e-01
2.552896702964900233e-01
2.293704183949296649e-01
3.825484724005558945e-01
3.198108434245174325e-01
2.442118363091911049e-01
2.762435888965782405e-01
2.616719274335039813e-01
2.162538620214972118e-01
2.242140416157368255e-01
9.826562027651332132e-01
2.097146876133708093e-01
2.379099280325345234e-01
3.274208161261963901e-01
2.212363653399904984e-01
1.878643587886029143e-01
7.336904006562601221e-01
2.159534190223215688e-01
2.774874189500860511e-01
2.927398091328852203e-01
2.599189813811176863e-01
6.084315870520444758e-01
2.755310817644094357e-01
3.588065888460045261e-01
3.002124854566448064e-01
3.735375300024694201e-01
2.677175455397886594e-01
2.510649498055430584e-01
2.061032273900125500e-01
2.939133543222240408e-01
2.428068620933050425e-01
2.353397464998515931e-01
2.252528333274970151e-01
3.225256495161928916e-01
2.602540509300887983e-01
2.350135278241068659e-01
3.275590565175075519e-01
4.469724041596149777e-01
2.534242062001057505e-01
2.411599489342668434e-01
1.979415366825616474e-01
2.126393716581638782e-01
2.140957214397267994e-01
3.189533089086685758e-01
2.457098029725433286e-01
2.343096231772065774e-01
3.629265083075303155e-01
2.492251033630168422e-01
2.316776016257631743e-01
2.051970471615199854e-01
3.223703736083782800e-01
3.384469514329383477e-01
2.344400265528260308e-01
2.070568683606870408e-01
2.945792124175675708e-01
6.629942442095071442e-01
2.180407709759168977e-01
3.595953954683999143e-01
3.207427175211856607e-01
4.857835190006376536e-01
2.256886495299966489e-01
1.899229709229930674e-01
2.690027264766879367e-01
7.285996370313467807e-01
3.972396372009280863e-01
3.439818585283793695e-01
4.024561939972430835e-01
3.176883535197632114e-01
3.096167431471271714e-01
2.518391852165254297e-01
2.841645247645594452e-01
2.729472771588854485e-01
2.335398813730523992e-01
4.411151985873084103e-01
3.227976072811571395e-01
3.363688427510371781e-01
1.920902690523434431e-01
2.168247302311125668e-01
2.782953656140394472e-01
2.401280341385256256e-01
4.251385471008932160e-01
4.073529820463114848e-01
3.253493390158478382e-01
2.186245174203934882e-01
3.098036913604262366e-01
2.750476296387070474e-01
2.426831765618563952e-01
1.928838165763264445e-01
2.676720153576352956e-01
3.408743322208973581e-01
2.591729685906958291e-01
2.558257863945294086e-01
4.862713889397616285e-01
2.212008301329061455e-01
2.371924346988069365e-01
3.715767174062383771e-01
1.488272770064371642e-01
3.018615238253053445e-01
3.058870115499487952e-01
2.643264410814056831e-01
2.795779768788797526e-01
2.868690085661700362e-01
2.414132630947496416e-01
2.592456358410458184e-01
1.915470297882961859e-01
3.139694458525772447e-01
2.845393159044075637e-01
2.723265502620098033e-01
6.664218570557602916e-01
2.454714055510809345e-01
2.393223692861662366e-01
4.098232637929902222e-01
2.043350695105496939e-01
2.859997003982110986e-01
2.867991899432630332e-01
2.768418562320719145e-01
2.536596291025876582e-01
3.044025086240308986e-01
2.883444982860350336e-01
2.278821947194754893e-01
3.714419791483317690e-01
3.431423265460313843e-01
2.273148856427491538e-01
3.380980875598790236e-01
2.634620460036387612e-01
2.625007765188678843e-01
2.281008332810716965e-01
1.049641308648514348e+00
2.744587969619564638e-01
3.049334600213155499e-01
2.680789264886945800e-01
2.775190216918161923e-01
2.665822483946413968e-01
4.277411793480225266e-01
2.602246677746533621e-01
3.337188738518062081e-01
3.772871350017563685e-01
2.687474692324425263e-01
2.409959172646048975e-01
3.126286062473701555e-01
2.478419449348958636e-01
2.690168580145094746e-01
2.760827364597555067e-01
3.253525984055052334e-01
4.871084186912456593e-01
6.577811589294331185e-01
2.422663401225260693e-01
2.819868968982293111e-01
2.361225761024545733e-01
4.184959331961445317e-01
3.323452032539186973e-01
5.945708867500610895e-01
1.807476575094194848e-01
4.620146434488706655e-01
3.194866790642398868e-01
3.368469431986845231e-01
2.062776754406982493e-01
2.244213926015818650e-01
2.658612365536099920e-01
2.656394289551162746e-01
4.488993715539075779e-01
2.151581572936391851e-01
2.331788915326373224e-01
4.388641775068594653e-01
4.546722814900208132e-01
2.504255403181474549e-01
2.826291080740608308e-01
2.230680149521507560e-01
1.804472824085472382e-01
3.974243543838560933e-01
2.854114979272610597e-01
1.777817438350402512e-01
2.149448207348116369e-01
2.327569592856142955e-01
4.689548514416486125e-01
2.885279941650793489e-01
3.185953379668945429e-01
1.786814708444673383e-01
1.555004322449435317e-01
2.612453157871943432e-01
2.934890218139442619e-01
2.727747554646056116e-01
2.860814945615284821e-01
2.997569395086860933e-01
2.543521464197961990e-01
2.761272196855549255e-01
2.212895173848444252e-01
3.098465588583385610e-01
2.759368513782157750e-01
4.367340704264245921e-01
4.016831760335524137e-01
4.068286105010394116e-01
2.790536598582251671e-01
2.057088359473846495e-01
2.429695933574835820e-01
3.424167855023930729e-01
3.402940087862093010e-01
2.145182514824420239e-01
2.450811147357195019e-01
3.328601384430487919e-01
2.550478454828801755e-01
3.961234403605620735e-01
2.572062998212274465e-01
7.131300503183221062e-01
9.797851572971235656e-01
3.792447207751546978e-01
3.572622460375713405e-01
1.952210215311795949e-01
2.932683978015082626e-01
2.600535756928499254e-01
3.389337389319111438e-01
4.210992448873911997e-01
4.646431712051271035e-01
3.052175046486726440e-01
6.864514063983344627e-01
2.569328156731858215e-01
9.916739465130000042e-01
3.912316311924612933e-01
4.940398462601447438e-01
3.129479089072556008e-01
2.162588798759496611e-01
2.844345032221913261e-01
2.572500696738320158e-01
2.773120963338666645e-01
1.972913341693041944e-01
2.827846009130616789e-01
2.850636926521139536e-01
3.739348424520075320e-01
6.683973194875342250e-01
4.952235782210624992e-01
2.469508719098174043e-01
2.133954180248325005e-01
2.735630656074337086e-01
2.977414827921460727e-01
3.056247020294211580e-01
1.860597956504213002e-01
2.343130204551005513e-01
2.980390518582307635e-01
4.073795615256798341e-01
2.647362958164567459e-01
1.832037796332014468e-01
1.862825105399684156e-01
2.189401528021726051e-01
3.625569161957736264e-01
2.019130844978036521e-01
2.920606384483672713e-01
3.755162346592229028e-01
3.933149626794962272e-01
3.512572716979834309e-01
2.215892745605162750e-01
2.874657005131894261e-01
4.171163197516776777e-01
2.907163892789632054e-01
6.694471294470000222e-01
2.596814635994820208e-01
2.384299580112542727e-01
2.206621000133505706e-01
2.007992278936089059e-01
3.027261223288646441e-01
2.788395146189852070e-01
6.763827892093670080e-01
3.993548856539412828e-01
2.339508423773835888e-01
6.424292150498862597e-01
2.145038995847766972e-01
2.591281296723949024e-01
6.648022716927342035e-01
2.624982780936547244e-01
2.205090452131183154e-01
2.410096861516015376e-01
4.139554654651163568e-01
2.036713490911153390e-01
3.329328953953772929e-01
2.734697786556656851e-01
1.873047527135834334e-01
2.037910982134484017e-01
1.022601744288742065e+00
2.985062086102047707e-01
2.407755235438493180e-01
2.447174220287115787e-01
2.340435655565328288e-01
4.458858120734091601e-01
2.124780663351248933e-01
9.943051277452544801e-01
2.709879762800833092e-01
2.273469693205966424e-01
2.273362463632294383e-01
3.501662299777743015e-01
3.400767665881724300e-01
3.921316755161626810e-01
6.768953061719960029e-01
2.689534493446195662e-01
3.022552762442565211e-01
2.884790936234087333e-01
2.087607999374530010e-01
2.975821111455676515e-01
1.834217961227836702e-01
4.323848042238863099e-01
2.880807309629415669e-01
2.229532953415074292e-01
2.712422770552274653e-01
2.620742450706092797e-01
2.766411753919747474e-01
2.020290427294959557e-01
2.717110318794501156e-01
2.293438969339913480e-01
2.867829405707902901e-01
3.207071964829379951e-01
6.685993691099237912e-01
3.902984908535223063e-01
2.178286829985029982e-01
2.006371484844944320e-01
1.621680459418817222e-01
2.190810217303615914e-01
3.862102352517949311e-01
2.934802828531155594e-01
1.977318366451594756e-01
2.581596693791419206e-01
1.984836860166541983e-01
3.239786297737090592e-01
2.257570403074382337e-01
2.255879301584338137e-01
1.903815936486001614e-01
3.671616288314754617e-01
1.538092829967911135e-01
3.715565326879933794e-01
2.281688298670792869e-01
3.781044378894664604e-01
2.332503153637276727e-01
2.157041463599345121e-01
2.635179306398032772e-01
5.088565867290082423e-01
3.124918527350125652e-01
2.682553966379974120e-01
3.139817233777910110e-01
2.186482627357305697e-01
2.604530068348617222e-01
6.620903029630470504e-01
2.008928095737865793e-01
6.387650829677374853e-01
2.387490478446983588e-01
1.906317871344958836e-01
2.100448606823658582e-01
6.513331619490468904e-01
2.235697667704049096e-01
3.171135986326563128e-01
2.669676602130423015e-01
4.302829620145298684e-01
6.546420405931012709e-01
2.213158396026770891e-01
2.117700574127011903e-01
2.524060948856670095e-01
3.101708941209201376e-01
3.995928837675512546e-01
3.159106896469522918e-01
2.210704813079031605e-01
2.718409315249625813e-01
1.878232777991836466e-01
2.445558570714387869e-01
3.200200498917106229e-01
3.264789379289670390e-01
2.426331970020285389e-01
2.859810619906907325e-01
2.335672345524106297e-01
2.434324529399736481e-01
2.201739942319420607e-01
2.781027889662002206e-01
3.295344873468508684e-01
4.131231195659438304e-01
3.458889880056791322e-01
2.050812690120631665e-01
2.145569544267837414e-01
1.667633790995390330e-01
2.285001964435737776e-01
3.049885465685381880e-01
2.258644153160769275e-01
2.486270622777408401e-01
3.222612414196838193e-01
3.137189927897754416e-01
2.158802305607549488e-01
1.797131612838469561e-01
2.577495992888731990e-01
1.888363231332494396e-01
2.265748055806131589e-01
2.921180687423490241e-01
2.222631261571893502e-01
3.781916203009172972e-01
2.612957920229934672e-01
2.065063168316687292e-01
2.777153304138456624e-01
2.165092335038376059e-01
3.344712211959928183e-01
1.684580127431978269e-01
3.231547833922780444e-01
2.277893705487471498e-01
3.087351139423457624e-01
3.005646225142091232e-01
3.790954204488021229e-01
2.462567018267751429e-01
3.972542530810118100e-01
3.229622376084382296e-01
3.718762328758689062e-01
2.391027689805547141e-01
2.783219010379742175e-01
2.833366114505038169e-01
3.101275497293030647e-01
2.797119722375188688e-01
2.726831332407664288e-01
2.515194605236299452e-01
3.924603577953847955e-01
1.773713915439290856e-01
2.006801641794598301e-01
2.737348758476061406e-01
2.442201426307359924e-01
1.876184793395520856e-01
1.704678531693151200e-01
2.777964624520876669e-01
2.250298134418437512e-01
2.328626891855218872e-01
1.833888325041776457e-01
2.147275659682903182e-01
3.673015175559298240e-01
2.112203174025539809e-01
2.684125307388217641e-01
2.431045028521376383e-01
2.252295717467623637e-01
2.652093136345332614e-01
4.145915042651918125e-01
3.504980814521134747e-01
2.449710963609246506e-01
2.071049321067589544e-01
2.788935117817675224e-01
2.477422919229477771e-01
2.012236279448960941e-01
2.377288650302711304e-01
2.199336143798742427e-01
6.500319038253028481e-01
2.078860465453287176e-01
6.067700132291254933e-01
2.046675015928842711e-01
2.047631502110352220e-01
2.268823312358475286e-01
2.161249737008181515e-01
3.828248741511456332e-01
2.585755445979885936e-01
5.194203192844291106e-01
2.524987139408700898e-01
3.109554235819959045e-01
3.865620169319876620e-01
2.235272603247964451e-01
2.373462674183590693e-01
2.161055640769653508e-01
3.261527399981854480e-01
4.171519273833235175e-01
2.699530399252845214e-01
2.514202975194952394e-01
4.490303114604019541e-01
4.277508503128385486e-01
2.489151313680016964e-01
2.281783217457977742e-01
2.668241474240122812e-01
3.544646458133593470e-01
2.216018841824718977e-01
2.399215633917068935e-01
4.076250285935952844e-01
3.750678008197851909e-01
2.651629878111094740e-01
3.622733380654086788e-01
4.984821588342117082e-01
2.512254630045677728e-01
2.260846192378584973e-01
5.916280928643840031e-01
2.507714604394541968e-01
2.790995543214861430e-01
3.285354913004659427e-01
2.864279873643997831e-01
2.271908862397040707e-01
3.424614068479652218e-01
2.865999545092714484e-01
2.504871104305662621e-01
2.583007289604887236e-01
4.632310190457333832e-01
1.881261696084806090e-01
2.363245945013066063e-01
2.375973591161856802e-01
4.133201904391621828e-01
2.831464062845490681e-01
1.906873330658785393e-01
2.246739261914229846e-01
2.043798557553236361e-01
3.613341610390163883e-01
2.665148997591989533e-01
3.222903043854000171e-01
2.386260516598106562e-01
1.046558850037825561e+00
1.767671781689149069e-01
2.455383008483142393e-01
2.840553628663654573e-01
3.752719747051115329e-01
2.532336496067827958e-01
3.879317044338405074e-01
4.655169586410822236e-01
2.903796409841872261e-01
2.227183070363045470e-01
2.629221251275648541e-01
2.987325396380155484e-01
1.917612493306960764e-01
2.315116565010884031e-01
2.839833337418840031e-01
4.013203459843660559e-01
2.333590492143347017e-01
1.958019384687497144e-01
2.601586898403189796e-01
2.387004167939134058e-01
2.478284669519759120e-01
4.631276207875871798e-01
7.305056896914381426e-01
3.168533507841742036e-01
2.832397992079366822e-01
2.668124040142977882e-01
3.555512821875170815e-01
3.038455265307968833e-01
2.486116635240680495e-01
1.997532885675982472e-01
4.983526782991380966e-01
2.125612325781807144e-01
2.618002518205075901e-01
2.453438713180160491e-01
2.704524262895559028e-01
3.134869452571233950e-01
2.229555057500656190e-01
2.532446481600771904e-01
3.494280054107523625e-01
2.002463224572483269e-01
2.998789105144599176e-01
3.634373541601121360e-01
4.733190653838476036e-01
2.276464739934409565e-01
2.690821723161027634e-01
2.594538164059888574e-01
2.810147253438872172e-01
2.375272895368854276e-01
2.733768857335838742e-01
2.346515934375216217e-01
3.030962712603202380e-01
1.879650814207334542e-01
2.844607430558721006e-01
4.132570805193658270e-01
3.187126401249695817e-01
2.129756125468516004e-01
2.826057882576798463e-01
2.864454475795720212e-01
2.808021269030570033e-01
4.444269937273075399e-01
4.045287728776091885e-01
3.396539779667245296e-01
2.925592885663756415e-01
2.352157566809403022e-01
4.631084133477484377e-01
3.564094160607371720e-01
2.329678953979234246e-01
2.466575367166826960e-01
3.037819489678339480e-01
3.264495194204029005e-01
2.156973974087510182e-01
5.201871259802435254e-01
2.430102713092798516e-01
2.825503702810556739e-01
3.001263938392129127e-01
3.156133405738872355e-01
6.531070852750855416e-01
2.949622987672508856e-01
4.185740944405330066e-01
2.617455241733792071e-01
1.771228202815872677e-01
2.736644784246252682e-01
2.418203244134033980e-01
2.690114317574612279e-01
2.046526929681588558e-01
2.222927369650385121e-01
2.604784408786127159e-01
2.419322235520066922e-01
2.075743285366046242e-01
1.987247260216364331e-01
2.415124593267270470e-01
2.901503753719563150e-01
3.060154596765417567e-01
1.992645531950585081e-01
2.525835515232532913e-01
2.961725110884083634e-01
3.119943562557265793e-01
2.805332874827406453e-01
7.190363170076565780e-01
2.347005336673884113e-01
2.805097282731335295e-01
2.000332688720410368e-01
2.318124777766016886e-01
2.258328674158724958e-01
4.268992987911293113e-01
4.207274886763109900e-01
2.994471628477844982e-01
4.261331624449027911e-01
6.917743419319508646e-01
1.572015333762923628e-01
2.384212674964607814e-01
4.504724808836462202e-01
2.056632246591520996e-01
3.855494293757940616e-01
9.901010232598395078e-01
1.667111293845042752e-01
2.541348885766622767e-01
2.128402073452563270e-01
3.286553338358544352e-01
2.343980550953776998e-01
4.091654596080660511e-01
2.865963390790220999e-01
2.365643553623185125e-01
3.879411473969231472e-01
4.006456197844536216e-01
4.435736958267293417e-01
3.903832419685651089e-01
3.085491553379657859e-01
6.949062426408931792e-01
2.960904734711959918e-01
2.583212677093760234e-01
3.452851680514347210e-01
3.134057627324056128e-01
2.247382718347911146e-01
2.080365759715824825e-01
3.772204225052555038e-01
2.861542754490926654e-01
2.657252954262422917e-01
1.952208070898366898e-01
4.595600572519387139e-01
4.180870342393336325e-01
3.242340413400635057e-01
2.734145743119750782e-01
4.362224497696244319e-01
3.312506381513523057e-01
1.816671599514723401e-01
2.982394823796732930e-01
3.020439884805812270e-01
3.181368848215989087e-01
4.440620843246141924e-01
2.446760010394264384e-01
2.024336523147041988e-01
2.319503836433006727e-01
1.014695436872778300e+00
3.217830420632943333e-01
2.399776831850046199e-01
2.309261754593001092e-01
2.934377649196138194e-01
2.379753095120644701e-01
2.393930139642466703e-01
2.810895763900351230e-01
3.311474391169210163e-01
2.324587801116172470e-01
2.082294592847932502e-01
2.118578682526006673e-01
2.518395569432234637e-01
2.307126557088572116e-01
2.995742412780142416e-01
2.024696917470562851e-01
7.129796467361745327e-01
2.594247475589795959e-01
2.844172019733646195e-01
2.063149317917816195e-01
2.791118220861346089e-01
2.642359616219024931e-01
2.752628637428934377e-01
2.267549984804472507e-01
2.677115154984816559e-01
3.174285193663128335e-01
2.080419998246312574e-01
2.407795445905422937e-01
2.630899966094795150e-01
1.914820145309847066e-01
3.115051905043002556e-01
2.845298047587112578e-01
4.274713268029368685e-01
3.454598360124228051e-01
2.700317020512272848e-01
1.819285854805959279e-01
2.027460024733589439e-01
3.182934661989919034e-01
4.139826229326084572e-01
3.362830165413644989e-01
3.447981881474344590e-01
3.024221598137559752e-01
2.677240734783182807e-01
2.602700241596501152e-01
3.883599257070759481e-01
2.390145800018145250e-01
4.885964087220512897e-01
1.776951700907044018e-01
3.677884769998760461e-01
2.593586591999361701e-01
2.413434657199440281e-01
3.787570241669353521e-01
2.296482950174562887e-01
4.592233585353802661e-01
1.753742186917456591e-01
2.134981502528909281e-01
3.755038327213631733e-01
2.741755507453971785e-01
2.820230099643680766e-01
2.618087183204726998e-01
1.632527542604913506e-01
9.923187032757159187e-01
1.966893774224276192e-01
3.099511573566591238e-01
3.298221437185445137e-01
3.041289216077802671e-01
2.469149001974881297e-01
2.524939046835283918e-01
2.525550388248120059e-01
2.854865270533442634e-01
2.542824426301060758e-01
2.117577369753639582e-01
2.658015543647788137e-01
3.582683199722823120e-01
2.292653852452053442e-01
2.436219923169069546e-01
2.187431153268359907e-01
4.123987805063524803e-01
2.020137145377400856e-01
3.179591851844312811e-01
2.898341952612585870e-01
1.969143380918982333e-01
3.481262109890832512e-01
2.505444517725958775e-01
2.565733372036955728e-01
2.096181706973068160e-01
2.531713121526117383e-01
6.677243681873709091e-01
4.096607954756552039e-01
2.618237749482656418e-01
6.882144297479081407e-01
1.900854644705590457e-01
2.992596454513724580e-01
2.803223519731694591e-01
3.203506103376709269e-01
3.559088490752762013e-01
2.219312070310239804e-01
2.831143302938770590e-01
1.658600518413222424e-01
2.254048386552265637e-01
2.774921465469557535e-01
3.828965636021184338e-01
2.388631007062365086e-01
3.423072588923439241e-01
3.040494264142656888e-01
2.820335402219912857e-01
2.959157947555711154e-01
3.728049187794127972e-01
1.733855046771330122e-01
2.182970199191656135e-01
2.987105663178262760e-01
2.744583270086409232e-01
4.412078180085350354e-01
2.907726246952238025e-01
1.738639893336619835e-01
2.130426119616464220e-01
2.869614058244829291e-01
2.722456477781173279e-01
2.173036678830024826e-01
2.652642455071603234e-01
2.475767569466039708e-01
2.718159697629043414e-01
4.419057892484170580e-01
2.191403224836731556e-01
2.759753984951168193e-01
4.162615620188280241e-01
2.707212433811772012e-01
3.386581764065590416e-01
4.924319460245361046e-01
3.025178528187382199e-01
2.300416845593832860e-01
2.343480264563453930e-01
3.912997506588123398e-01
1.905375082899567474e-01
3.749565806371928933e-01
2.078421651021357675e-01
2.269711172566367674e-01
2.888268983378639021e-01
2.460582637299284781e-01
2.151257862585467251e-01
2.052728648090400843e-01
2.451062455079409119e-01
2.537636682263964549e-01
2.895929241432927959e-01
1.964031925986249316e-01
1.788135228825722678e-01
2.689343289653303160e-01
3.569150306790271898e-01
4.311574517054993505e-01
2.416004323570910550e-01
2.160972662203775874e-01
2.749478253851007636e-01
2.705448607708700326e-01
7.030427358787895153e-01
6.889790713323049598e-01
2.845521062659885914e-01
4.235488551361067944e-01
7.103899101433830410e-01
2.284953553553630001e-01
3.473390069676406955e-01
3.392358123795335967e-01
2.979931614191748679e-01
2.348391798257395691e-01
2.825927505632060965e-01
3.256020501868439609e-01
4.011053553215973566e-01
2.529183878003948283e-01
2.403393315459308732e-01
2.529877716240828689e-01
2.301059516979675479e-01
6.970887508997167803e-01
6.508131707564164259e-01
2.934578307507266781e-01
4.140347796602847907e-01
2.599352822261276619e-01
2.742578074353643203e-01
2.884196811794950688e-01
2.415594251424671157e-01
2.315120179778988874e-01
1.975205868850826718e-01
2.272464399840517235e-01
3.246527393526328353e-01
4.085255848305771598e-01
2.689630272350350126e-01
2.329140592060969794e-01
2.533565270081377108e-01
7.491227674603546660e-01
6.588971127359277702e-01
4.520767811638777278e-01
2.761559848789409966e-01
2.314444006049010127e-01
3.420480260385527771e-01
2.318171399377483011e-01
6.836395098658076819e-01
3.552633161504985537e-01
2.618059216926900690e-01
2.184691923487900311e-01
2.245115136234647757e-01
6.381245299806153071e-01
2.714526727412631124e-01
2.911054307947500419e-01
3.503880282332816898e-01
2.497986837867441079e-01
4.625422876669311179e-01
2.384782425809452988e-01
2.895724237992594596e-01
2.483247016406302521e-01
3.200985934839950531e-01
2.390821973842189863e-01
2.663456228289458050e-01
2.036712071774892385e-01
2.353441796127713204e-01
3.581781566553964291e-01
1.991743031669930275e-01
2.265474216615191994e-01
3.972828569967361001e-01
3.621642605899495493e-01
2.596710202843732773e-01
2.674021901855743732e-01
1.955002335717039852e-01
5.081883433490322899e-01
2.125734355427152666e-01
2.848489265023028683e-01
2.888861320678463573e-01
2.736572641512993731e-01
2.382193741720762814e-01
2.331344999901627801e-01
2.564993406966484812e-01
3.488266373231425632e-01
2.762403310260939659e-01
2.188250153061256364e-01
4.603008647204571147e-01
3.684375961350122575e-01
2.479090762904903045e-01
6.737610352467705566e-01
2.291328165753179213e-01
6.751015618411696506e-01
2.402399253886153829e-01
2.609034544548834988e-01
2.876645020682326859e-01
2.712753137549280824e-01
2.942032366768155827e-01
2.753097370090150653e-01
3.122423427214799929e-01
2.041911620727862309e-01
2.760351908757261996e-01
3.209209241652679623e-01
5.587002827297247176e-01
3.944798023460664993e-01
6.679379810964745090e-01
6.628055685726843560e-01
4.247847107927444910e-01
2.317824342404844751e-01
1.786057104601557199e-01
2.426629966124057292e-01
2.547471289774262959e-01
2.651772628339612026e-01
2.277854292425169902e-01
3.307206688463500965e-01
2.574023417341936848e-01
2.527823173943682944e-01
3.224274067597889815e-01
2.273338435483953646e-01
3.175345600534376644e-01
4.053271054321996303e-01
2.829297499439373809e-01
2.005577343532954915e-01
2.374212888969609025e-01
2.102074630801604727e-01
2.547312910864385493e-01
1.009537927145846448e+00
4.110421508733699270e-01
4.349809228260020366e-01
2.616554213846187804e-01
1.849732718479124571e-01
3.137211813464668153e-01
3.747751970753919748e-01
4.104257691950534692e-01
2.642080978213122155e-01
3.172950589523879095e-01
2.423063034052368170e-01
2.857908783596631030e-01
2.269248936975541142e-01
3.885444494704864971e-01
2.837993589942129358e-01
2.362693272919171306e-01
2.162663986510699188e-01
4.429537353795356402e-01
2.282089681542149862e-01
2.611002659899135936e-01
2.409016946869098064e-01
2.380958432175201145e-01
2.783283210384429052e-01
4.280962674977766835e-01
3.956791553935380401e-01
7.025705147985359389e-01
2.518009950199546765e-01
2.267825875422987691e-01
3.714081443730137821e-01
2.303734550912747703e-01
3.151193673338658630e-01
2.002559583603150672e-01
2.671639492452207443e-01
2.859551859761670367e-01
2.532354489505941331e-01
3.882987315204831091e-01
4.112351469760059386e-01
1.637308908366228999e-01
2.333285864206741111e-01
2.830527902908660520e-01
3.635361947789430559e-01
2.440769074356040069e-01
2.477179321166287085e-01
6.137472513998224466e-01
4.391338504067229254e-01
4.793265883491999446e-01
2.345559969472352790e-01
2.392702800677306840e-01
1.972020326217585051e-01
2.918010825876891090e-01
2.901992796993580481e-01
2.664484002997866696e-01
3.393202760144192198e-01
3.836439623557819090e-01
3.132633432740608015e-01
3.271281399936419865e-01
2.360077941610327912e-01
3.372113496871631533e-01
3.157196676847247030e-01
4.316213440582207239e-01
2.467636017414316651e-01
2.547980212743237161e-01
3.937666240663121875e-01
2.305693134840753611e-01
6.148039692737494732e-01
2.859577593445923327e-01
1.880439923564329596e-01
3.036271171958730974e-01
2.583559662256872391e-01
2.282341462754368666e-01
2.397667664744150273e-01
2.855165987914604631e-01
2.666846978788430800e-01
2.773906457136448012e-01
4.256514398294770074e-01
2.260591028539039316e-01
3.847771531975148207e-01
2.570034806748459077e-01
3.341481508157819746e-01
2.708502948704552549e-01
6.567010804560977633e-01
2.548111766812928281e-01
2.473623007912264526e-01
2.347289552377231914e-01
3.247672453924896341e-01
2.511590156823002573e-01
4.010408097180957476e-01
5.000479164761979511e-01
2.757530987481695561e-01
2.353196704259034877e-01
2.275982801864277483e-01
2.703212360316777918e-01
2.630904471853171556e-01
3.396699595976445663e-01
2.068145513867474250e-01
3.880469417238849306e-01
2.332842781803704801e-01
2.400952108830222420e-01
2.438793429503773869e-01
2.355158208047667401e-01
2.365393211046348532e-01
2.658267571412196162e-01
3.267326432827360461e-01
3.116655350344235131e-01
2.913700496371784965e-01
1.955670751448346234e-01
2.006024395226502222e-01
2.662118956424108784e-01
2.246676424643204439e-01
3.414299842756034487e-01
2.097780822951031965e-01
2.860292068060790172e-01
3.179359499448784487e-01
2.369211937922685862e-01
2.191020067137495753e-01
3.404579041576171750e-01
2.489507496321609892e-01
2.464543412694629454e-01
2.255436612459557066e-01
2.367050172903364946e-01
4.247398264173953830e-01
1.705425864339966679e-01
2.370497334418164570e-01
3.189439790119363849e-01
2.421029350588936313e-01
2.104596632228323827e-01
2.814694534246947044e-01
2.445247971360847428e-01
3.963977220172370530e-01
2.313188896929390392e-01
2.335808669139638472e-01
2.583830587880564522e-01
2.865339888855966688e-01
2.579012878215474758e-01
2.092283641154048524e-01
1.975404672385518978e-01
2.374516772531415632e-01
2.351697399469001581e-01
2.455424370964867931e-01
2.426259949586039022e-01
2.122345219421272189e-01
3.003945140982886564e-01
2.696334911638370579e-01
2.760780818937179637e-01
2.548895453429131375e-01
2.875519987104079300e-01
3.634978934895887193e-01
2.242488512648250776e-01
2.371760247244623088e-01
2.285520620989217044e-01
2.777831184168415013e-01
2.305276877185440387e-01
3.128867776269464995e-01
2.884628592346958342e-01
2.796980732070551978e-01
2.064094256470838662e-01
2.688140795259424953e-01
2.563468577320622277e-01
2.504701307495462714e-01
3.503411684098676204e-01
2.552204024386819925e-01
3.746657588648247272e-01
3.739971876314050481e-01
3.711629394412764293e-01
3.107127602529576316e-01
3.971364886439689990e-01
2.651831051301475339e-01
2.421089271687925093e-01
3.373839934920367378e-01
4.698471716871127635e-01
3.646671986127971721e-01
2.239671299512873970e-01
1.055316550891534533e+00
3.226389392262668521e-01
2.546315092208368824e-01
4.291768272720952737e-01
2.386396086464733501e-01
3.063126930905566425e-01
2.350285110047023451e-01
3.057316195085677535e-01
2.526251019181753321e-01
2.696322686828940829e-01
3.034864484695773967e-01
2.890894828946066752e-01
1.695398657142437315e-01
3.124323113887155223e-01
1.997306970852461006e-01
6.691785222208197492e-01
3.138767220692784687e-01
2.644131376142029310e-01
2.547738494736329073e-01
2.669733947265071627e-01
2.723027417999256961e-01
2.583805428320875008e-01
3.949468212250978882e-01
2.042894065606466469e-01
4.393708338729603868e-01
2.081839292337085423e-01
2.213273368902033411e-01
6.630751931764766738e-01
3.333160155199270669e-01
2.538248088622063747e-01
2.328531481308641904e-01
3.005648866007781805e-01
2.732801438987831344e-01
3.412171856544177206e-01
2.828258080670815189e-01
3.486558938656450501e-01
3.463054025006424008e-01
2.867498349825041704e-01
2.635201453624360646e-01
1.950459853745263317e-01
2.494469347166611561e-01
6.792254801653644369e-01
2.371882578017323606e-01
2.514058927099974694e-01
2.093346767437827827e-01
4.022985234291316381e-01
3.843721607626055525e-01
3.119561452669765700e-01
3.364338814452588755e-01
2.619962372746792445e-01
2.089568172376827793e-01
2.855881227149428270e-01
2.509374636046827756e-01
2.353791025366331890e-01
3.348845697201687788e-01
2.074134307555857148e-01
4.255776607059462147e-01
4.803197462480639501e-01
2.365835290231165788e-01
7.267477541215371373e-01
2.378362039009214723e-01
2.833405157341506442e-01
2.436432165414645912e-01
2.761413131995285042e-01
3.160512261456709382e-01
2.566260079989142184e-01
3.521769747287377683e-01
3.867498136121232388e-01
2.151991395386613770e-01
1.649409450186943571e-01
2.246909802121804245e-01
1.859010777979401563e-01
2.220898071323030021e-01
2.169930462715586872e-01
2.770430126150089101e-01
4.677842228013869286e-01
2.429819870917979685e-01
2.736350719016985567e-01
2.541629526347643497e-01
4.229883647645779066e-01
6.844707775992947552e-01
2.534572401362120142e-01
2.418898408069881656e-01
3.038490709040244098e-01
4.514647408891894198e-01
1.460339254226888372e-01
1.831785154314860276e-01
3.210192620741182945e-01
2.497949239890502326e-01
2.496723920094951199e-01
2.038720008890562985e-01
6.520177571373408920e-01
7.255406429316764161e-01
2.066099770312415373e-01
2.652098977960613002e-01
2.486947277455080207e-01
2.148498202629012255e-01
2.540981797200266845e-01
2.788855995775864627e-01
2.141114139066565836e-01
2.236295115891445695e-01
1.942586237207976629e-01
4.477694889214287599e-01
2.447150964543177432e-01
3.900821322685752435e-01
2.772047128785316561e-01
2.357048127455305675e-01
3.563214089554032071e-01
2.742670491680525013e-01
2.683579457712919059e-01
2.205895824621311452e-01
1.968718826950215661e-01
1.844216656771146268e-01
2.354153242292678916e-01
2.593820707728422548e-01
5.648676644810937120e-01
2.972978954679694752e-01
2.709654493527743346e-01
3.693688214663198299e-01
9.472480817336934589e-01
2.030238434188173791e-01
2.585809200453814682e-01
2.315096976304396037e-01
7.177526759707255621e-01
3.009102886992653936e-01
2.389302387860623988e-01
4.159589816187940770e-01
2.472772710052764111e-01
2.957973376648090347e-01
3.133961726189113395e-01
2.694472141264719345e-01
3.089590886734008279e-01
2.568079445730146460e-01
4.291078644917495355e-01
1.803192595823100153e-01
2.298681859918911552e-01
2.615288290120245662e-01
1.750583444672523525e-01
4.274125475514862771e-01
2.474201475588140298e-01
2.745038646493938028e-01
2.575137603464767722e-01
4.075991980593443031e-01
2.882399171769138846e-01
2.945347166105305448e-01
2.449121809453420895e-01
2.307754317650471121e-01
1.932937566596564238e-01
4.174371257345743658e-01
2.327371372840936203e-01
2.864685292434563380e-01
2.626668703488122536e-01
4.393778841521519540e-01
2.379480257093486983e-01
2.214868268463826007e-01
2.312415801973761731e-01
4.037540927931582702e-01
2.110359410025948179e-01
3.551184855775928462e-01
3.560519556318690881e-01
2.136259269890055656e-01
1.918649709955966287e-01
2.073489762527112035e-01
1.694403177332146626e-01
2.744270622512773317e-01
2.923531178891484728e-01
2.856052946125000602e-01
3.624399600639841013e-01
2.506362389121912781e-01
6.604543454096252209e-01
2.603878181230155353e-01
2.654733114601618982e-01
2.286832745627381536e-01
2.728229982741880999e-01
2.385370935288330385e-01
2.649755599483025748e-01
2.516549500980599374e-01
2.219902131660608791e-01
3.028018270104605447e-01
2.618556884368568038e-01
2.524013204205411975e-01
2.992304887461179064e-01
2.181561991457998395e-01
2.204069182448185893e-01
2.509492807312447282e-01
2.243117359332709171e-01
2.664679171701187510e-01
2.939491054688838645e-01
4.265591326624251778e-01
2.341010477678323320e-01
2.010179563645176359e-01
2.391000134844896152e-01
6.760971076673811808e-01
6.625780376367345070e-01
4.024166454105089774e-01
2.484398560394709965e-01
2.175043395218976272e-01
4.510380521514454344e-01
4.126949400887068298e-01
1.015888595980367626e+00
5.645984368871053150e-01
2.913596362773671622e-01
2.809979344808704038e-01
3.450703946561815560e-01
2.706424705184843349e-01
2.244427764053005814e-01
3.093569257169264120e-01
1.715299846791618066e-01
1.839424028707137559e-01
3.453675232444455290e-01
1.617068810496812281e-01
2.616525131734039888e-01
4.000389181646196168e-01
2.984904925629212613e-01
3.120768126529868125e-01
4.323832939654170815e-01
4.390478178282504751e-01
2.933734740286073617e-01
3.665128715403621062e-01
2.559771496128071533e-01
2.388580569641629847e-01
2.385548222742580604e-01
3.148858025213678857e-01
2.435875715431544408e-01
2.214607358266179327e-01
2.516821487703122529e-01
3.395797897923097386e-01
1.781901346603600444e-01
2.745855520684881146e-01
5.999722204960403760e-01
4.546282561151864243e-01
2.353718788213417790e-01
2.629443293089080425e-01
2.143833648265358605e-01
3.303894980821775462e-01
2.352672697985480621e-01
2.951265937064003753e-01
2.189022561024716040e-01
3.919563835530084361e-01
2.369274844821084580e-01
2.272919491482998655e-01
6.909761830441253361e-01
2.380121297818371673e-01
2.065015980505702231e-01
1.972958902004142701e-01
4.430020220195700631e-01
3.866906990503089503e-01
2.379961519028783445e-01
2.316998588207725418e-01
2.871531445919588421e-01
6.715173624124175511e-01
3.054128981969315149e-01
2.465872493728389903e-01
2.443800466851211439e-01
2.861674031503007032e-01
1.938011191502138075e-01
2.119749612903712166e-01
2.316360595502887088e-01
1.990996979326862260e-01
2.497457910159450734e-01
2.189747299289217242e-01
3.413517337505968530e-01
1.997587796301794616e-01
3.435143984887130131e-01
3.859471062725821078e-01
2.549418816834227997e-01
2.561164551593512195e-01
2.948829421494517100e-01
3.987819994119504718e-01
3.496135186022134578e-01
6.920301999012506977e-01
3.022818789330808942e-01
6.300489104473260271e-01
2.051908710228143307e-01
2.505060756575518965e-01
6.482724608678681610e-01
2.265028717304936046e-01
2.760473236948746134e-01
2.883854340330493926e-01
3.157275587598102895e-01
3.046669601668980931e-01
2.650898633471205912e-01
1.740294238176511854e-01
1.848851627232101225e-01
2.388148763477624392e-01
2.778881575362390777e-01
7.458412056912292476e-01
3.524163051428647053e-01
2.368798769106773283e-01
3.555060707024972899e-01
4.119304880179193162e-01
2.130366530049622176e-01
2.979461718417930616e-01
2.269764229870183392e-01
5.538352817653161564e-01
1.978362641269821864e-01
2.355221333518652260e-01
2.062635168124860030e-01
7.299272513354662095e-01
3.601884517934532681e-01
2.349131950994238494e-01
2.222863983258316911e-01
2.606088309995193142e-01
2.648602058867410292e-01
2.552957382058007041e-01
3.751369339510934320e-01
4.538714001971193013e-01
4.446547159264246929e-01
2.301632806045184887e-01
2.706408342534682987e-01
2.184777365588724263e-01
1.054586724319617197e+00
2.567139935095152370e-01
3.042105185970740422e-01
4.109354801146034575e-01
3.521987931850811271e-01
2.186764370650560729e-01
3.154171437926145405e-01
2.424427845088935884e-01
3.467622658135240954e-01
2.519829964604676786e-01
3.696668618124130390e-01
2.718237147365238915e-01
2.773021890482940677e-01
2.772588022303303923e-01
7.129474988770834187e-01
3.482932369998780753e-01
2.214673168368198886e-01
2.713499028662872958e-01
2.908267745823849282e-01
3.744801862737915377e-01
2.240774970693643897e-01
2.890775376005040864e-01
3.870921524495356536e-01
2.681440464946533986e-01
2.362925143215424406e-01
3.948889557418926444e-01
2.161014198214204485e-01
1.446796877245519752e-01
2.489070883993636241e-01
3.926774094944104343e-01
2.039621893778447992e-01
2.821244305633838767e-01
2.454269947118297712e-01
2.957905199820653475e-01
2.140190277376516348e-01
3.399388659659399736e-01
4.413984139383870797e-01
4.005990820209127667e-01
2.164341172921284695e-01
3.016617855953097060e-01
2.429147665775706344e-01
3.108519139128693709e-01
3.857309279768310617e-01
3.886804439711996073e-01
2.457410083676657142e-01
1.782897180080193211e-01
2.922065574459340453e-01
1.637716102499499893e-01
3.641981264713827215e-01
2.847377538842905675e-01
2.351522138935230599e-01
1.654143216959385043e-01
7.376459048577622690e-01
1.982953328420489214e-01
2.377229980597875547e-01
1.679940604106623936e-01
3.782723262515332863e-01
2.135625371780083825e-01
2.602961652375714863e-01
2.163929270862965382e-01
2.336002402530770183e-01
2.760191647034684337e-01
2.539981493304219740e-01
2.915522134108821106e-01
4.063173396276116289e-01
2.192692146233627959e-01
1.717678890320645524e-01
2.722901194086169707e-01
3.978125947973683019e-01
2.479350241986911785e-01
2.253637922341632238e-01
2.793752916236922346e-01
2.983258527978138730e-01
2.820088421708337734e-01
2.003984334187886296e-01
2.116383273830901857e-01
2.995440799049060021e-01
2.256404140175654049e-01
2.423143256436876836e-01
2.221385276733766068e-01
2.870962426468898765e-01
2.752196595727397499e-01
2.500157758837771027e-01
6.973675387013615889e-01
2.671228574222377361e-01
3.916480889960783363e-01
3.715842671763511240e-01
3.375516046435810269e-01
4.366863358045787180e-01
3.369953898404762782e-01
2.649816458204124481e-01
4.754644612281022087e-01
2.970384518292782938e-01
4.434907191383548053e-01
3.949433175843010124e-01
2.006069160488074266e-01
2.206566697616305639e-01
3.015623558687580141e-01
3.366966183994080652e-01
3.100372097805558225e-01
6.683008774870424773e-01
3.757337536068767747e-01
3.343570569898986489e-01
3.428718654029249691e-01
4.413519806274607826e-01
2.376786161004913467e-01
2.663739551017370033e-01
2.804886740402369738e-01
2.770665259573357186e-01
3.339193364745559056e-01
2.218351825651705411e-01
2.088382597874281765e-01
2.825444000791755284e-01
1.648227225511839367e-01
3.056816332062470831e-01
2.551528911448791570e-01
2.782266699977915536e-01
2.447139309276283592e-01
2.700102416596664168e-01
4.006901155290051308e-01
4.194984607853369241e-01
2.758962288635763427e-01
2.917001572352408978e-01
2.863047694185810732e-01
2.143349973752170512e-01
4.396043548305943460e-01
2.261057270223675586e-01
1.979834822327033450e-01
2.382894735431255462e-01
2.092954773024953141e-01
2.910993922427236313e-01
4.322719851991783102e-01
6.911873689291095912e-01
3.065394984260600419e-01
2.869858739079464982e-01
6.407559775112965372e-01
1.845948361349444289e-01
3.348245632663129356e-01
3.532656748566589400e-01
2.650622404175176916e-01
4.227549200888097158e-01
3.018318266935758887e-01
3.135214293291523902e-01
2.334218490993764661e-01
3.983442801110729237e-01
2.851639203291232438e-01
2.986289585126255530e-01
2.850426260907926723e-01
3.032116825380170022e-01
2.549650962962193290e-01
2.102864157201853601e-01
3.781424427011693123e-01
4.061050044842939855e-01
6.588004699781393469e-01
2.193708061302448442e-01
2.180042469702385688e-01
2.644500556478442399e-01
2.495585030143595284e-01
2.402985297156153277e-01
2.385670294170389727e-01
2.388935613889849041e-01
6.825356235252857395e-01
2.728025154387462292e-01
3.028276118731314526e-01
2.098435486713281506e-01
4.464661946943948578e-01
3.249549583557810317e-01
2.659349287166019038e-01
2.695281858612396109e-01
2.443177265770650475e-01
2.300569087382534628e-01
3.166956394538358310e-01
6.616134756364471237e-01
3.461931339858548284e-01
2.726593111075736875e-01
2.362400361300813212e-01
4.549483317282080330e-01
4.146001545434477853e-01
2.189879237804837619e-01
4.248892478951608598e-01
2.950590315189067780e-01
2.465803569901281189e-01
2.636827580392430148e-01
3.216932114395299469e-01
2.372012357498377855e-01
2.614008560232926603e-01
4.369650984553480888e-01
2.695834660323992438e-01
4.525309746292987545e-01
2.364094785484702754e-01
4.064611137632072602e-01
2.539004754065878333e-01
2.352365795851909525e-01
2.145075128872280246e-01
2.173302763541582472e-01
2.703300879969718906e-01
2.245281397482802310e-01
3.123268929439609876e-01
2.625926048586918471e-01
1.721147170324570375e-01
2.359071714449632040e-01
2.620959914059843854e-01
3.524068775128770259e-01
3.003666441162922696e-01
2.492829405035955903e-01
2.956055593064736420e-01
4.007655196041746137e-01
4.027076830312097400e-01
2.749388591096053602e-01
3.786519113068281817e-01
2.266293058108859171e-01
2.159788000621177817e-01
2.773003965395728354e-01
2.676584652880928950e-01
2.927607801681313404e-01
3.485665667526980371e-01
2.947596224875924653e-01
3.301969074587291497e-01
2.828797786703980410e-01
2.300547508418709641e-01
3.135762021662016896e-01
2.298329698589151870e-01
2.202312494178252922e-01
2.504099867300808580e-01
2.130139273393782673e-01
2.096307964137600899e-01
2.486160579745158583e-01
2.457256267023695540e-01
3.007968259409602996e-01
2.028259927003895624e-01
2.417734786319614970e-01
2.386349842579055247e-01
2.947236445677825500e-01
4.272229914633337566e-01
2.905783141483588849e-01
4.882289084072516938e-01
4.603617093170748187e-01
2.429075135295151178e-01
2.403826287936526862e-01
2.514774926896772844e-01
2.179239831592922616e-01
3.107110444303554653e-01
2.927419526294785523e-01
4.089839928203666819e-01
2.099656836491295697e-01
2.108365929199229050e-01
3.585184728491688233e-01
2.725919212459740337e-01
2.537132642209472544e-01
3.442795504718771937e-01
3.255324486417192631e-01
2.857330246780209748e-01
3.157420164549551433e-01
4.246219312190451234e-01
2.283283097014930652e-01
2.750571258815613374e-01
2.690136441343761731e-01
2.768581990850034202e-01
6.080012055706570662e-01
3.201054251172976706e-01
2.094780281049438697e-01
2.934513897981668173e-01
3.235033956240966901e-01
2.484690995343770692e-01
2.849811283984717836e-01
2.193259295124130315e-01
2.744112585007751903e-01
5.215906447586639016e-01
2.883533922870418209e-01
2.636322829770458842e-01
2.715819442530502670e-01
2.508358606912534094e-01
3.974580648913796921e-01
1.807708248944939200e-01
4.042095723162432708e-01
2.886204054223180937e-01
2.175617145230930305e-01
2.588183916701770060e-01
3.161340571192648996e-01
3.253550706018924488e-01
2.475812347031817462e-01
3.045441890874291957e-01
3.171029577925990606e-01
3.031419802107666595e-01
2.424147909563649783e-01
2.222066873115772778e-01
6.792901231301049503e-01
2.710185904846537097e-01
2.302654112375533135e-01
6.660126556933558817e-01
1.987010766645767035e-01
4.079328353104099136e-01
4.026711903025421702e-01
2.245009690165407079e-01
2.800398943913149918e-01
3.172318877500583945e-01
2.959934135541839595e-01
2.790260249316200980e-01
2.501871025589387787e-01
4.242133508074275028e-01
2.539105437258741271e-01
2.069246485212801190e-01
3.327253434511211472e-01
1.740852713761142923e-01
2.487581668641557220e-01
2.327382354693290356e-01
2.432201096379044136e-01
4.140349282134903608e-01
2.979654132373399378e-01
2.331207427614762073e-01
6.198907059541478581e-01
2.679969730121012361e-01
2.982346556553130967e-01
3.293271045917398610e-01
2.419970262712541897e-01
1.987499130090198685e-01
2.128873220719182946e-01
2.093941234197475854e-01
2.993994065597211374e-01
2.686376370795653390e-01
2.378714281604656366e-01
2.675706641849977530e-01
2.646520095610027656e-01
2.733593969406661883e-01
3.916724895467146306e-01
3.813753780470737209e-01
2.412710896823866136e-01
3.805882107572156059e-01
4.115200227899791230e-01
1.918810243045987463e-01
2.412899596541283886e-01
2.647322635617390119e-01
1.057250646805144356e+00
2.472719943810455234e-01
2.528951975198052149e-01
3.726594108319143950e-01
3.270766394225059770e-01
2.079118808418529696e-01
3.194995195268468535e-01
2.855432189826508926e-01
2.554084172552488208e-01
3.089376137728280791e-01
1.371043756286969284e-01
2.400248584365449744e-01
2.684377140995349853e-01
2.220390273203323162e-01
2.774543085310438584e-01
3.621957385195650470e-01
2.962025028810570393e-01
1.855123931822980909e-01
3.485987707820810688e-01
2.549845321495807227e-01
2.473511250688469332e-01
1.527003964018060489e-01
2.452554601675682733e-01
2.732501121121176380e-01
2.219169748532413833e-01
2.796810335178410156e-01
2.406405364982194539e-01
1.976730814507661194e-01
3.277044860072916843e-01
3.286259669642690451e-01
2.458210436828332235e-01
2.352531323386558848e-01
2.148075894910217443e-01
2.344863963320429345e-01
4.054568969647357468e-01
2.071018573869978230e-01
2.450152133780670316e-01
2.140388656039873549e-01
1.011188310501820453e+00
4.319958996466565782e-01
2.168511868273680365e-01
2.394424489720448079e-01
2.179210026123296895e-01
3.514627746193347280e-01
2.890982416405321609e-01
4.033385656226846083e-01
2.122195138320244756e-01
1.895998865278833989e-01
2.426468544027313712e-01
6.412993178937315131e-01
3.051942634971615553e-01
1.706484398635177147e-01
3.757958248721894878e-01
2.497675995218467948e-01
2.657373033765547121e-01
2.831304475480607152e-01
7.467535927061309531e-01
2.690192985331031905e-01
2.234833430107247276e-01
1.873823759285811186e-01
3.293507088557419138e-01
7.190542360769380803e-01
2.680436353534448868e-01
3.017517660816357861e-01
2.814370867578032120e-01
2.780977212371650298e-01
3.652450320187542454e-01
3.491379963171369893e-01
4.134764328403378042e-01
2.628055305017787391e-01
2.828342840836004513e-01
2.210866543533045459e-01
6.799496736552166354e-01
3.044928012445697885e-01
2.291377141700275677e-01
6.860425159257532712e-01
6.613643085182651093e-01
2.697055090025911595e-01
1.878951688537040532e-01
6.776339787687131189e-01
2.098390697158949436e-01
2.756324351820170215e-01
2.422238140943768214e-01
2.964010486482887563e-01
2.942703552459077221e-01
2.628665612945804142e-01
2.370477756484510312e-01
2.438538259293064336e-01
3.039681764685611132e-01
3.499328832054793281e-01
1.900918010820321358e-01
3.267083689503289534e-01
2.500685616486675866e-01
2.336709756918189940e-01
3.681311515973220705e-01
4.339248749939441652e-01
2.233930333065137219e-01
6.904918092839453791e-01
2.113143365884317670e-01
2.501568371014292191e-01
2.031613727797997038e-01
4.962902855403962254e-01
2.926849891643081847e-01
2.504736174546147165e-01
2.642317856885957328e-01
3.913464410378892366e-01
6.432843892678309361e-01
3.573616675607800275e-01
2.739558496318439396e-01
6.441082018080319660e-01
3.309275018050223949e-01
7.185597411050954619e-01
2.816643328801222701e-01
3.255301269706212253e-01
2.345987054756155654e-01
2.534667851275287931e-01
4.988617250374425827e-01
2.642796000994529493e-01
2.703744451352609324e-01
2.251836117404511506e-01
2.631399875880369166e-01
3.048272947274321965e-01
2.521508325032000286e-01
2.374429526458010642e-01
6.770025672519904836e-01
2.728179630752886053e-01
4.853667393063316737e-01
2.596786362256748859e-01
2.723691053130082307e-01
2.838114318793956148e-01
2.247174667697144912e-01
4.596515953505058150e-01
3.174927463306334019e-01
2.576769791142394794e-01
3.280956863506787613e-01
1.824649010599674881e-01
3.012970404727361995e-01
2.793283515022668695e-01
3.348290466080584560e-01
4.385873980942260331e-01
6.614261230146389892e-01
4.116988612442256112e-01
2.986649436920233436e-01
2.331027164843181565e-01
1.858404942082437783e-01
3.043239365003959085e-01
1.924359118285989823e-01
4.678449343252363279e-01
2.313195608600791542e-01
2.787513519770774550e-01
2.178070443903560027e-01
2.518262090621112281e-01
6.685337272961701105e-01
2.603524271143141666e-01
2.556920611795670539e-01
2.500185664085174397e-01
2.383019960422307071e-01
2.538868444107491573e-01
3.047993884912026386e-01
2.665761156571657131e-01
2.460318274884411294e-01
2.883496870289989911e-01
2.167029466269205784e-01
3.013454406304602040e-01
1.788827775593178071e-01
2.476017635416847829e-01
3.689660613972875480e-01
3.319817544411983734e-01
3.822006143897471730e-01
1.843810001285390854e-01
3.599846677279540663e-01
3.101611284343420705e-01
2.126631649163198412e-01
1.958317585440141062e-01
3.766259403955907192e-01
6.611352205954071914e-01
3.974345943841978146e-01
3.589135270257770571e-01
2.414382410235664522e-01
2.016011034721205408e-01
2.477945460422657786e-01
3.558567365600678878e-01
1.985101251959566215e-01
2.810957227238901623e-01
4.135880087929992288e-01
4.564151678511354504e-01
1.726729322244304754e-01
2.072439293195733889e-01
2.450759769308303859e-01
2.563458227177531357e-01
2.921729458627169151e-01
2.984390422294094236e-01
2.351266694974246396e-01
2.488267437193557030e-01
1.976798743631546229e-01
3.100290094993082279e-01
1.509662520014613263e-01
3.027719103581976712e-01
2.695363123363189173e-01
2.895241348229138367e-01
2.576583864913734589e-01
2.017811422649049280e-01
3.118674687794618094e-01
3.625025403235309085e-01
6.660405382934607710e-01
3.302052023039768747e-01
3.411505558059678700e-01
1.836192598704906032e-01
3.910360482783072911e-01
2.336229736877851182e-01
2.458744471731799663e-01
4.170909504775778265e-01
4.094109816178750361e-01
2.742350896275379535e-01
2.172993650436025603e-01
3.756241995395936395e-01
5.272853965504005203e-01
1.018751981294890641e+00
2.452433174329371468e-01
6.342194977191653038e-01
2.188067817669751003e-01
2.522440677499837025e-01
1.928029989291855373e-01
2.647554537369497529e-01
2.827697710236872775e-01
2.748138682150379486e-01
2.235536165266718001e-01
2.949256137753134555e-01
3.036657602548391011e-01
4.437624364395960086e-01
1.913450359554564884e-01
2.657062908267926460e-01
4.057701894924724551e-01
4.472969416569041456e-01
2.840679526234767271e-01
4.314054480580722384e-01
2.489087347456171717e-01
2.555699686036715379e-01
2.678524613007108313e-01
3.517008594339934291e-01
3.380132270472326894e-01
3.522627074510467082e-01
2.330037971009906173e-01
4.270517768125297042e-01
2.429439404475663977e-01
3.006445531459425169e-01
2.724209435786306699e-01
4.226800233717975530e-01
2.003935416374247325e-01
4.498192476176008370e-01
4.175107233446899713e-01
2.006102623448256794e-01
2.417377617279289070e-01
1.752562754999983652e-01
1.562224321985687669e-01
2.883689778820706096e-01
3.745152540851828249e-01
3.054560190630131178e-01
3.889761060854051711e-01
2.954013206497886346e-01
4.060470602826303232e-01
6.761250684693047575e-01
5.797679250769371961e-01
2.294189450700647726e-01
2.350105142562473048e-01
2.481005412460199067e-01
2.987584153772662177e-01
4.183549301762061745e-01
2.701798375709725808e-01
2.204840109787927771e-01
3.507168507864584228e-01
2.517924016709827129e-01
6.305899191726762609e-01
1.966586568414533387e-01
2.511070537873714703e-01
2.803806699036363037e-01
2.287705302012328634e-01
2.385675965020189193e-01
3.522780196583060741e-01
4.309328651644585007e-01
3.245011785296283979e-01
4.222248970962790282e-01
7.046054042639451342e-01
2.663637476068659860e-01
3.989485491796645467e-01
2.348276107867670326e-01
2.398144015901157999e-01
2.475861239489605126e-01
3.197640140576334389e-01
6.941609404740010092e-01
2.911755460308366739e-01
2.480558205617424683e-01
2.253802157312967958e-01
3.044286241590415387e-01
2.083377885561725762e-01
2.826986409131718725e-01
2.352031018501756776e-01
2.618884890460098092e-01
1.845090977101104257e-01
3.317285717908724507e-01
3.024139181086491490e-01
3.311796135713449551e-01
2.238248185411100266e-01
3.193187351424774945e-01
6.410629000900001095e-01
4.068456312211399251e-01
3.192220856406942087e-01
2.328496838791608570e-01
4.497417318298433386e-01
2.206642098556690357e-01
1.931034172531163051e-01
3.061729699996785237e-01
4.045152055522095447e-01
2.332304441145595653e-01
2.624127312285053359e-01
3.140683676771276467e-01
3.879664026982898029e-01
1.942615876073407466e-01
4.698662717028585512e-01
3.273514163416489930e-01
2.388399271937959867e-01
1.834168384903612503e-01
2.467265263174981682e-01
6.932856514091813027e-01
2.935877080532710570e-01
3.244898490624832377e-01
1.768418910273865663e-01
2.549208006490948364e-01
3.958737206223927885e-01
2.371939732258425693e-01
2.175247056397392742e-01
2.329983292573281073e-01
4.266100703599544630e-01
2.902513003068299957e-01
3.939589767446056712e-01
2.951447744276485263e-01
3.805757731181165227e-01
2.813540012527155909e-01
2.672573918201934240e-01
2.032295534963495243e-01
2.213718013473391366e-01
5.751200699445622178e-01
2.125699541900647749e-01
4.271966032352834119e-01
3.147741706869837119e-01
2.792809518499437260e-01
2.832195447678033107e-01
2.794320359281496913e-01
4.419460938801700323e-01
2.756648411994626624e-01
4.039842227016307574e-01
3.826319410108174890e-01
3.754986002277841961e-01
2.235718176783252076e-01
4.602201621814125398e-01
2.150355882164127486e-01
2.724386160809441071e-01
4.624618532663224424e-01
2.918473867149524725e-01
3.244356851043152523e-01
2.659965165159459133e-01
2.751077148459761812e-01
3.250267922969047873e-01
2.878571527260407881e-01
4.420177293474303326e-01
1.818030885447408096e-01
2.471290939636031081e-01
3.619590659556457535e-01
6.983660164057431397e-01
3.933287896826929142e-01
4.252385223955948423e-01
2.202907369803360493e-01
3.994705383939868848e-01
2.213614991262033149e-01
3.704110034874621982e-01
3.890868904000872597e-01
2.549667598455083173e-01
2.399007239394688185e-01
3.019523757421882504e-01
3.842381953703814523e-01
2.419906303155525129e-01
2.562358182033577236e-01
4.616903312580253882e-01
6.795307964969250492e-01
2.665605984924389604e-01
3.234024964043111794e-01
2.057149439359429177e-01
4.411926254309854745e-01
2.130147629362870720e-01
2.143607428827217498e-01
2.107138403821527395e-01
6.909810919451494504e-01
2.797337628721150438e-01
3.198030886931655936e-01
2.179110519313621208e-01
2.211479553956570698e-01
6.592306015021187626e-01
4.200708352915331067e-01
2.080535363584078146e-01
6.905271425972596688e-01
2.318670498251558243e-01
2.819194474382866744e-01
2.719732981673859684e-01
3.233547236498122146e-01
2.632604178492791713e-01
2.654460744848332610e-01
6.494805259848612788e-01
4.073300702767984061e-01
3.529295319545902587e-01
3.004499582193831397e-01
1.939557995087888287e-01
1.934108664029681179e-01
2.344051116845644323e-01
2.249735552077183343e-01
2.663924874323270187e-01
2.923677798845167874e-01
4.815064925712810862e-01
2.349926921348497733e-01
4.849392165552393053e-01
2.578812014577680500e-01
3.603087357366749899e-01
4.102325934884593628e-01
3.135099304332743531e-01
2.560435198806022550e-01
2.613782248540159614e-01
2.075826704588335514e-01
7.423810159372024042e-01
6.010889208433543018e-01
6.612397983732645201e-01
3.920797308470224674e-01
2.741978657465047320e-01
2.721180898265433967e-01
4.350383236726494962e-01
1.807420079557508497e-01
2.385271212565043542e-01
2.038796316110714768e-01
2.395566007382022855e-01
2.527595396323052968e-01
3.643115260064463956e-01
3.549408434679124369e-01
1.930124526211977887e-01
2.502103204266661884e-01
2.531223624440572806e-01
3.588799310083041760e-01
3.224492461798025289e-01
4.793964307883351594e-01
2.014237394198845899e-01
3.903463517593470655e-01
3.900727637458389352e-01
2.787687389745539535e-01
4.050949863739547463e-01
2.379833577250405341e-01
2.474417229359761328e-01
4.763916230261422413e-01
2.913910144615594056e-01
2.858083269933223702e-01
4.235599551328668166e-01
3.730406846839187662e-01
4.201254356760287245e-01
2.984964271059729057e-01
6.940677626557780755e-01
2.263355479110153445e-01
3.385081662586660323e-01
2.820915280995597296e-01
1.986199748408622734e-01
2.454182174832473251e-01
2.215672272283299715e-01
3.641857812886123424e-01
2.111381310605864314e-01
2.609881634042055532e-01
2.767833542150939241e-01
4.375774167131023518e-01
2.639031976215768793e-01
2.307302759366784695e-01
4.522009204017569672e-01
2.717025089461779230e-01
2.715621235739869022e-01
2.058409535819359926e-01
1.931532364721953998e-01
3.135344259947571155e-01
4.822075199975817128e-01
3.666763465875395034e-01
2.740384236960737852e-01
2.442477963155427478e-01
2.724822474631842795e-01
3.130976813977941475e-01
7.317236256593699917e-01
2.009667133784956428e-01
1.841165376044224256e-01
2.900308133596698479e-01
2.688262352181709502e-01
1.676290565907621599e-01
2.494743388629417635e-01
2.589390464173272344e-01
2.538200579532512435e-01
3.532582897937251443e-01
3.020059884338983647e-01
6.734310516093122700e-01
3.684766483952436888e-01
2.660399348302727729e-01
2.452561443025231824e-01
2.678579540213320009e-01
2.965596662002558115e-01
2.577373861893273443e-01
3.014578740730549655e-01
2.647226376049200969e-01
4.286105284066157317e-01
2.640750411310825996e-01
3.544018278778713338e-01
6.507082162774544543e-01
2.959712638997267220e-01
2.141041569726924720e-01
2.795565241219319930e-01
3.236985571523876004e-01
2.329788942732085311e-01
2.183621413845475701e-01
6.549436355511470964e-01
2.887243114415643519e-01
2.866035493054140404e-01
2.530227625598566732e-01
2.439606834655106138e-01
2.130686176749785332e-01
3.781926835716253876e-01
2.458211849338755584e-01
2.570710150749787037e-01
2.878765181751790081e-01
3.385891601595096834e-01
4.862348923427974867e-01
1.887880845147603126e-01
3.700756844546844726e-01
2.093600909414415345e-01
3.191362796657122303e-01
3.894141078849564508e-01
3.048948278533583633e-01
1.886225698467365319e-01
2.541623274832057744e-01
4.440780012225242213e-01
2.199862569389025024e-01
3.746784823986623048e-01
2.210944768591057430e-01
3.203694198924714742e-01
2.621971191481244912e-01
2.664085237542505036e-01
2.710966656663844065e-01
2.536819487465302725e-01
1.993338391429222978e-01
2.235533713075525952e-01
3.178017634593146568e-01
4.456300434372251762e-01
6.684128103776094676e-01
2.420425845794511588e-01
3.750451573030310071e-01
2.877657050519598636e-01
4.826930823886106947e-01
3.495103124995996846e-01
3.830236351612259504e-01
2.397824591576958042e-01
2.806182308589064700e-01
2.652282985098839974e-01
3.859757161764057476e-01
3.440113014378805012e-01
2.938697742181430317e-01
7.103709497904037162e-01
4.157226685972846281e-01
2.355630040180161089e-01
3.062891525801713088e-01
2.935335080144243491e-01
2.304517765304456012e-01
3.593762741495210022e-01
3.314651175634953373e-01
3.030665747016584310e-01
2.736372964191616242e-01
3.746462998082726314e-01
2.850168218034304646e-01
2.442694337686163730e-01
2.144831832154068252e-01
2.357503230674504735e-01
2.063760368880096507e-01
2.941425904956984638e-01
1.927102895711974018e-01
2.505281038493778478e-01
3.085174577857862643e-01
2.170655863062807833e-01
2.338312465115886252e-01
2.655623451016110304e-01
2.971542973573777502e-01
2.418534638459106101e-01
2.750570614340177023e-01
1.867708034913569126e-01
2.472750542485860903e-01
3.106020867421256382e-01
2.743062451836775217e-01
2.244819997893689190e-01
1.769857311013641188e-01
2.318924350903104614e-01
2.481153332994031346e-01
2.782128430527635587e-01
2.722464580265410716e-01
4.015418739041081153e-01
2.543793257893063320e-01
2.421545955315815846e-01
6.398622032428857853e-01
4.201902233218639537e-01
2.146818742828635607e-01
4.006530570772559030e-01
1.497486919364922620e-01
2.122662026936597002e-01
2.528441123767684040e-01
1.920557133832368757e-01
1.979591701835501649e-01
2.842044249065425743e-01
2.994391465038673816e-01
6.765228626608006390e-01
3.290503207568325483e-01
2.220940527203012493e-01
2.483191671198024253e-01
2.264719642157744517e-01
2.706086805921905647e-01
3.956669265210921438e-01
6.612746439516294927e-01
2.347009536037143462e-01
2.542749113870006461e-01
6.372815688184565452e-01
1.944445879804094779e-01
3.896268826937017149e-01
3.697616600354612926e-01
4.080293822164682283e-01
2.271341833495474916e-01
2.872575435903858554e-01
2.151290942535217798e-01
2.689054514114362915e-01
2.898917039425789044e-01
2.518317828540965198e-01
6.840840805697518956e-01
5.535289684971554935e-01
3.593474727460952423e-01
3.340460312925277453e-01
2.628553891105053220e-01
2.213883850007176690e-01
1.912203114100979318e-01
2.945629275759700239e-01
4.304984053210298978e-01
7.168463038774178786e-01
3.140211601976075073e-01
2.940330653732177169e-01
3.111238168985037689e-01
3.462815788767409919e-01
6.747704837671104627e-01
2.680954517245099922e-01
2.181098774986062749e-01
2.739603051375530951e-01
2.292886498964155639e-01
3.758813564629635562e-01
4.175682349968437568e-01
3.297942914371825296e-01
3.022747832635035437e-01
2.880819632406306785e-01
3.753421538081813114e-01
2.166413894328005907e-01
2.225808761381884437e-01
2.049258830836531431e-01
2.958495963737763357e-01
2.543707056569353142e-01
2.706939394826519130e-01
6.928837661268498760e-01
2.386841858459556320e-01
1.782519589046476227e-01
2.802373687049088957e-01
2.902620048048393797e-01
3.284220327232807435e-01
2.053201605331179957e-01
2.005677192338168879e-01
1.972689900076491643e-01
3.088186345649459597e-01
2.358588659300467627e-01
2.125132755418124852e-01
4.306180743725716575e-01
