redshift
2.201311084274888696e-01
1.876017817788059039e-01
1.828502129160256007e-01
1.328718914713166721e-01
2.477768201814229687e-01
2.458024733615161161e-01
2.351247009381516595e-01
1.262390618762775640e-01
2.525712453424368009e-01
1.568033507315184094e-01
1.970730298166525063e-01
1.376286257090661713e-01
1.760713867248272779e-01
1.562979104934849039e-01
1.926230905463595378e-01
1.818172971850225417e-01
2.359338295386802509e-01
1.903478796119769112e-01
2.288206056645504249e-01
1.982758989282418227e-01
2.044240629485464256e-01
2.635969575760913064e-01
2.232163191638243116e-01
2.333787685111810284e-01
1.843839361344241368e-01
1.852786641814548052e-01
2.173567896069291405e-01
1.946888507632308085e-01
2.441875059806942749e-01
2.561329459650356632e-01
1.947317477489317883e-01
1.717158993564322500e-01
2.197277476846479505e-01
1.144704779525949762e-01
2.044605782329739219e-01
2.405825192974940241e-01
2.108381918278443290e-01
2.097622772639682054e-01
2.145322387406090603e-01
2.111824486696135539e-01
1.981587814780254864e-01
1.986430116338713803e-01
2.205014538042571748e-01
2.466687422220817660e-01
2.761484814423700307e-01
2.267500311587012096e-01
2.526234931054547328e-01
2.502215774878936982e-01
2.538905826967568502e-01
2.013756600405837704e-01
1.675841737197382442e-01
1.825733498638114072e-01
2.112112906116126732e-01
1.861397379142089303e-01
2.134208887893510043e-01
2.100691401861049523e-01
1.747490397905845649e-01
1.548055757801356791e-01
2.219304248116048817e-01
2.314017061087318416e-01
2.493520744941248035e-01
2.225995903510412099e-01
2.378967939826797662e-01
1.161489894617005192e-01
1.215172308818143060e-01
2.625030787429898926e-01
2.285089974190464557e-01
1.374809494304519986e-01
2.323213990385989136e-01
2.635535282030155302e-01
2.339082785318550295e-01
2.252181858995284669e-01
1.119448999280804047e-01
1.916673275349062289e-01
2.338581503975853404e-01
1.288123626925641307e-01
1.278367063872289378e-01
1.886175309487636842e-01
1.685430710482513361e-01
2.069054737799617405e-01
2.248829402650491527e-01
2.290024354109120308e-01
1.805445694369473553e-01
2.066899254755287796e-01
2.167652804589701998e-01
2.213967164819471145e-01
2.104064350374957870e-01
1.609732553056544280e-01
1.678115513276915438e-01
1.870166941135788796e-01
1.665177049399479692e-01
1.327404352195694637e-01
2.307356576411325466e-01
1.702594953453173132e-01
2.014343210691610653e-01
1.994646156029928064e-01
1.937421835811778403e-01
2.319975661809023648e-01
1.242899526207494887e-01
2.145554201888100476e-01
1.432573440554497368e-01
1.861243604766491810e-01
2.565864202312490572e-01
1.339839609717025648e-01
2.004275526280565045e-01
1.649482170561216154e-01
1.179367982115016866e-01
2.349654659253270217e-01
2.289314806567938343e-01
1.447306017880826412e-01
1.971213979124903926e-01
1.837790229287811217e-01
1.978191835664227516e-01
2.410370923563997236e-01
2.528554043020400655e-01
2.297196566670477724e-01
1.741229938524717080e-01
1.987274942661605148e-01
1.935052808569371063e-01
1.959532728622671027e-01
2.495207009285875521e-01
1.212526757479794604e-01
1.763629942202586121e-01
1.625214828445665227e-01
1.916845837268170705e-01
1.607451107273540070e-01
2.660060917516753887e-01
1.912570937608450705e-01
1.661293093370904972e-01
1.979979236896932393e-01
2.461729559835832415e-01
1.787183202667299575e-01
2.219751659690088474e-01
1.894644632445667831e-01
2.250466172614946359e-01
2.064381660324828283e-01
2.211893531752578690e-01
2.147734758613725481e-01
2.093110044213092602e-01
1.913993772967440277e-01
1.821858537536925893e-01
1.436577971558785360e-01
1.997555949229204431e-01
1.608894523309657432e-01
1.644342550324054408e-01
1.855315693017993706e-01
2.401246624179850797e-01
1.692082331300331643e-01
2.007541420988304404e-01
2.176702049434592334e-01
2.102118297029399174e-01
2.084820713445215135e-01
2.086041126476176899e-01
1.202029039294594537e-01
1.555682446149316833e-01
2.305537413439316397e-01
1.830089847093436806e-01
1.951095967507630313e-01
1.269236223226469229e-01
2.345602283049970094e-01
2.360122580635979350e-01
1.954637166183098018e-01
1.794558186631461105e-01
1.757403798472959577e-01
1.983873922097085796e-01
2.061394037651095579e-01
2.250191006387336767e-01
2.224214948505358891e-01
2.383544756556383593e-01
2.322970880817887551e-01
2.054279000579556647e-01
2.046531247331840608e-01
2.356471079409375446e-01
1.995738227359211137e-01
1.850692325376184777e-01
1.968154367283923012e-01
1.805867266498863422e-01
2.050151176810605658e-01
1.800582610937915273e-01
2.538176003792171342e-01
2.073244015969375464e-01
1.356018443520253802e-01
1.799062649976103101e-01
1.135531238951058841e-01
9.483536244014643957e-02
1.273629271620053960e-01
1.088332012330752718e-01
2.233705044450447486e-01
1.278911750367258682e-01
1.978704063595641549e-01
2.098804507668908248e-01
1.988738830902172239e-01
2.170196985150576463e-01
2.168267046511105911e-01
2.236434828066660441e-01
1.863059601002840793e-01
1.617286047293531592e-01
2.095040041993795066e-01
2.037607951628772340e-01
1.630417150118197989e-01
1.322880081603013125e-01
2.075077458095881955e-01
1.688545741559048796e-01
1.417996331126483434e-01
1.738276317149602124e-01
1.315307389287338480e-01
2.630349855744113508e-01
1.727504533473500914e-01
2.261777338792534675e-01
2.471237565525557511e-01
2.003975830693465743e-01
1.820549951061718741e-01
1.242961746461712091e-01
1.134372147444412671e-01
1.877128226617224005e-01
1.965733578485411581e-01
2.264700053912284961e-01
1.331835621177632212e-01
1.916901096050782627e-01
2.230068063831987801e-01
1.888345903594124964e-01
1.747694151827569597e-01
2.256821757142879470e-01
2.581273784648840941e-01
2.360591080944263453e-01
1.870363346236881552e-01
1.714900040309575713e-01
1.364731530557241612e-01
1.750783226348228416e-01
1.063214640610065098e-01
2.538219135890924516e-01
2.427282789354929526e-01
1.426673954784798970e-01
2.241161080190098021e-01
1.915978492834247149e-01
2.518950283618795472e-01
1.908660331622524520e-01
2.916799863054386766e-01
1.612874180465979079e-01
1.394230213847310051e-01
1.927473677323791879e-01
2.123188718216462711e-01
2.740079498103479283e-01
1.220424347916023305e-01
2.337405229767309245e-01
1.704293496091912885e-01
1.245869301502829374e-01
2.597573943360076965e-01
1.787367874749614394e-01
2.310571089829405178e-01
1.552483291756316941e-01
2.611287141502582343e-01
2.553490023911669238e-01
1.392540141399622733e-01
2.207928036457139920e-01
1.642370659106529851e-01
1.293295134230569021e-01
2.111249085364547695e-01
2.460664057946030103e-01
1.698432938546846072e-01
2.646981384701625473e-01
2.174765505381475728e-01
2.110652956962907889e-01
2.094871135548591334e-01
1.186171369180784307e-01
1.631648102337768524e-01
2.101596155242491104e-01
1.609499741241149917e-01
2.652747842945533674e-01
1.802099609916629763e-01
1.508450866040316751e-01
1.745907226522986910e-01
1.623429398256737710e-01
1.938077084226668689e-01
1.867061869058183332e-01
2.344152715219673111e-01
2.266132363417839857e-01
1.944199164562473436e-01
2.330990482359263094e-01
2.477996456047863727e-01
2.131546024770183123e-01
2.040681737961498321e-01
1.518760962391687008e-01
2.325724335147890121e-01
1.980348346030062212e-01
1.354349685099598133e-01
1.869773185478621202e-01
1.883052361441212019e-01
1.821879637567738741e-01
1.866083093510415569e-01
1.806068072391551760e-01
1.897503596015825689e-01
2.118678565210519171e-01
1.549661744324377644e-01
1.922831967260933972e-01
1.944792220089972268e-01
1.837014658442591708e-01
1.199155371121929936e-01
2.322328777971722213e-01
2.200319169801314978e-01
2.254589324056417432e-01
1.941089733390147787e-01
2.063349261444339111e-01
2.203974650313590689e-01
1.401500581537102885e-01
2.154665924561422752e-01
1.508845507514085527e-01
1.931185104062805580e-01
1.288217652421856374e-01
1.836169917194254986e-01
2.056192674232031892e-01
1.534802514461268974e-01
1.485527885583288743e-01
1.915605296701375360e-01
1.664813482485447416e-01
1.785759414923504262e-01
1.561672009531507310e-01
2.181357662119969565e-01
1.118970843977292184e-01
2.364675503118925104e-01
1.845126377892783998e-01
1.157386529359592381e-01
1.716815072178778656e-01
2.132576604168358592e-01
1.492953512747958456e-01
2.386901899214309009e-01
2.507858432060267040e-01
1.956811492671140518e-01
1.999893750041816243e-01
2.415953078890331340e-01
1.619842184650868155e-01
2.461655740292957861e-01
2.158880470045202171e-01
2.121737877553259710e-01
1.674174666213627816e-01
1.539800784988218929e-01
1.442709493186111747e-01
9.494839522800191389e-02
1.819450596551968891e-01
1.818432662678744760e-01
1.790460514994703378e-01
2.591908427389087444e-01
1.039121700173714219e-01
1.710449525845257335e-01
2.507661902318072955e-01
1.388777253890772778e-01
2.098864515643439066e-01
2.740496142550154501e-01
1.888858798517160653e-01
1.615624601512334890e-01
2.405441821061891361e-01
2.303524325690206875e-01
1.695429136290338978e-01
2.201260383952615973e-01
2.511167070811823887e-01
2.475735260839335150e-01
2.392425453058276696e-01
1.676618307652037454e-01
2.546669399311821125e-01
1.985547209018571069e-01
9.604498778818350291e-02
1.416811547792538872e-01
1.290169212479352345e-01
2.423216239298146835e-01
1.314936636241010592e-01
2.137082953151402120e-01
1.704546634376877812e-01
1.034951396339683083e-01
1.540206891707278924e-01
1.894926604292726247e-01
1.843202260452997399e-01
2.179318501870196878e-01
1.483732302096760214e-01
2.215564264464534583e-01
2.135319800591182482e-01
1.906311892572765954e-01
2.275200184964759897e-01
1.947763629294401444e-01
1.942037547492158067e-01
1.765145654604303449e-01
2.160133236530681067e-01
1.652800835621081599e-01
1.900955029719256784e-01
2.045750649055907699e-01
1.854737086810696045e-01
2.000036054068423386e-01
2.242318491390958846e-01
2.019949942150909561e-01
1.327035672602689398e-01
1.714829744899398767e-01
2.270428910706202008e-01
2.621860776047334474e-01
2.043238857323236846e-01
1.856851735171401452e-01
5.839915737447540223e-02
2.421096379172728574e-01
1.892478544645443961e-01
1.092324703873408936e-01
1.427308329539856702e-01
2.231324007679786336e-01
2.157299810770921811e-01
2.140152045533855185e-01
2.225514755115998444e-01
2.092013332079447896e-01
1.628838510466739942e-01
2.349365053940156989e-01
1.488125806607014101e-01
1.817976797116586385e-01
1.788750136396924373e-01
1.809573414641680311e-01
1.722971563677992701e-01
2.428585677693334555e-01
2.180580808063264375e-01
1.971991840106930294e-01
1.657808920489349247e-01
2.502457185714562771e-01
1.449430618850506280e-01
1.844772639145840498e-01
1.679746729882212464e-01
1.636260693623967366e-01
1.671768230585725379e-01
2.566915307683810266e-01
2.288911090206680876e-01
2.033309914346675129e-01
2.616353680940196602e-01
1.562164282683868866e-01
2.022060082727140662e-01
1.048089939590653163e-01
1.432354399315585447e-01
2.513459718515292374e-01
1.550151332679726157e-01
1.398392762977459236e-01
1.585693239080621653e-01
1.427924555108487925e-01
2.560098063647686106e-01
1.521099080160084049e-01
2.057404036549631554e-01
1.401164745504008824e-01
2.127996269434811183e-01
2.416464710432076612e-01
1.739247839238282078e-01
2.138026652104351166e-01
2.168583960871216521e-01
2.304480638379729218e-01
2.286488069286928826e-01
2.318354159815333160e-01
2.217315714740071275e-01
1.764387343888666748e-01
2.009133960507701877e-01
1.964252010112956803e-01
1.719017400219848557e-01
1.883144042480951186e-01
2.153492866260282856e-01
2.643285616909797353e-01
2.054562689492076266e-01
2.265953809162713772e-01
1.797070415376890717e-01
1.181634533279348476e-01
1.148570990167087774e-01
1.249384648583017482e-01
2.039467272233912998e-01
1.262410354304376592e-01
1.610315181647606064e-01
2.204151900704591216e-01
1.692386568948954229e-01
1.963865482857016787e-01
2.933689990191666874e-01
2.085884334232220583e-01
1.917230512228730588e-01
2.141042300127607712e-01
2.142933179039959446e-01
2.105859950870221098e-01
2.089965243683907237e-01
2.393957592865698092e-01
1.415352140701847672e-01
2.006649754545463959e-01
2.388890398863207642e-01
2.128684874968913288e-01
2.590553334384588791e-01
1.703096678007324227e-01
2.328205245958952785e-01
1.977816628192421156e-01
2.096153996484621529e-01
2.109861812102723777e-01
1.259855736220914513e-01
1.472348082336777386e-01
1.602157798149521639e-01
1.641055394398044376e-01
1.592905293608260497e-01
2.979404813650354811e-01
1.828050282398702708e-01
2.231150283793117417e-01
1.640344636626852870e-01
2.865287164597272729e-01
2.363198169849810293e-01
2.236311529594707248e-01
2.395318976176857295e-01
2.064985657194420843e-01
1.827272008271886572e-01
2.045001900453779220e-01
1.610727031639083984e-01
1.167254129643208599e-01
1.309457945151741853e-01
1.427498655577146003e-01
2.251909898889485340e-01
1.039126747511713023e-01
2.093473643442444465e-01
1.342330019825215548e-01
2.346670524977295114e-01
2.263610765677601666e-01
2.409054766067763309e-01
1.586028564715981359e-01
2.009634218363033908e-01
1.968278467363494821e-01
2.311666336892466700e-01
1.418445531680648797e-01
2.440946218305085624e-01
1.616107153255278706e-01
2.609378607080236057e-01
2.046192364450125922e-01
1.796208959357974977e-01
1.998455906365705637e-01
1.606124342653658388e-01
2.255929944196596315e-01
2.104403677845375908e-01
1.372927132239568637e-01
2.093614779803172066e-01
2.129803649011833833e-01
2.451265614042613672e-01
2.139744496664404416e-01
2.642712318641243230e-01
2.075843347027843122e-01
2.023171310495055775e-01
1.649993450334812928e-01
2.321511339413914465e-01
2.191603530074899275e-01
1.867856159903190094e-01
2.068019932492603241e-01
1.895900481452074682e-01
1.422310371499277970e-01
1.923586480541831512e-01
1.619174919191060658e-01
1.205531957097139284e-01
1.965871259659755232e-01
1.647585591693605245e-01
2.002160310707376822e-01
1.865275961029547180e-01
2.282631841310230059e-01
1.618739779654728705e-01
1.331225876156946764e-01
2.301172804882868350e-01
1.886854515457857817e-01
2.087985120064457245e-01
2.242785288993625337e-01
2.285194751119691281e-01
2.229807098422236789e-01
2.351483563538602495e-01
1.842612879883533672e-01
1.151045339073219487e-01
1.836247532105646230e-01
2.841806278814199560e-01
1.559292720769432927e-01
2.128507688935983300e-01
1.628758422211949441e-01
2.145790228427744695e-01
1.833687405062142395e-01
1.937931582421209831e-01
1.828552834110218628e-01
2.113503131605906360e-01
1.675449834403873461e-01
2.289388082427802895e-01
2.124620901476824975e-01
1.502516574108997693e-01
2.138474263993253577e-01
2.048707981778767340e-01
1.859895229884069856e-01
2.600262289302138763e-01
1.795135802392832380e-01
1.762345975667908016e-01
2.215962734957142299e-01
2.272474203925878844e-01
1.946661738403319408e-01
2.349897559558242477e-01
2.019231487148464843e-01
1.456291907949123499e-01
1.705970666824024318e-01
1.281512894421488469e-01
1.431040124806762515e-01
2.074205350419746907e-01
2.041733329083297022e-01
1.897737681603648419e-01
2.096813814667536358e-01
1.957663113828474744e-01
1.405236504650367313e-01
1.697258959395614719e-01
2.055565743849191995e-01
2.138762234945028873e-01
1.903144358938641256e-01
1.921817997267392109e-01
2.168050266260901082e-01
1.991588985636086051e-01
2.256375867670399327e-01
2.321872771481622855e-01
1.545924321305029436e-01
2.423141464997427275e-01
2.172934701722565864e-01
1.464803019182932819e-01
2.121035337079227590e-01
1.165407970117930958e-01
2.224316414859887625e-01
2.425340496917065269e-01
1.845824732423207992e-01
1.937245382769461344e-01
2.307173041193823493e-01
2.290874865313295428e-01
2.517436936415239912e-01
1.936823953222734096e-01
1.792550417728098477e-01
2.156968486662454998e-01
1.830890477776229430e-01
1.585323603763530431e-01
1.867556612965877438e-01
2.370352431777116853e-01
1.897649820182654989e-01
1.820918068140189860e-01
9.929056611946131261e-02
2.219854156515138066e-01
2.214601636395832629e-01
1.763169535712046099e-01
1.869752287576619265e-01
9.999720321119473510e-02
1.214858103450798810e-01
2.175025690587897576e-01
1.388729381801088458e-01
2.527675594300197170e-01
1.936189227364146781e-01
2.395162668231649028e-01
1.836235367901533355e-01
1.806663677586790029e-01
1.886643520719986922e-01
1.757165012816271077e-01
2.713103694851826120e-01
1.498046582366076851e-01
1.246718125213504141e-01
2.270034402096407500e-01
2.195436007359455322e-01
2.171202012889374144e-01
1.580873418101057803e-01
1.884303255995602444e-01
2.191030992360483431e-01
1.542806347241806875e-01
1.841572584707862892e-01
2.161617382900717921e-01
2.137926334649832283e-01
1.908333000108652922e-01
2.027687857951881445e-01
1.840176006009982268e-01
1.476892558190781579e-01
1.366577286106334665e-01
2.399172638138254987e-01
1.925770520470585223e-01
1.305762019871966051e-01
2.234938462084294086e-01
2.053520671058663427e-01
2.261536296555346770e-01
2.239780338129431503e-01
2.026776839674929720e-01
2.294302287377718297e-01
2.685442418267796616e-01
1.078841342041883949e-01
2.163497641631029755e-01
2.450619242156895083e-01
2.066120420872194774e-01
1.705523146656819644e-01
2.070927459690211359e-01
2.025196239754996907e-01
2.469685671041066677e-01
2.313185396185633014e-01
2.320445321068076716e-01
1.165893549738564045e-01
1.529292160527481459e-01
2.020027450954476611e-01
2.030505985525760948e-01
1.844366857228759149e-01
1.655883144010938668e-01
1.772507271283172980e-01
2.296889976360353414e-01
2.070592565080751901e-01
1.854975648943485711e-01
2.034542774399726583e-01
1.994047165399699117e-01
1.072886230806907454e-01
1.576120644983443342e-01
1.773960163965860870e-01
1.152543831884946246e-01
2.224817726936071383e-01
1.642413316564110548e-01
1.782990868524062800e-01
1.044774480633417907e-01
1.566682532217636425e-01
1.955099069832480496e-01
2.291610867854168010e-01
2.032060778123227496e-01
2.281084652040918370e-01
1.959844345390065468e-01
2.005576301434182918e-01
2.119281614974844186e-01
2.016599396272963363e-01
1.146391512327779305e-01
1.984263896609965161e-01
2.372789728959587563e-01
1.788702150930952528e-01
2.116951009903845771e-01
2.053300001872090663e-01
1.904996848503686668e-01
2.126160175600515234e-01
1.622867386787495980e-01
1.470907079401368722e-01
1.067171411619622506e-01
2.539714063998728677e-01
1.815174279433700300e-01
2.009497751058049453e-01
1.748231056009800777e-01
1.770161984691856760e-01
2.355993107163015243e-01
2.169574226739036105e-01
1.929741064007811369e-01
1.587478675081834267e-01
1.466170192485066748e-01
2.174159332412481105e-01
1.597874894462975592e-01
2.150052901947239192e-01
1.784973891781767852e-01
2.067884266483450140e-01
1.866496728646912795e-01
2.552620023623810019e-01
1.613327243621614226e-01
1.120527796834710210e-01
2.526788812658257166e-01
1.517276113502377954e-01
1.040433299627309544e-01
2.423777148660274938e-01
1.768266110954684889e-01
1.500369608244156716e-01
1.739971876561174080e-01
1.988554290723077989e-01
2.150743501120757073e-01
1.998650774742896652e-01
1.465517999601154975e-01
1.863087004798107682e-01
1.849828471272272623e-01
1.618308196310470348e-01
1.981399491458251672e-01
1.979623607032830190e-01
1.807724974634712656e-01
1.653827397534529953e-01
2.361534026485530569e-01
1.280495584439418078e-01
1.914311888618339952e-01
1.061314242459426710e-01
1.475689527029830916e-01
2.515886554890428561e-01
2.128895045765896721e-01
1.026786568027457935e-01
1.296268305847299018e-01
1.077536923131375418e-01
2.388678248422142492e-01
2.695044267298321028e-01
1.696226320601251225e-01
1.982378165764830669e-01
8.766152484481096185e-02
2.114852585879950508e-01
2.426081867315114104e-01
2.177534531665422657e-01
1.690624531032564604e-01
2.397368662770473502e-01
2.157059324710602910e-01
1.673650000081333411e-01
1.520024799469106569e-01
1.274437888804691166e-01
1.492780956677813853e-01
1.136600267999940267e-01
2.202341739795588837e-01
1.679958541072123779e-01
2.183452407945872253e-01
1.771770131828263317e-01
2.369470049017629865e-01
2.188447477099597360e-01
1.003889100299619336e-01
1.918049952529772839e-01
2.144117525576783867e-01
1.397183589124827430e-01
2.250383183418900035e-01
2.543334525185682593e-01
2.450151503990870838e-01
2.232483293107319633e-01
9.228968991429266355e-02
2.267619253554273018e-01
1.199723495890875347e-01
2.329937264122103058e-01
1.997368967375943993e-01
1.957222887473349660e-01
2.048217204713820294e-01
1.967358348782629607e-01
1.894567248380401303e-01
2.273354929786358669e-01
1.604933763460699159e-01
1.691777263820258836e-01
2.302981156470788326e-01
2.094030872403787602e-01
1.901182434966079970e-01
2.336588334261199551e-01
1.800039005767783418e-01
1.268616813223458206e-01
2.147801466148378247e-01
2.414912346233526463e-01
2.081655236821060295e-01
2.577476990500683907e-01
2.057025162378689209e-01
1.887483049726756679e-01
1.344598551648272522e-01
1.396256906015975741e-01
1.908037471785821171e-01
1.957191521618110719e-01
1.997203995079524508e-01
1.575138483459612160e-01
1.935768178671735673e-01
2.157169728577600365e-01
2.004690754339012448e-01
1.645079301145469797e-01
1.604077047438809134e-01
1.772639584614741914e-01
2.367205271771458119e-01
2.287813910475251233e-01
2.109869686867533178e-01
2.044327443851480519e-01
2.001018326942026193e-01
1.907520997373979843e-01
2.347976904442277690e-01
1.859873095564932022e-01
2.313927707880011619e-01
1.299570652742875199e-01
2.045742899317509467e-01
1.989592314369983128e-01
1.901300974467925731e-01
1.662798779541792282e-01
1.901691572682173981e-01
1.579438730309227767e-01
1.042132773365933296e-01
2.295250624053142285e-01
2.330824486771921888e-01
1.685640195827489418e-01
2.089018947813871818e-01
1.915559756133622116e-01
2.080489763410448556e-01
1.588801375647009573e-01
1.814595546636607049e-01
2.265717926230486901e-01
2.289387436945595489e-01
1.109384699388390183e-01
1.244819897909402173e-01
2.101021920819830802e-01
1.517108448108322738e-01
2.532902892374535586e-01
1.789705989194637359e-01
2.081330293316102920e-01
1.678145694928389886e-01
2.050612669624905515e-01
1.984918160870051962e-01
2.343237107535168506e-01
2.394353336445280145e-01
2.150527628551635040e-01
2.176502652221852796e-01
2.249135280967781425e-01
2.154279143682560071e-01
2.361382547868778048e-01
2.135757547620335539e-01
1.367016320319397182e-01
1.928884804224159366e-01
2.273712107585710018e-01
2.052494315260249835e-01
1.469909302656672856e-01
1.776912212471384034e-01
2.255407979513275873e-01
2.132226506076563000e-01
2.367969151393681804e-01
1.706583483330682272e-01
1.935453215801890281e-01
1.909151409337261074e-01
1.497909387473740639e-01
1.969529070511717161e-01
2.232632038077002334e-01
1.690404279491339035e-01
2.070887913780044831e-01
1.786731412320258228e-01
2.026831406986010775e-01
2.578106806216315383e-01
1.903671260215755723e-01
1.831408575983001497e-01
1.807115323031323051e-01
2.146543825658160654e-01
2.088432789673485557e-01
2.531779794457035271e-01
1.833187760633459285e-01
1.330889570866680138e-01
2.196804594471335748e-01
1.595769391054220332e-01
2.353411160168177030e-01
2.254881089525812565e-01
2.257119889065049567e-01
2.066167741349858311e-01
1.773512821910986637e-01
2.079756673804064038e-01
2.116291011507006048e-01
2.355579497871732042e-01
2.182869383451052914e-01
1.074763660171557389e-01
2.061626179905530210e-01
1.918912575017141797e-01
1.548587658414267987e-01
2.370844894841222239e-01
2.440981308464709176e-01
2.299035247094074197e-01
1.906813150435263671e-01
1.911994189658680343e-01
2.113994248689689270e-01
2.176063859837502612e-01
1.926521079472693909e-01
2.433904255038671083e-01
2.785103944177800273e-01
2.021501589375605534e-01
2.438647564062313422e-01
2.267733363883332465e-01
2.035322311819061647e-01
1.837056362970775902e-01
2.053844422081021748e-01
2.151876768375525217e-01
2.506245621894201969e-01
1.897479768960103064e-01
2.529123851808591783e-01
2.179663126937116668e-01
2.293428646265502635e-01
1.558423340790630329e-01
2.137867011715658128e-01
2.316977322040228993e-01
1.899321505950683220e-01
1.942925002765791276e-01
1.695379548202683440e-01
1.066569830827813758e-01
1.970380626020824255e-01
1.745393681767415384e-01
1.790478874316383251e-01
2.264387903018522108e-01
2.376058886285936644e-01
1.440672848035131903e-01
1.630347408655616337e-01
1.550498095171873314e-01
1.298145372197779257e-01
2.344792256804154040e-01
2.047399161827318792e-01
2.137679191922342847e-01
2.180940889399168026e-01
1.409076709144492789e-01
2.155964593250365158e-01
2.301547569581427199e-01
1.301083728508986015e-01
1.462150745226427628e-01
1.114020272940672435e-01
2.740112564702499864e-01
1.955977511518261491e-01
2.408234802693264287e-01
2.315237458956315164e-01
1.494377783898048206e-01
2.065297531240586626e-01
2.263777226116347463e-01
2.049649943040426359e-01
1.565554667013735468e-01
1.302875459228264032e-01
1.790543727483881742e-01
1.881005395810608494e-01
2.420872992105564114e-01
2.361425693372617984e-01
2.046097484795467991e-01
1.706426101094808967e-01
1.954275606068162641e-01
2.385342320084763434e-01
2.512483603271246646e-01
2.785220056725892790e-01
1.665542944410907944e-01
1.720947743005395436e-01
1.392803448294914759e-01
1.718666590719364617e-01
2.208790845627432997e-01
1.185034120335836938e-01
2.314195030567728351e-01
1.833820806841533479e-01
2.260291064026267449e-01
1.868897505510796753e-01
1.602322837448996173e-01
1.650654631697356656e-01
2.606727575394317542e-01
1.499854304391711468e-01
1.427131486742892752e-01
2.184620158341462615e-01
1.210180055669407562e-01
2.596670905737887280e-01
1.675697960786655949e-01
2.078040820927462839e-01
1.545623840666648097e-01
1.610678289080520187e-01
2.169691759780848772e-01
1.409762375398616596e-01
2.196965376503786371e-01
1.321786955390868989e-01
1.624994428673631197e-01
2.083369827442290434e-01
2.460253867612855749e-01
2.094244673376697286e-01
2.433513019374233255e-01
2.037049447615956466e-01
1.437017924271059566e-01
2.406360120614955689e-01
1.449870441774750995e-01
2.346776198147994819e-01
1.593847536141501098e-01
1.383047859799601542e-01
2.374188409053774318e-01
1.656686459406278844e-01
1.886008713127659830e-01
1.543286773974042458e-01
1.939869922145741610e-01
2.428339088265545620e-01
1.317895762905262891e-01
1.993069350012722507e-01
1.291762311776957495e-01
2.073261931158359439e-01
2.134063491764948695e-01
2.002332684569259058e-01
1.220742677857563352e-01
1.577119489354248671e-01
1.722961507294839267e-01
1.305302053094252734e-01
2.418513480251535397e-01
2.340291337975089481e-01
2.651305050540799790e-01
2.203111376705488844e-01
1.640738922845825509e-01
2.029559303684129457e-01
2.026949643410234092e-01
2.112190817920186481e-01
8.662679434143254198e-02
1.880782686216196098e-01
1.784995597662330513e-01
1.796617703681662459e-01
1.668428008197559154e-01
2.431453991179426677e-01
1.915237052837261145e-01
1.595850237808384142e-01
1.831198988411932849e-01
1.544609714995645311e-01
1.861678325591475391e-01
1.697372161945597813e-01
2.078421769647148531e-01
1.799482770071276494e-01
1.807635850370753750e-01
2.246247050600174155e-01
2.085355106223284183e-01
2.330081119696581771e-01
1.941736672137923947e-01
1.901531585370663524e-01
1.394643450379467464e-01
2.100800020606324314e-01
1.028205713671396238e-01
1.992699656470798553e-01
1.942405251085677353e-01
2.608647719600213355e-01
2.065986109856975672e-01
2.107399788887990288e-01
2.293601321214371880e-01
1.887890408700633460e-01
1.560795394461662600e-01
2.738408025434904136e-01
1.436523688291682088e-01
2.445716114270069796e-01
2.042344091903174896e-01
2.085654940974166760e-01
2.199339687648212971e-01
1.431851639112826924e-01
2.253129368287760392e-01
1.965034187606902738e-01
1.617695071467280254e-01
1.313748084591709053e-01
1.263538940697905566e-01
1.730875330371100806e-01
1.087592609262551246e-01
2.114941446066860020e-01
1.507869064151677596e-01
1.756481975428652309e-01
1.896102084615506611e-01
2.182752320802741619e-01
1.948710540929029233e-01
1.373762794057268588e-01
1.277328229885699162e-01
2.119767218347581306e-01
1.641465744988234721e-01
2.346223738263634728e-01
2.740839391278374615e-01
1.621332556385420010e-01
1.737909790762051931e-01
2.067399575227774344e-01
1.694165346652301563e-01
2.342237019417631183e-01
2.431526018610452866e-01
1.224731667860583101e-01
1.653446751343828069e-01
2.547490189543508143e-01
1.688654895887910512e-01
2.061811322569759852e-01
1.753107755840278559e-01
2.101932713293607757e-01
2.165629656362701438e-01
2.877249877775903131e-01
1.401246251153920597e-01
1.927018418748363826e-01
2.218343034010984149e-01
2.085977077131954960e-01
1.967357230379145061e-01
1.598360949175589851e-01
1.977993102494804423e-01
1.916470245652213134e-01
2.404093904571583395e-01
2.519013473268985615e-01
1.625405766216176662e-01
2.004582397814867467e-01
2.098240776555202747e-01
1.700515688915533175e-01
1.800162105104376742e-01
2.026033492279342985e-01
1.983603955285262732e-01
2.000536849495414826e-01
1.474495040528436551e-01
1.562059537505539608e-01
1.384907523812304864e-01
9.177856085643050499e-02
2.529134729443097696e-01
2.053225694217021002e-01
1.826171115513037790e-01
2.254840968063467344e-01
2.292064966479169241e-01
2.013418815386834038e-01
2.126603884721454674e-01
2.069795703239899476e-01
2.171634493878132899e-01
2.704787775217489254e-01
2.686485058240749013e-01
2.600714230428188278e-01
2.248218548272864215e-01
1.725631998631375619e-01
1.779135553010294524e-01
2.257761119104558512e-01
2.034779559344372657e-01
1.507527803704289682e-01
1.384855616293763358e-01
2.748077216447161741e-01
1.873872005117456774e-01
1.914700969403407560e-01
2.397545933696064724e-01
2.663456986518156766e-01
2.533138433465980666e-01
1.896289372724336286e-01
1.176143297665178805e-01
1.647088347083673077e-01
1.980121423445327655e-01
1.197873785565036625e-01
2.048344040923994469e-01
1.196866505614238019e-01
1.959207102907193632e-01
2.066420715137201325e-01
1.975011437811960147e-01
1.227996690175784666e-01
1.678838420550654298e-01
2.428582642792712076e-01
2.443781711950858138e-01
2.124079585101509571e-01
2.711624112336788461e-01
1.576355727047235589e-01
1.903488880842463538e-01
2.202872924429206403e-01
1.504719918023882941e-01
2.030711003234647871e-01
1.381586779810039800e-01
2.467191615638221480e-01
1.821161895924775231e-01
1.571129202471950592e-01
1.670775812954576056e-01
2.147320263379844107e-01
2.474730493391383568e-01
2.087277262498997144e-01
1.949791170143055641e-01
2.074663403167676390e-01
1.965674376941727308e-01
2.186784897599089450e-01
1.664067780585540557e-01
2.511593532596403944e-01
1.521292631800415796e-01
1.333170811235035447e-01
2.049855016824083387e-01
2.046151765448424031e-01
2.500725029877508554e-01
2.237828911788790343e-01
1.598759792933913404e-01
1.490321916591171025e-01
2.324982453834280594e-01
2.266783254507294398e-01
1.324561233090153778e-01
1.853379178460281274e-01
2.257863902864966354e-01
2.495209444044544922e-01
1.274415102046403681e-01
2.901779526192369008e-01
2.162507326591001366e-01
1.192129950960514467e-01
2.113267470543581106e-01
2.025352369054998491e-01
1.127580983416865551e-01
2.107021161374117157e-01
2.001740600177836227e-01
2.170342003120640795e-01
2.309140220141237543e-01
2.181052936056823710e-01
1.988671588995162831e-01
1.361677481867985817e-01
2.278045284641665169e-01
1.539954351707789604e-01
2.518988447780608486e-01
1.806605470733142760e-01
2.374532536462542753e-01
2.434187499580904301e-01
2.308609738132178513e-01
1.809845878013802978e-01
1.880181154528321186e-01
1.878310552970173519e-01
2.052041584872587310e-01
2.562763232568510130e-01
1.984146400610727612e-01
1.602013402649762330e-01
1.811463854862238876e-01
1.948948545840770985e-01
1.883761658992384180e-01
1.512603555589144000e-01
1.565958991459732719e-01
1.774911164257429175e-01
2.072760385061135913e-01
2.194901851540306259e-01
1.591300531957160480e-01
2.482468323127066945e-01
1.932359815917673307e-01
2.411641445273508821e-01
2.124451506157803982e-01
2.391864585229971363e-01
2.101510563910409246e-01
1.547273715480464440e-01
2.105067093782588272e-01
1.983137470455176299e-01
2.281315942254968365e-01
2.499285548969293336e-01
1.632022410099993881e-01
1.012211231049560123e-01
2.157652794678897035e-01
1.552748289277098015e-01
2.434203258631838229e-01
1.920514445619554145e-01
2.234054113151187348e-01
2.065145185492069657e-01
1.766202801548054646e-01
1.749806685784442428e-01
2.216781776528834735e-01
1.658374134017348844e-01
2.307640319056856737e-01
2.105736296228873095e-01
2.157639893603416070e-01
2.398536866489449360e-01
1.227887256838271074e-01
1.611233614478153331e-01
1.697880514312655187e-01
2.083289666138485041e-01
2.170592255590054753e-01
2.524379332963785916e-01
1.486926236433638304e-01
1.800024624232316461e-01
2.328103407142435022e-01
2.370624465157331051e-01
2.185851849575023986e-01
2.121298930561007490e-01
1.743004696801442599e-01
2.282308084858434560e-01
1.782611687941340894e-01
1.795551452369971435e-01
6.630798308138821651e-02
2.637811778184972478e-01
2.251748678886652533e-01
2.541342708643107295e-01
1.757052799417969102e-01
2.282104927852698362e-01
1.096712324022250939e-01
1.276034796242542235e-01
2.124230629915157820e-01
1.766208445769882063e-01
1.880090194504211165e-01
1.774975488817382430e-01
1.871764700657480573e-01
1.893945186497967559e-01
2.341183262159869383e-01
1.727661345472456533e-01
1.491383965951127710e-01
2.189517554894317708e-01
1.664037288829874339e-01
1.644511187597083868e-01
2.807321073355497631e-01
1.942551563468415399e-01
2.369648005189204099e-01
1.653363981833144702e-01
2.515901354318541006e-01
2.372508973195568971e-01
2.117784726878544355e-01
2.294102830543053861e-01
1.895856540518444378e-01
1.359737261927394525e-01
2.075392865212920546e-01
2.845251212556970666e-01
2.011743152576383198e-01
1.740639208915636393e-01
1.684924846061619519e-01
2.287880973673808993e-01
2.053777062338958681e-01
2.165294389631645111e-01
1.955502882154460387e-01
2.620939802178286482e-01
1.639025732025523874e-01
2.166653475997714906e-01
1.807443963053357583e-01
2.327869420085576790e-01
1.642809613248139566e-01
1.294453457004154373e-01
1.713550189218489561e-01
2.216740458929146451e-01
2.189398787692669601e-01
1.252663499974276951e-01
1.796670901290169375e-01
2.085126296144043101e-01
1.882157577829686179e-01
1.629818170184757775e-01
1.889471787427201288e-01
1.815134726328920534e-01
1.944233457021648792e-01
1.942930862347375665e-01
2.364995770664496677e-01
1.974586648306237702e-01
1.325892615967712573e-01
2.372533504208082233e-01
1.833151977196462168e-01
2.203566459598610694e-01
1.873351305403101741e-01
9.226012993571977572e-02
1.968083510279168835e-01
1.745002255993394480e-01
1.861438579717509811e-01
2.066788508895631149e-01
2.530777747347198736e-01
1.900736371213863352e-01
1.844692695962871498e-01
1.330908664203138969e-01
2.159869373621605138e-01
1.860702771015035062e-01
7.680904274297446765e-02
1.924575408544681732e-01
1.707544532773447865e-01
2.085463856878237432e-01
1.799235395036241358e-01
1.636926393331939455e-01
2.041905721886836111e-01
2.217379354416768866e-01
1.648995375710297362e-01
2.774121828136668633e-01
2.563701647700507569e-01
1.515651073021591910e-01
1.936505576921901950e-01
2.099003930886133018e-01
2.232944643627802483e-01
1.538583009310314498e-01
1.559597156391160089e-01
2.112603805573775861e-01
1.462681646039579453e-01
1.666653925202806197e-01
2.404470968623950433e-01
1.835691170578793996e-01
2.347947311812528526e-01
1.329016708485304121e-01
1.908959716099409010e-01
2.310658289276758537e-01
2.108606732509236970e-01
2.236259619551587696e-01
2.298370825274347606e-01
2.481550503567097610e-01
2.792171097349289699e-01
1.969147882690658047e-01
2.192719054706998572e-01
2.082115939583975284e-01
2.072358076404065830e-01
1.790658150462984544e-01
2.617573821369374443e-01
2.131643583338588555e-01
2.422802964275258542e-01
1.921904864096252163e-01
2.231071953298546240e-01
1.204189156471774103e-01
2.027581620402931772e-01
1.153009044358154489e-01
2.665454939310793470e-01
2.155463671958254279e-01
2.121777762138858658e-01
2.444015401975828672e-01
1.852960994978281040e-01
1.995857390607907456e-01
2.373995235709211726e-01
2.713986363536008417e-01
1.793176247123266231e-01
2.093253890758884350e-01
1.955537730889728432e-01
2.177422589575933876e-01
1.956337788963469493e-01
1.962921045137104858e-01
2.277637228746728915e-01
2.163739979286334325e-01
2.067482992803472974e-01
1.805233831622892193e-01
1.730369946596242159e-01
2.217942202878015467e-01
2.231502750137763502e-01
2.132920242309752079e-01
2.124168689158798806e-01
1.697387623491175279e-01
1.889231645767281420e-01
2.258380864910815022e-01
1.694236469775816101e-01
2.325210811494966556e-01
1.440310209688626386e-01
1.627674703501432174e-01
2.018905785331825131e-01
1.821774203190885122e-01
2.338495767689083016e-01
1.799593409923782861e-01
1.695320044989052921e-01
2.243855314247918398e-01
1.887979501596608045e-01
2.529002066528738268e-01
1.677049879507454544e-01
2.507767513994635378e-01
1.995455346066989100e-01
2.205700709388930536e-01
1.917414710004479994e-01
1.594259272051259668e-01
2.122838217615383716e-01
2.016993603162068049e-01
1.313668679437686448e-01
1.863593124171582793e-01
1.758058427229715337e-01
2.221203482390224637e-01
1.975815158581017694e-01
2.186142774387797028e-01
1.888269977720367365e-01
2.332328399001783459e-01
2.030008083998182111e-01
2.160260607475066597e-01
1.440684021706039319e-01
2.456588721298175182e-01
1.499521838655315797e-01
2.043652859832309487e-01
2.277953140026207357e-01
1.864079369600795122e-01
2.586569197678114662e-01
2.096754397362296796e-01
1.772446669518424334e-01
2.491252527124463712e-01
9.922989019177452796e-02
1.795152846596768936e-01
2.362329960622289726e-01
1.672525576827139926e-01
2.179251346360338015e-01
1.182383761108952575e-01
1.927489250526701337e-01
2.132103030511457997e-01
1.233733506060216839e-01
1.972329224872179376e-01
2.028935344388017037e-01
2.080882374916521171e-01
2.209100098950537994e-01
1.942707449498545236e-01
2.143588212176670282e-01
2.092527310112416716e-01
2.783102762386450713e-01
2.652927157684925041e-01
1.731761490998080522e-01
1.936719530135202760e-01
2.435701224643732621e-01
2.577247452290802876e-01
2.221417315384806301e-01
1.919094015139032050e-01
1.788779327319736101e-01
1.618400037162611438e-01
1.926382263386341165e-01
2.236204839464525918e-01
1.111253239618288091e-01
1.852928265081631998e-01
1.839836574735500829e-01
1.692736976146096139e-01
1.810022255953838421e-01
1.471896657781423534e-01
1.558417196537847660e-01
2.146306862791419190e-01
1.828885120949904908e-01
2.414166673817029207e-01
2.244970919683829946e-01
2.525032886827168754e-01
1.788747924671827139e-01
1.228663271540511304e-01
2.250002023711937804e-01
2.180676608195848687e-01
2.045908004123481172e-01
2.208727075400319373e-01
2.608662129382944839e-01
2.270730853860756238e-01
2.002524014567800548e-01
2.391720395777810759e-01
1.382698808633177623e-01
1.453193140717251031e-01
1.837094636350385390e-01
1.830433637039898809e-01
2.108499930530386701e-01
1.565363182501135209e-01
1.535933784790384782e-01
1.760453411534382284e-01
2.242220665612316699e-01
1.565388748579763234e-01
2.118605760845004571e-01
1.308648697246114212e-01
1.994742682218144936e-01
1.758921339202426659e-01
2.247433136497750672e-01
1.975268014567154451e-01
1.337913498573509996e-01
2.080726712375935983e-01
2.480297695149040749e-01
1.409291506880618883e-01
2.801860413445967368e-01
1.417575193628210495e-01
2.400170106092305577e-01
2.391635755097316351e-01
2.516811556284190843e-01
2.080461666641185703e-01
1.531507994298850484e-01
1.018268217664127367e-01
2.344211854114459093e-01
2.093543506300152846e-01
2.131524036680203238e-01
2.075482795780525247e-01
1.753259604660500903e-01
1.899016449990563737e-01
2.038040378415461040e-01
1.613879084930276153e-01
1.592403782838011927e-01
1.895719216899228454e-01
1.344440607689323941e-01
2.093830793065071805e-01
2.253964957095435373e-01
1.837806620096493482e-01
1.952914678780707514e-01
2.225322948757731123e-01
1.921400496890720566e-01
2.207131653764274337e-01
1.927878262595108805e-01
1.804559151366040282e-01
1.693805814088780171e-01
1.926159173629265753e-01
1.910557084042754927e-01
2.101114904898429281e-01
2.124794644535487331e-01
1.504591153010763904e-01
2.269434335237080769e-01
2.339233375724910635e-01
1.780469567772350326e-01
2.556352464721901585e-01
2.618101191099528879e-01
2.229062515485337181e-01
2.778718856236087609e-01
2.367138503924376136e-01
2.314771216284731148e-01
2.237345596432495642e-01
2.129479826472515380e-01
1.614937498047110398e-01
2.053845146889330397e-01
2.016852500077703225e-01
1.192217585080642406e-01
2.331115573713915257e-01
9.664569954877283431e-02
2.701021001947076505e-01
1.587924280302245306e-01
1.552532061053027435e-01
2.336328789130719119e-01
1.743308193551703078e-01
1.773174908803422656e-01
1.952082217117066809e-01
2.394074091247781477e-01
2.305549804993745067e-01
1.767254735581892111e-01
1.898079172605577347e-01
2.442154130201812379e-01
2.501194866638593028e-01
1.857377621282741975e-01
1.957196305353047783e-01
1.390636911316564805e-01
2.122464268230942197e-01
1.397022041499179912e-01
1.946189414246579374e-01
2.099659833046728374e-01
1.897081259430961342e-01
1.839713510160967680e-01
1.976465642329106320e-01
1.119918502369096625e-01
2.043299731777450945e-01
1.606800475362881453e-01
2.318019896606298980e-01
1.401054503231900505e-01
1.972741435437320168e-01
1.465594883456679542e-01
1.252853445251362607e-01
2.063648044881972177e-01
1.704281479551499057e-01
2.096264518540184307e-01
2.134035512284834235e-01
1.600105121984360668e-01
1.911907328643545900e-01
1.973816154785836829e-01
1.968356240598727602e-01
2.170623046131258949e-01
1.887246485974988786e-01
2.030885555739022352e-01
2.229379080252127110e-01
2.573201920830009426e-01
1.364321754534065512e-01
2.126337366225992398e-01
1.783827050555617244e-01
1.957061813073115442e-01
1.402946885310080438e-01
1.650865960130134258e-01
1.646050010260600716e-01
1.224543288099020077e-01
1.590843742980290743e-01
1.789407519618156917e-01
1.867480335032940530e-01
1.172225998300129995e-01
1.154917334083701563e-01
2.386698940328891294e-01
2.560922453050922254e-01
2.555343895737684501e-01
2.102840128934221897e-01
2.222299618638421959e-01
1.527852381052320907e-01
1.745126423774132907e-01
1.926722046978186220e-01
1.142411563680972714e-01
2.217613583026981916e-01
1.504925837940027655e-01
2.135820493875691672e-01
1.503587947081063136e-01
1.128767831489314311e-01
2.052966201373539468e-01
1.453361745789218118e-01
1.526608240092574287e-01
1.827790012314009505e-01
2.775396130250900040e-01
1.960955590007397720e-01
1.429749866056011232e-01
2.291928570194659565e-01
1.316967178272999139e-01
2.310208601213079860e-01
2.008745708683460363e-01
2.228440539682394472e-01
2.658122498653600618e-01
1.945643701606823706e-01
2.390200691776721009e-01
1.930612840308542077e-01
1.689776049695741189e-01
1.526851930201679752e-01
2.476614707986396491e-01
2.168839741148338718e-01
1.286230865611523166e-01
1.679001908138507970e-01
2.520322377613664622e-01
1.794430702726433069e-01
2.218392641667874809e-01
1.802927021172112676e-01
2.236850535976412646e-01
1.885082608307216412e-01
1.780817805643802321e-01
1.897506580181051727e-01
2.163846759273568288e-01
1.706029666222227126e-01
1.734059504059465018e-01
2.147820827157826962e-01
2.084910090665767768e-01
2.146001775528344757e-01
2.234684384615500952e-01
1.329100194532774892e-01
2.682009884023896507e-01
1.341840805436433359e-01
1.834232781593240214e-01
1.941586308795388016e-01
2.173208014209565830e-01
1.771410386460369746e-01
1.779873508280256922e-01
1.186328848671951430e-01
1.445258228332751138e-01
1.608084229466790471e-01
1.646557643900937173e-01
1.987643122983648314e-01
2.464921255191451499e-01
2.030205301513145766e-01
1.435327531642539567e-01
1.857226137284085921e-01
1.699801746235572453e-01
1.397410631618533072e-01
1.853915800175595097e-01
2.181756644680173107e-01
2.459235247721979767e-01
1.857316282445913569e-01
1.232040268157849339e-01
1.353904665554117037e-01
1.124086984740636369e-01
2.838109729848665719e-01
2.312521264343468108e-01
2.393810518136184617e-01
2.504132415025004388e-01
2.250595784962256263e-01
1.816802303607729374e-01
1.839719145219050334e-01
2.138556075648045396e-01
2.079242335347404325e-01
1.780561651022410374e-01
1.078616196224826823e-01
2.130333534036459309e-01
1.626259730437953910e-01
1.561252489946758359e-01
1.928785095116649917e-01
1.958458113544296331e-01
1.873727791456536174e-01
1.632957599766413637e-01
2.336133875133792059e-01
1.729880864505322635e-01
2.390115515372980282e-01
2.459320631432626580e-01
1.745893551762886242e-01
1.770939868111799653e-01
2.201760156360793030e-01
1.849116043403178367e-01
1.813866509561166129e-01
1.771757686228000450e-01
2.094696566664345783e-01
1.993945406160789746e-01
2.318321375651080096e-01
2.049628781969407842e-01
2.218984312254276281e-01
2.325580461898750229e-01
1.993108353857901971e-01
1.480850225758050809e-01
2.554013348899020763e-01
1.673901195914422879e-01
1.241774539564214630e-01
2.414558588929427152e-01
2.124446646152358953e-01
1.768239191446350778e-01
2.281157104393702340e-01
2.223611545962534686e-01
2.090748493438122635e-01
9.622341695952246754e-02
2.323205805283521386e-01
2.004922712517358263e-01
1.988142047007712410e-01
1.885682194334071526e-01
2.066140238650912564e-01
2.244945874082693027e-01
2.300894940902255270e-01
1.287218144407126508e-01
1.906432749662116677e-01
2.932666046857307918e-01
1.591465746035936879e-01
2.628964212024371694e-01
1.988668964269249273e-01
2.606932991621747631e-01
1.550924483330890780e-01
2.008644419220599331e-01
2.312887103830599533e-01
2.090726790123696999e-01
1.817633940619954036e-01
1.635492979641356703e-01
1.048683752481777282e-01
2.153074745937966217e-01
1.668241230014589349e-01
1.735345730766768568e-01
2.459000983035161680e-01
1.794695236936239280e-01
1.836804651892765816e-01
2.109396717518033648e-01
1.790913395720072632e-01
1.914492159591066056e-01
2.421601835261701086e-01
1.517916779543365957e-01
1.593316956622510827e-01
1.625066135672293965e-01
1.361122036185440920e-01
2.347801032819488987e-01
2.152014492661749878e-01
1.952783110452932791e-01
1.933026180350180812e-01
2.576279444186020395e-01
2.237043670082524416e-01
2.342184035715281776e-01
1.775736303049292863e-01
1.499275431318990992e-01
2.612602242523945906e-01
2.168327591452373637e-01
1.738506779649591771e-01
2.266392376872050640e-01
2.416544952022589010e-01
1.607551978545833649e-01
1.556238051528837374e-01
2.159322910447124821e-01
2.145251114350097965e-01
2.269666292934199581e-01
1.165485933682643693e-01
2.335844243388504604e-01
1.285629486245562225e-01
1.741927549358880389e-01
2.360778451687549628e-01
1.358197179134690569e-01
1.434260044166422998e-01
1.996166590908037552e-01
1.976605844033210990e-01
2.117648738181191204e-01
2.499224328165579601e-01
1.889277023806234801e-01
2.479272658386220407e-01
1.474593817370093429e-01
2.425212789654225543e-01
2.270201520194859157e-01
1.785498999578100932e-01
2.604944647889857468e-01
1.533720753797168657e-01
1.976428469631430762e-01
2.564093246753645361e-01
1.881640036304182140e-01
1.788894606569611245e-01
1.671269521968011540e-01
1.199540674561093978e-01
2.176738851805124775e-01
2.139623843961616645e-01
2.159271655001540335e-01
1.455961698886471811e-01
2.086471445061997554e-01
1.534660757010608001e-01
1.860099701408254869e-01
1.323736001389753392e-01
2.028976078496658453e-01
1.453706895362957274e-01
1.346594681712139918e-01
1.303863965228817534e-01
1.352872718484509629e-01
1.827478060000842230e-01
2.153538502813028555e-01
2.044234685423713949e-01
1.842388947651995568e-01
2.023682179871803821e-01
1.804708406054330305e-01
2.447283110669725148e-01
1.666422265817531501e-01
1.239210234749670014e-01
2.093562695675969809e-01
2.390189484209070681e-01
1.271259050090117748e-01
1.861621720970805804e-01
1.297595022736106052e-01
2.006641814532623691e-01
2.175289946056946921e-01
2.218311565506408956e-01
1.824605104518149390e-01
1.729846523871163555e-01
2.602830200833263774e-01
2.324756798767513011e-01
1.748100437528978812e-01
2.070354257217995320e-01
1.880685960894189213e-01
1.906522407282001674e-01
9.692062610622524665e-02
1.771017047705168990e-01
2.006763428846767006e-01
2.695444529834403746e-01
2.084861146428045597e-01
1.897523266919430573e-01
2.384280045609501464e-01
1.865679269091195247e-01
1.567890770608385276e-01
1.201441526798281284e-01
2.007432724838701943e-01
2.023040478073057924e-01
2.065410189761370252e-01
2.634571908792412986e-01
6.540096763488344178e-02
2.213700100261655757e-01
2.594184997546301052e-01
2.160042410254716938e-01
2.182326687007137556e-01
2.236166325765532870e-01
1.836446744352928095e-01
2.272956942330812136e-01
2.140420382609545258e-01
2.243090111685559496e-01
2.062530687005828256e-01
2.218293362058257612e-01
2.439003523888364222e-01
2.332734338946700625e-01
2.245729108432944487e-01
2.104462632592284110e-01
2.447863057097753592e-01
2.021500536493898159e-01
2.262467531312941926e-01
1.564317613310666766e-01
2.297883750440098682e-01
2.130388600640524543e-01
2.118187964049614846e-01
1.543278440352904013e-01
1.507790801093284172e-01
2.012322644756275591e-01
1.320194438425152661e-01
1.871923421087025585e-01
1.896631693026386012e-01
1.597872036941515583e-01
2.137696707795027629e-01
1.804896947855898492e-01
2.321200181217731029e-01
1.124724439546564980e-01
2.139192584710229439e-01
2.303241447212878157e-01
1.701488976378753293e-01
1.733420603668087145e-01
2.059261133410222044e-01
1.150183528771812763e-01
2.337782324963633418e-01
2.027869449735854868e-01
2.010717327717612690e-01
2.208608728967193513e-01
1.785313572062709742e-01
1.635223003858558011e-01
1.700142974795001427e-01
1.534747389526170125e-01
2.308933587671443965e-01
2.137215766196277900e-01
2.092353800272194475e-01
1.392047051376159861e-01
2.309721882604008902e-01
2.269025235961751874e-01
2.305419364991732889e-01
2.447785346489213254e-01
2.504761003923293150e-01
2.415454555256764391e-01
2.240271574578316383e-01
1.760647877995906163e-01
1.675174630325569625e-01
1.968159978315980052e-01
2.028087410758038778e-01
2.113066204060574105e-01
2.148496186594293922e-01
2.189549478772914726e-01
2.038285690938920758e-01
2.222674380934205329e-01
1.242606020622881724e-01
2.204960708362802280e-01
1.390813460280880542e-01
2.468108467524337823e-01
2.113718783967348247e-01
2.133256074718536677e-01
1.862156462637266086e-01
2.489554461309713695e-01
1.680040503087616433e-01
2.113826027219086467e-01
1.543251829762477823e-01
2.122969618172514394e-01
1.660526915109393764e-01
1.488920513172922455e-01
2.548818455412058537e-01
1.534074417224947084e-01
1.977884633186776653e-01
2.145689776324752884e-01
2.098416041030759238e-01
1.449349453642047036e-01
3.068061165132176527e-01
2.012937900116091028e-01
2.108729943927249439e-01
1.746544507683056302e-01
1.784598084973174903e-01
2.122220486581109233e-01
2.560883226411615476e-01
2.187506650705706712e-01
1.310452899282696648e-01
1.689418448219855706e-01
1.274946509977867293e-01
1.994003597723749965e-01
1.751074806897610636e-01
2.336364758828161914e-01
1.470753469203885666e-01
1.715998425136399941e-01
1.723001487272584897e-01
2.195317488780463844e-01
2.083908969870879868e-01
2.354550798109941168e-01
2.201517330739475309e-01
2.172098445399380240e-01
2.224337675896782829e-01
2.271822165365206814e-01
1.419467582508197323e-01
2.222050482452198605e-01
2.056713438468865673e-01
2.241753567992830209e-01
2.535294579638927570e-01
1.197593068669730310e-01
2.133206837672847189e-01
2.206355241291950986e-01
1.991286428619746252e-01
1.316905522478850898e-01
1.759300464627970573e-01
2.200568009850503715e-01
2.480941000952862352e-01
1.228029682425141877e-01
2.518879165934718167e-01
1.853946280204515906e-01
1.973792720543716961e-01
2.079767027038685323e-01
1.492328563339114511e-01
1.876981790754471136e-01
1.823711898506893969e-01
1.766718070701066845e-01
1.877364347065461903e-01
1.570857219010891037e-01
1.514167996506468883e-01
1.983413374080887914e-01
1.609304348220937098e-01
1.162653193118004524e-01
1.987781169028037531e-01
9.973950360777830704e-02
1.710412092405339535e-01
1.415517534350174966e-01
1.476173522756251133e-01
2.385329330608617626e-01
2.364586495949406730e-01
2.260799601129531156e-01
2.457219001613783482e-01
2.080875525686218808e-01
1.572501364817310010e-01
1.827051453726048769e-01
1.587864171370633459e-01
1.762620579036492108e-01
1.995028219514495826e-01
2.563115290792142287e-01
1.259286199806194939e-01
2.269916181449412040e-01
2.262302388079345805e-01
2.184858349534445077e-01
2.557207066520140182e-01
2.198295679576734163e-01
1.584133293030902667e-01
1.218838706326739046e-01
1.679912727649331416e-01
1.496570758731512185e-01
1.604967757174856624e-01
2.489943700326177067e-01
2.218480634592773781e-01
2.476909623969604790e-01
2.384205988467657245e-01
2.051678653456870394e-01
2.494903249512033239e-01
2.256414874941896354e-01
1.882561879383390369e-01
2.342354054793167328e-01
2.343098124554503503e-01
2.653360780937760177e-01
2.112054455295089839e-01
1.816539213951407772e-01
2.725719495151733285e-01
1.917991272095739275e-01
2.433896887454882751e-01
1.902961827754222623e-01
1.231127774187939089e-01
2.105280789260075558e-01
2.456923065683516150e-01
1.543824740789373762e-01
1.947980098806118276e-01
2.203857192115268870e-01
1.903099022491942238e-01
1.691383575278337104e-01
2.253190418234944647e-01
1.200560615530113784e-01
2.249978483441019972e-01
2.187299205982672079e-01
1.631817948923910688e-01
2.289702497808304704e-01
2.100145824404061889e-01
1.889128717740403973e-01
1.156703361518999079e-01
1.691137630519670143e-01
2.097953209539582531e-01
2.406612317635707654e-01
1.351363625230624643e-01
1.929825334340241061e-01
2.636455772296866229e-01
2.161383146638358732e-01
2.760743021450490775e-01
2.062426709576138939e-01
2.070664826903448885e-01
1.713284234405086648e-01
1.730732176088883578e-01
2.282173729589714040e-01
2.040438394206645079e-01
1.189787537130820722e-01
2.076037793575641333e-01
2.009283497680779407e-01
2.095637734356976256e-01
1.894373036934390575e-01
1.975307597902047074e-01
2.177644517877761476e-01
1.810300374421413283e-01
2.042091529944710382e-01
2.296264246448608548e-01
1.502646437122831247e-01
1.889491093498322227e-01
1.989469492131342165e-01
2.583980288197026964e-01
2.110717795428902754e-01
2.009253291401678909e-01
9.981156872329789709e-02
2.070123002767947917e-01
1.525064587492219736e-01
1.950446152981540615e-01
2.349323286589498350e-01
1.923851361983565378e-01
2.271484962713606892e-01
1.625526054994815561e-01
1.788001211823330716e-01
2.197197366534102136e-01
1.976945494560216898e-01
1.286206712832080601e-01
1.850813846108403105e-01
2.087726945340937224e-01
2.011771077006138664e-01
1.948063920984117736e-01
2.798321709692110359e-01
2.423263565410295750e-01
1.305521289791364281e-01
1.522240131969209986e-01
1.760968151367882650e-01
1.182055300395737224e-01
1.608798970822715446e-01
1.512367074156537594e-01
2.297553785144497152e-01
2.072659944737109683e-01
1.565346307438606477e-01
2.138159691198466827e-01
1.452782036182296566e-01
1.679973293964693026e-01
1.981340724682368881e-01
1.821719171228199652e-01
2.116071047420627071e-01
2.147115352105368469e-01
2.118658638581553122e-01
1.175151533602646625e-01
1.993376455111068313e-01
2.443411079985408907e-01
1.705437830714779390e-01
2.091219698785344028e-01
2.786879935688295062e-01
1.535006807636682402e-01
1.420470283931257460e-01
1.687157130792877879e-01
2.579804990823585942e-01
2.237940131590159254e-01
2.502516240335925790e-01
2.073385677826259377e-01
1.552606221058455138e-01
1.953484516122457604e-01
2.190855907001923730e-01
2.011867658505395451e-01
1.882205448951199123e-01
2.170737785810886444e-01
2.039302453531444126e-01
1.235376908884929931e-01
1.722100848473492873e-01
2.724978753979590551e-01
2.350481228045416260e-01
1.651823074681877668e-01
2.382523029747531662e-01
1.569387031646263253e-01
1.976607878278954789e-01
2.367136212007529272e-01
2.036508082390900698e-01
1.843445919139118927e-01
1.184700265618013754e-01
1.956866306095246810e-01
2.048625188262860608e-01
1.842744032531835607e-01
2.248753155041011143e-01
2.334035755286562874e-01
2.540077948063968472e-01
1.938942488404744036e-01
1.692555489275591740e-01
1.796720475947042595e-01
2.076066306206179879e-01
1.234490038879776513e-01
1.820986547478524453e-01
1.901305127044846388e-01
2.105971755103870080e-01
1.515835639209770769e-01
2.085510725864903603e-01
2.276525184696478465e-01
2.223247976850286356e-01
1.677684256099711835e-01
1.782224713059998300e-01
1.134967565156674157e-01
2.205086587737349335e-01
1.510343594560746572e-01
1.233528328330120161e-01
2.773951601528349964e-01
1.855614835994398304e-01
2.087356902317914487e-01
1.661977114490878205e-01
1.931309100550462343e-01
1.515154843884531644e-01
1.507607016488963225e-01
2.323610843348892507e-01
2.363885256504885402e-01
2.431702055405605967e-01
1.527518874283147199e-01
1.698407610237033794e-01
9.832692684434729546e-02
1.088622670384557511e-01
2.418155143039449340e-01
1.935370627334667415e-01
1.780883166794970940e-01
1.895291657390972551e-01
2.263011383664168263e-01
2.113086488504118954e-01
2.141204071567459621e-01
2.295511717880751312e-01
1.447408066348497835e-01
1.380133477099641237e-01
1.688110531363405942e-01
1.255362711124629327e-01
2.031544761377502006e-01
1.621992776391585622e-01
1.566005214451232919e-01
1.393183776205170199e-01
2.183432003228017448e-01
2.260183359610005716e-01
2.114978119551136904e-01
1.920017319993732874e-01
2.167874118018915386e-01
2.101378690013691319e-01
2.127435967294764585e-01
1.374583185473583213e-01
1.816368807336549984e-01
1.882581262914638509e-01
1.895327175698910960e-01
2.148470333163609025e-01
2.272022305314020107e-01
2.202792067600391757e-01
1.777449240379172513e-01
1.856652165175074198e-01
2.079319282458935991e-01
1.406163645739377244e-01
1.356906441575446709e-01
1.060433107880212611e-01
1.805913352935440974e-01
1.958361086667698980e-01
1.851283999175757644e-01
1.166727760065059405e-01
2.109643625593165261e-01
2.006612051206383140e-01
2.083645578836428869e-01
1.855976411825620009e-01
2.322467931740109237e-01
1.910360308638247295e-01
1.550210068602315139e-01
2.052216326144949421e-01
1.960290774902298250e-01
1.293029081457216789e-01
1.989293539889401830e-01
2.072787085388356765e-01
1.905137980142779797e-01
2.220065255635835511e-01
2.498588781088232624e-01
1.862812257992680354e-01
2.080256144938142648e-01
1.172711070033735092e-01
2.034984502069080159e-01
1.644575453448772484e-01
1.389789942421850166e-01
1.775931099071802743e-01
1.782153163603679702e-01
2.351185485499027727e-01
2.065795431043477293e-01
2.438840212082929726e-01
1.597089749587996821e-01
1.973708597971528256e-01
2.046390972820483212e-01
1.190987810869817976e-01
2.395003606048386469e-01
1.728050376860236492e-01
2.324406580646674880e-01
1.684622949433686456e-01
1.768793491776351479e-01
2.258508098226973404e-01
2.040504050315013751e-01
2.002871984512308023e-01
2.584833765347230305e-01
1.493975486702891209e-01
1.630156290853123635e-01
2.360238117581468509e-01
1.319872444353419882e-01
2.380874032715508404e-01
1.045080280404398765e-01
2.141739072899414009e-01
1.860494485216457328e-01
1.475912553981296726e-01
2.215438991089953569e-01
2.067018300705773248e-01
1.550273537513111033e-01
1.193893224401342823e-01
2.222924511664264025e-01
2.047540043682042898e-01
2.124881722338427814e-01
1.966283573972862075e-01
2.703735347980835702e-01
2.221806133705433173e-01
1.563796986285580781e-01
2.285508955234210327e-01
1.362194855743145971e-01
2.232813982642807837e-01
1.298632791762056315e-01
1.141149455002647140e-01
1.637617346289542974e-01
1.619046133652417008e-01
1.940260068517028202e-01
2.037978778171691263e-01
1.967772512248504024e-01
2.085560511273938933e-01
2.120664307355779321e-01
1.860156335025054675e-01
2.175794870507888057e-01
1.614559731510442353e-01
2.337247520913877663e-01
1.941397594017686690e-01
1.726390617825159790e-01
1.506824493505951046e-01
2.072464515324433376e-01
1.825155369460854382e-01
2.250823183342904599e-01
2.511125785927635912e-01
2.318109737023333339e-01
1.789059880740118402e-01
2.057844351350310852e-01
2.409831431407323532e-01
2.062391500560518121e-01
1.563505603997112359e-01
2.228283562976984267e-01
1.560039749447355573e-01
2.281080141684960205e-01
2.708808427544644459e-01
1.682920464631879331e-01
1.965139276874802721e-01
2.030488774576311162e-01
1.665593371774782006e-01
2.464252054289159666e-01
1.257143613030846652e-01
2.412627280412976416e-01
2.350794280616580190e-01
2.231817137649397265e-01
2.046629054347542387e-01
1.979284521600524760e-01
2.585613141235479362e-01
2.044386919125095181e-01
1.739764883451460908e-01
1.783917664591800900e-01
1.920611881931671150e-01
2.226653558645708963e-01
1.957777866759706498e-01
2.634208971992136883e-01
1.449687301072509482e-01
2.023049020239214846e-01
2.401003883365938341e-01
1.727370377685497060e-01
1.894668495175124423e-01
1.339531851471234269e-01
2.997080052100790093e-01
2.080465430961669637e-01
2.056623100516597746e-01
1.709291132598657892e-01
2.057564413151317384e-01
1.972867327265029058e-01
1.639929643159834249e-01
1.036016881088646507e-01
2.196984275567687162e-01
1.696783265942027608e-01
1.438861342624140338e-01
2.448229868703712120e-01
1.677448373179549479e-01
1.832370655258143133e-01
1.618099749674745402e-01
2.345279225242721255e-01
1.904234555353644942e-01
1.408962758621670752e-01
1.298981644265610191e-01
1.448444851800012034e-01
1.112540009969749943e-01
2.070813024632502386e-01
1.264019502865558753e-01
1.458513226906670290e-01
2.053589502578016535e-01
2.061438398024267871e-01
2.677303503420088160e-01
2.473176510474680567e-01
1.930286406854719028e-01
2.374796391155228337e-01
2.535795207116698924e-01
1.964344468728786153e-01
1.710915945493841628e-01
2.107814141213698866e-01
1.968564400904587453e-01
2.249963799588523550e-01
9.558290445075805219e-02
2.286765685196128495e-01
1.281409552112857397e-01
1.191544568431828488e-01
2.605659220586835079e-01
2.058234559882773929e-01
1.912698385571350024e-01
2.443675619454182268e-01
1.761522368746509248e-01
1.771460531603482880e-01
2.059950513803886496e-01
1.443491863200978276e-01
2.406660973243529844e-01
1.830405872824946989e-01
2.131383435002421334e-01
2.564245690930608279e-01
1.673928600257605925e-01
1.772266046921535387e-01
2.433988955602491844e-01
1.850540934494885048e-01
2.021558189550318463e-01
1.011158498076785844e-01
2.400791197977827640e-01
1.769338861693663389e-01
2.275641937343649279e-01
1.789959237901281863e-01
2.191879609490417768e-01
8.884056513847869707e-02
2.109796527416983591e-01
1.683151205978902498e-01
1.864741733851787986e-01
2.211976658397545870e-01
3.013393453454689119e-01
1.480858653881039766e-01
2.199520886451277191e-01
2.318418472229577809e-01
2.127746924179711452e-01
1.386777368579158731e-01
2.070320389971164465e-01
1.571551407409945422e-01
1.710391725550174935e-01
2.194854952449666330e-01
1.996162083276960819e-01
1.593601214550737222e-01
2.102488411389089040e-01
1.582189581157673886e-01
1.860606655850665647e-01
1.867443792836029626e-01
2.009100977101061780e-01
1.411018695148794355e-01
1.849445253161848268e-01
1.885856370167979523e-01
1.817989267424906241e-01
1.957354695212777940e-01
2.037408771146691500e-01
1.991344781925205865e-01
2.186792883173449553e-01
2.542561695500251129e-01
2.009297061907354409e-01
1.961078940952548089e-01
2.356121776619823083e-01
2.166990457795723024e-01
1.924995282422669596e-01
2.163525613103231826e-01
1.494555457756337469e-01
1.672489639574197828e-01
2.152312859626894503e-01
2.215367941042813704e-01
2.013393563869474712e-01
1.894217883531771063e-01
1.648304139978168659e-01
1.654641546074565595e-01
1.695621210405055534e-01
1.266157188407877332e-01
2.005769434825251940e-01
2.021500476063721186e-01
2.222131032016786134e-01
1.769277474321825361e-01
2.041770163030298124e-01
2.010875991901083515e-01
1.825145021512378229e-01
2.270158621309446845e-01
1.811307115302374926e-01
2.443973729213631263e-01
2.008127046660466153e-01
2.113506130766724944e-01
2.223536395911314967e-01
2.317112016883141334e-01
2.211535367348963221e-01
2.140845861885771750e-01
2.037168489963673834e-01
1.837280442908015565e-01
1.626851520830052134e-01
2.303535083732766442e-01
2.122205656057488399e-01
1.156174384667625760e-01
2.165728954397785899e-01
1.880658466686005448e-01
1.539025912874339985e-01
2.427273298104094534e-01
1.336251517721950277e-01
2.528787110234197444e-01
1.365506044114983275e-01
1.502015051165361270e-01
2.197961250340595696e-01
2.193933124602392426e-01
2.511514097201311690e-01
2.094133401371252312e-01
9.474287887059676394e-02
1.414400786965916423e-01
2.550513527253090995e-01
2.573125413021715713e-01
1.872979463169310577e-01
1.669845199126084034e-01
1.824070707528991364e-01
1.053888241073725474e-01
2.482567972044717186e-01
1.516633125359970191e-01
1.822975603009823753e-01
1.335917703728854988e-01
1.818232871355578428e-01
1.957905440975746258e-01
2.427325217184979345e-01
1.584402744350601466e-01
1.618131656763685533e-01
1.337372982386456355e-01
1.963995838172729880e-01
1.490663990481108370e-01
1.871915078806243027e-01
2.445015508123255243e-01
2.741898147287088472e-01
1.887758218846704583e-01
2.007488323706808075e-01
2.105718121630857087e-01
1.785883290124195555e-01
1.139670072140918228e-01
2.155457634471525108e-01
1.909398471105374917e-01
2.211805371802151587e-01
2.364485336962564299e-01
2.796672391118793510e-01
2.475863293758439054e-01
1.765856370529336750e-01
2.140874027121253687e-01
1.920693967152819481e-01
2.431352975965054841e-01
1.817423340124986186e-01
2.489961286804028562e-01
1.918652494387161900e-01
2.230347332883395040e-01
1.649722155953940728e-01
1.936369081534702608e-01
1.464234459525845244e-01
1.909012434646283340e-01
1.242848170297563559e-01
2.027872130841494869e-01
2.379984944641679590e-01
1.855192611586673201e-01
1.407742593001334308e-01
1.798011109359935467e-01
1.962069907693027859e-01
1.547561418961158619e-01
2.286838990539331040e-01
1.014839749344251807e-01
1.932805565540429427e-01
2.286582824131948855e-01
1.963206384976985686e-01
1.217527585180679384e-01
2.014989818385393427e-01
1.616834430574363712e-01
1.927320251615436408e-01
2.475647349431974453e-01
2.106574951823389219e-01
2.286028884844132358e-01
1.645418553184581634e-01
1.725654628539324276e-01
1.122212688997254459e-01
1.859524476642450685e-01
2.231735934413822120e-01
1.721517941869309398e-01
2.059944665600898783e-01
1.844856444357996506e-01
2.160716276909057376e-01
2.222412825032868966e-01
2.053025865362513858e-01
1.691864392530913752e-01
2.327303486819671530e-01
1.279591119208732253e-01
2.127991191844421370e-01
1.849086830788536362e-01
1.820658157004181044e-01
2.339499893266460684e-01
2.223710758178331082e-01
2.153623550180218393e-01
8.847343631771807659e-02
1.807575637307878569e-01
3.332918275502804728e-01
1.357214663624646822e-01
2.085850138824579814e-01
2.211951638006747212e-01
2.224465060477627820e-01
1.426950880400670030e-01
1.980007187741187891e-01
2.120812975088605112e-01
1.684210273674751346e-01
1.268756492157565585e-01
2.157448377909001458e-01
1.734093389089065573e-01
1.969148316620498163e-01
1.622114876436702158e-01
2.050249705045122106e-01
1.488544299013062899e-01
1.874397813493591802e-01
1.981647884166234941e-01
9.238326261440696352e-02
1.328208144147004222e-01
1.436711628015667763e-01
1.759049933502246921e-01
2.480007092908472488e-01
2.480046154376751577e-01
8.114525881996605128e-02
1.440786511496499334e-01
2.192914674425442967e-01
1.739811932977749498e-01
2.062925434701966265e-01
1.617866621748529077e-01
1.360238720884259789e-01
1.902307630184543463e-01
2.102264563199198744e-01
1.905020482495933809e-01
1.824795481215122084e-01
1.402092849197876523e-01
1.125603754800591078e-01
2.172156958588457309e-01
1.358950921729997485e-01
1.930333771238521290e-01
1.744265451959795821e-01
1.064818870501285375e-01
1.985319195564957950e-01
1.763303047683127678e-01
1.992711914614902768e-01
1.945298285204108690e-01
1.783407137872252413e-01
1.644333284475094914e-01
2.090803190259157840e-01
1.966706362781641682e-01
1.632988444450315380e-01
2.262093186218180896e-01
2.001374882052965043e-01
2.224379527029705372e-01
1.557136333749638279e-01
1.477801162293958248e-01
1.976832048804924025e-01
1.109884023332298464e-01
2.001167818877021276e-01
1.374980829956489181e-01
2.383359178862150263e-01
1.782076030282993551e-01
1.525992342360514287e-01
2.304686011933021750e-01
2.137970248472758350e-01
1.994553382908148265e-01
1.873173542907389244e-01
2.001580349554202554e-01
1.489836434563157064e-01
1.613116071395827023e-01
1.979097050385566769e-01
2.160648802837447924e-01
1.992172300848051303e-01
2.477056545751393779e-01
2.113624814566476273e-01
1.767658627218232081e-01
1.839091369870083925e-01
2.486863915086321153e-01
1.986969024388151039e-01
1.519793725931286865e-01
1.124862301840171414e-01
2.323078708887214017e-01
2.175998477057264902e-01
2.484447257832646527e-01
2.387586272072402538e-01
1.678667023474334496e-01
1.514713400400592158e-01
1.849765831639416935e-01
1.715462654429027178e-01
2.091737936539888876e-01
1.881893256412025539e-01
2.065797562797147269e-01
1.660246486831836454e-01
2.106994569500748871e-01
2.112847046750815361e-01
1.541862966607162044e-01
2.432134245790013027e-01
9.320050476766809922e-02
9.770118006701530855e-02
2.032963809281014278e-01
1.816834896321301851e-01
2.075513086384765671e-01
2.322655022109448020e-01
1.724575284999431135e-01
2.239074687684904919e-01
2.174549828229987991e-01
2.143556489255999675e-01
1.784970867186797261e-01
2.016446790163568259e-01
2.154533517926013886e-01
1.778105680222116791e-01
1.588371413917543384e-01
1.616272178531961701e-01
2.260207577016606628e-01
1.877895518530672270e-01
1.983066282414255033e-01
2.085442787454822589e-01
2.099286489064808581e-01
2.355699523150750763e-01
2.250314108134636171e-01
1.558239133631521556e-01
1.747256167612108446e-01
2.318246823637291898e-01
1.960073822687775358e-01
1.743165059832055275e-01
2.125185920935412642e-01
2.018589067612596710e-01
2.341244317840059097e-01
1.310350649012855806e-01
1.863914936483511975e-01
2.947990817001668873e-01
1.636238448935689593e-01
2.019876312845717004e-01
1.961938442493931789e-01
1.993233913503277832e-01
1.849597300514329024e-01
2.400661540171620811e-01
2.226061832865206813e-01
2.209015848983685026e-01
2.653543489558761181e-01
1.631653076129471192e-01
2.011017765030252424e-01
2.202946918797268061e-01
2.105298709203408114e-01
1.937026542546046726e-01
2.572138511470797861e-01
1.633204131703625828e-01
2.024895747285152259e-01
2.352097481797624789e-01
1.871621995017282436e-01
1.617128415453609191e-01
2.432878203060020172e-01
2.130592987098680891e-01
2.453895797795347944e-01
1.321958621045317139e-01
2.524785083684428222e-01
2.129464871589524799e-01
1.078684533932143252e-01
2.137564530886972292e-01
2.690926623134041185e-01
1.529500646570554623e-01
1.899689074570533043e-01
1.983016106289130498e-01
2.082570696786755216e-01
1.522114802768574915e-01
1.924064143022418960e-01
2.062198627255282524e-01
1.765112744389913113e-01
1.527458106945700222e-01
2.576730726287392303e-01
1.678183991321628432e-01
2.251047546416338474e-01
1.100509902763051745e-01
2.214272393724721066e-01
1.632497061048294451e-01
1.921252347524430859e-01
1.942853120877242878e-01
2.114973730438783894e-01
2.241658305253137751e-01
2.500019297247353389e-01
2.062108844912782513e-01
2.281980141800271367e-01
1.967757120514366798e-01
1.081345730197762478e-01
1.665316248093424434e-01
2.447393801189115814e-01
1.601394786285004479e-01
2.305346017047041896e-01
1.706172585250480545e-01
2.361056304323002619e-01
9.028515832757830206e-02
1.875135447786491494e-01
1.463708696838124101e-01
1.767736077444478637e-01
2.412917336448988925e-01
2.315167095231846217e-01
1.939226904128965867e-01
1.819170888171691702e-01
2.007106224224174396e-01
2.165003573797066594e-01
2.056339125652353050e-01
2.113987283860531419e-01
1.789683732332058019e-01
2.569116569167422259e-01
2.120948126130518807e-01
1.298074792341285255e-01
2.365343277888317386e-01
1.489368506621569777e-01
2.055848183306185351e-01
2.001442284862090804e-01
2.284097793096758200e-01
1.862792236830114190e-01
2.146609860590335817e-01
2.299016781392202724e-01
2.415266890247153575e-01
2.436968960259078554e-01
1.639220477104195994e-01
1.067425859049946218e-01
1.395737871673801977e-01
2.048706488372847023e-01
1.488771469490715871e-01
1.320189936409056353e-01
1.658918344250955856e-01
2.105253321830053426e-01
1.498755332997756540e-01
2.186736251956047372e-01
2.233093513453817958e-01
1.193648406119552641e-01
2.142628745301260462e-01
1.938609794962584121e-01
9.943742932585578065e-02
1.690886576090016857e-01
1.334684455193720920e-01
2.249892859805741330e-01
1.542831550551053976e-01
1.586090372092201217e-01
1.863284668767999086e-01
1.630756650804260910e-01
2.364907509941778785e-01
1.888520832398985771e-01
2.201393285839139402e-01
1.796691982688620459e-01
1.486670448795393840e-01
1.824962547500267873e-01
1.362151683457522577e-01
2.468990131070629701e-01
1.358579074028538891e-01
2.117751120064759740e-01
