mass_1
4.013398094025703244e+01
3.776364631067038857e+01
4.772746465014813566e+01
3.862727146865287864e+01
4.350109634903810729e+01
3.871525523067458607e+01
4.108386071272815343e+01
4.160899257035061538e+01
3.621898652660770779e+01
3.668602920591374073e+01
4.500363430135701748e+01
3.533634667675882923e+01
4.552579193079593267e+01
3.886620572592381251e+01
3.767001143422675113e+01
3.729246202364309681e+01
3.593343715885270484e+01
4.020917220613293352e+01
3.475045096528195643e+01
4.841678043967296929e+01
3.478897753427198580e+01
4.643609680247140403e+01
4.689577952090979807e+01
4.204053904492256066e+01
4.773726342442441961e+01
4.102078589126088559e+01
4.425766423398208360e+01
4.498256069146687963e+01
3.600706210847688737e+01
4.469812058822492418e+01
4.686495094571419173e+01
4.845148648364009603e+01
4.943515397024584956e+01
4.964247230901907670e+01
3.926970401616839013e+01
3.791114446764409962e+01
4.206044613544891320e+01
4.238845657320164406e+01
4.265805886475938991e+01
4.268985121387940751e+01
3.683899501758332207e+01
5.077276710543311111e+01
4.726406399147889914e+01
3.923523314397015582e+01
3.908719497258491771e+01
3.987393926151687396e+01
3.464838207416411109e+01
3.600764932331271240e+01
3.496514332150881899e+01
4.661468585709296519e+01
4.152299242851428573e+01
4.034012461406182837e+01
4.162645273568661253e+01
3.433939292506042307e+01
4.039093658024624744e+01
3.333550838467704125e+01
4.290019934351813902e+01
3.852233105276858538e+01
3.660238615355373781e+01
3.976714821529790100e+01
3.678862140018707549e+01
3.674405033656393726e+01
3.955849337340823269e+01
3.832860203257532561e+01
5.059628632170279872e+01
3.646139474999075958e+01
3.976360491012771803e+01
4.739033063500603049e+01
4.980848890127735729e+01
4.816167286469629261e+01
3.914701836884291453e+01
4.358597332490401755e+01
3.887091260515188651e+01
3.795467275047526812e+01
3.776645579845362022e+01
4.063587412500719154e+01
5.229051863149404511e+01
3.618442639260949534e+01
4.226732206360760102e+01
3.746239771130574070e+01
3.806755348103539660e+01
4.085699827828552344e+01
3.546193019973340199e+01
4.327617629595217608e+01
4.340266985597322957e+01
4.880007942094332662e+01
3.370942737137775680e+01
4.058637086386295323e+01
3.751463799737173588e+01
4.075693006691327724e+01
3.865130702082770853e+01
4.523541694425819060e+01
4.255805670433545629e+01
4.678681007964271998e+01
3.817281200668209351e+01
3.648466657164910742e+01
3.524760879440439965e+01
4.384466880675947920e+01
3.705423286248646519e+01
3.913906046714266296e+01
4.019057428540543953e+01
4.116315346169899669e+01
4.559558122978856431e+01
5.131310283376951276e+01
3.646382515308054195e+01
4.210245152666966817e+01
3.540464286056532472e+01
3.449354097492209803e+01
4.839612675927125451e+01
3.953590237420126385e+01
3.971760076409671569e+01
3.734142326633683240e+01
4.071640815442084715e+01
3.942691530069246397e+01
4.269928387730639230e+01
3.698213428721268770e+01
3.651479970727721280e+01
3.743246711368772139e+01
3.346633654198625862e+01
3.707188306130492350e+01
4.417048904427711875e+01
4.017495573616614024e+01
3.541476125640512151e+01
4.793916256351431571e+01
3.549150641793819005e+01
3.669162899757693452e+01
3.894099485982085440e+01
3.695913566574519393e+01
4.777862496475191278e+01
4.111604242276056453e+01
3.636640362244287417e+01
3.922551875750968264e+01
3.769722458429488654e+01
4.034795280978120502e+01
3.782176591303067426e+01
3.690494932158715358e+01
3.986516657715002054e+01
3.764679281939937994e+01
3.807240002468900997e+01
4.283291347423153184e+01
4.481109581580254542e+01
3.926066936413891284e+01
3.533781510890512578e+01
4.768213089324752474e+01
5.289986689949493126e+01
4.284594261848560848e+01
4.078831718820720909e+01
4.345310631559055281e+01
3.728344628280405715e+01
4.133989468399727940e+01
4.257255938843044163e+01
3.447353510456635206e+01
3.896781685510781301e+01
4.064852380978572199e+01
4.336019881275840504e+01
3.562319093970450723e+01
4.329058027150990284e+01
4.334108653546864787e+01
4.467172316383012287e+01
3.526835863155341855e+01
3.565167895868843573e+01
3.876559625465608150e+01
3.731471159855349384e+01
5.056628611116416749e+01
4.337311856369405660e+01
4.255744760218012601e+01
3.600451302145756216e+01
3.739476432258214089e+01
3.727882347867285517e+01
3.700736089282273156e+01
5.218512586807158726e+01
4.411901650905929273e+01
4.100793103222500235e+01
4.035851935283290004e+01
3.880804343013767266e+01
3.646884150983283490e+01
3.318484877637280306e+01
4.765084883355841328e+01
3.229010719816001540e+01
5.671518095518167968e+01
4.059252685787525650e+01
4.196347360986229802e+01
4.310148222247343597e+01
3.611289328036101409e+01
3.535397936395706608e+01
4.569403538205506266e+01
4.865018384799481055e+01
3.842685574206113586e+01
3.571010888626426549e+01
3.388593751367195495e+01
3.756885067560872216e+01
3.734577388423690536e+01
3.871764944707255296e+01
3.982117393135676053e+01
4.320130529594661084e+01
3.527814870307113893e+01
3.948052693303224459e+01
3.541890076159828737e+01
3.889296205929992567e+01
4.441436567021695936e+01
4.566682126911670991e+01
5.129819069290204681e+01
3.473606712963590581e+01
4.284259803010456835e+01
4.729922991964414081e+01
3.723717956289937092e+01
3.542240202634119584e+01
3.559857228311816613e+01
4.778946588099803705e+01
4.042170139458757205e+01
4.452811320381067617e+01
4.478400366972498858e+01
4.372580517822522950e+01
3.927665695393066159e+01
4.136980927904988903e+01
4.794305525090856435e+01
4.524006266218923855e+01
3.496120931368972862e+01
3.516228337465778253e+01
4.346023980658509345e+01
3.469073937391773654e+01
3.950897856161971333e+01
3.406779270099607260e+01
3.923429544862886331e+01
3.768978051593899892e+01
4.480361085217371198e+01
4.006667630952046011e+01
4.769718077963671021e+01
4.990504786903122891e+01
3.448080247072562088e+01
4.846795991587853081e+01
4.176208989375096081e+01
4.197198757231122102e+01
3.924255434832520706e+01
4.783132206864966207e+01
3.793858880535113798e+01
3.836158189886396030e+01
4.172988053143188125e+01
4.480475739922475498e+01
4.218742342246405030e+01
3.594709461472641721e+01
3.791052654904595443e+01
3.692179027399139812e+01
3.947702348864972066e+01
4.339901269836281017e+01
4.092600877191755160e+01
4.164510038482887921e+01
3.582760471380667155e+01
4.027364763089086352e+01
4.339541025674490982e+01
3.671598908157244523e+01
3.541145345455743865e+01
4.217004747142452459e+01
3.787130517386759720e+01
3.623484412526689624e+01
4.422960073234978040e+01
4.329359639699670481e+01
4.249207856256018090e+01
3.723291500007528754e+01
3.472122212510667083e+01
3.674176068843039644e+01
4.011941502939453841e+01
3.798777940035922285e+01
4.339135527794903169e+01
3.716372574534427287e+01
3.552029559444811468e+01
3.605845040905477816e+01
4.276627984946159700e+01
3.536977338334862253e+01
4.083443106655213484e+01
5.168335983384752552e+01
4.238215663922173349e+01
4.738733287599038135e+01
3.331392045960257775e+01
4.343989850593428059e+01
4.900267897647280080e+01
4.661749885787837400e+01
3.545543667005250654e+01
3.605141366578482831e+01
4.409987936189092750e+01
3.409052168332370059e+01
4.329219017899313116e+01
4.359561541971797283e+01
4.607447500131788587e+01
3.843257569294869569e+01
4.242771818266847106e+01
3.623196865809334355e+01
3.614290566875827437e+01
4.276757982088373211e+01
4.362000472017571440e+01
3.897112167855642895e+01
4.441685922038043088e+01
4.217464043721387412e+01
3.711869198757626265e+01
3.949709085837318412e+01
4.802447437221157855e+01
4.108079840547122075e+01
4.804839181662828196e+01
3.952244340986221971e+01
3.526271366699916143e+01
3.484706099353259390e+01
3.383338868768664298e+01
3.477920094372513660e+01
4.353611864648143381e+01
3.862302961937088952e+01
4.253778211869165204e+01
3.750762207201535858e+01
3.957728897069412710e+01
3.935577242111109797e+01
3.358348404633420614e+01
3.595572201173176552e+01
3.792056071631205327e+01
5.508415206302755962e+01
4.431515808249319832e+01
3.680523856013378747e+01
3.589821164875288417e+01
4.298449210936426823e+01
4.867803714523763148e+01
4.304372587152971619e+01
4.208778254320239398e+01
3.515094800052059298e+01
4.586212473925876054e+01
4.416741749829039065e+01
3.834636996801867070e+01
4.254163144303837640e+01
3.804709550308415800e+01
3.523048625473471418e+01
3.497092599707288230e+01
3.591081426524683451e+01
4.163888846506944930e+01
3.728271991640822591e+01
4.854198360070267881e+01
4.439243561805959359e+01
4.397126485577250321e+01
5.258026701249811197e+01
5.289580143741025609e+01
3.448363160944856531e+01
5.123786055573883402e+01
4.418128451609381813e+01
3.457427744250109214e+01
4.656779947513945928e+01
3.576923111977871628e+01
3.917479271340750557e+01
3.468211288263676551e+01
4.288355529921010145e+01
3.747725960412336121e+01
3.557776353159759708e+01
4.807043199698611602e+01
3.518995691217505595e+01
4.627251704768642782e+01
4.181859875678158289e+01
4.273715595853517613e+01
3.864644577928074654e+01
3.953327110722688076e+01
3.943606828356374905e+01
4.849302850801208109e+01
3.688364904514016018e+01
4.439702559799474813e+01
3.750332285231443308e+01
4.513286967152349405e+01
3.712549565295765319e+01
4.450996240081212818e+01
3.833938043647900429e+01
3.737389972382550951e+01
3.896251835998177881e+01
3.791876561705581850e+01
4.675473620736144653e+01
4.962824297642132620e+01
3.699461222779232372e+01
4.276094245156542684e+01
3.460996691961856442e+01
4.259216107038731991e+01
4.127598947996415291e+01
4.633459289230633260e+01
3.785903885435902083e+01
3.735148454090347059e+01
3.990564492952563569e+01
3.712734891465298404e+01
3.792729962621943685e+01
4.067064728904809101e+01
4.163893872653994066e+01
4.125919117109818757e+01
3.793976361472644498e+01
3.718624772141333779e+01
3.423168599434182369e+01
4.282106294582616357e+01
3.988242034536023795e+01
4.304860045260111434e+01
4.961900762293450384e+01
3.737562336875905089e+01
4.118659621487034883e+01
3.987951858190039189e+01
3.757360886118676291e+01
4.183878032971279026e+01
4.134973601723671521e+01
4.029542262619840187e+01
4.340193096935995243e+01
4.179211446429755483e+01
4.986656333726853774e+01
3.848985830944886288e+01
3.606095862634784766e+01
3.924670807265712824e+01
4.330119729361870640e+01
4.030269204851965270e+01
5.354958167956928605e+01
4.587860439869009355e+01
3.609378454087768517e+01
4.886424531613049993e+01
3.692874184862461817e+01
4.172938006554183943e+01
5.652016463053696782e+01
3.566183003856163225e+01
3.803173919729004382e+01
3.511207257309012419e+01
3.654832889013472652e+01
4.970201468019565993e+01
3.492320543178617953e+01
4.155898676457356089e+01
4.449684356158570608e+01
4.691532169588321466e+01
4.815216587670893489e+01
3.681114431608682480e+01
4.483827405176489833e+01
3.698084617445904598e+01
3.773166344074001444e+01
4.231994249420156962e+01
4.269829437964568797e+01
4.299865971717037638e+01
4.459308090758676713e+01
4.427900181848277583e+01
4.286246539125234989e+01
4.038186612428456357e+01
4.070618491556859198e+01
4.463531733992443407e+01
4.171773193759974419e+01
4.004447337827847520e+01
4.275920239494867303e+01
4.407649157803805195e+01
4.096463532041245514e+01
3.597419255157097950e+01
5.036835434424730806e+01
4.090942325304143168e+01
4.446160367495258470e+01
4.391830792013524842e+01
4.678874972114438435e+01
4.806892160131192071e+01
4.387727667986102631e+01
3.828646997500123206e+01
4.039267244144598124e+01
3.787585561268209489e+01
4.436716901182063566e+01
3.665466484419670934e+01
3.760201705380813308e+01
4.139937447277629445e+01
4.136782829761335734e+01
3.863552414527838863e+01
3.630293954166146619e+01
3.483282382217595341e+01
4.312051817800174547e+01
3.974965956065769035e+01
4.696175799745648050e+01
3.877739875629384159e+01
4.426562121718808385e+01
3.883808704425661773e+01
4.061660405635226567e+01
3.912603722682760576e+01
4.392202875107196292e+01
3.936026892696966684e+01
3.654634129704884060e+01
5.046771375157170780e+01
3.977884165416833184e+01
3.698940644454039983e+01
3.864639668744182188e+01
4.014910538252322425e+01
3.637801459015577166e+01
3.760503752892464036e+01
3.902282371685860340e+01
3.821296711255143208e+01
4.335798298117394012e+01
3.980115986522739746e+01
4.679815754485258594e+01
5.154379261493178888e+01
3.637343053758429079e+01
3.404688704045950232e+01
3.673978763784974433e+01
4.551151926442815920e+01
3.869005126677704709e+01
4.332959373042462659e+01
3.299006410801278122e+01
4.111710628348646424e+01
4.221775711554079180e+01
4.219922909799154809e+01
4.427880030747638784e+01
4.123004072247928065e+01
3.897258645774697072e+01
4.170357251205230398e+01
3.792212252888784718e+01
4.208042576025076897e+01
4.343200375320023454e+01
4.428149408310960666e+01
4.027900240643408125e+01
4.148408006938666404e+01
5.370860078597175402e+01
4.473991871602076031e+01
4.376502144636821612e+01
3.465860487799807288e+01
3.989421634683391460e+01
3.331727088526904623e+01
3.967913896933492168e+01
4.852330056465143571e+01
4.396963797800546558e+01
4.208191359095559392e+01
3.932564174369895227e+01
4.111865329521539536e+01
4.273022908340823278e+01
3.903977214868954349e+01
4.263602316616152876e+01
5.353301175946326396e+01
3.783316766110564799e+01
4.957262323495842082e+01
4.637797958588971881e+01
3.829058366424386861e+01
4.806469912307618131e+01
3.965258341784368668e+01
4.614882789880878278e+01
4.424798810164447360e+01
3.725352046774900572e+01
3.447982480064489152e+01
3.666186896589609034e+01
4.424945025895488016e+01
3.794440594330606586e+01
3.988198862718373761e+01
5.270858001394709191e+01
4.371370788949484165e+01
4.792106520802570202e+01
3.831607004425307395e+01
3.376165800799238781e+01
3.615404846318929089e+01
3.543525556797683151e+01
3.893349278021467086e+01
4.252869434817704786e+01
4.519910463988314575e+01
4.067016131996299322e+01
3.831745617681541205e+01
4.375818112986198827e+01
4.112966015453050517e+01
4.293392799269180671e+01
3.781461432343114382e+01
3.891710000804744141e+01
4.399397439813327537e+01
3.461498269594967070e+01
4.394788303373614724e+01
3.417112832156421831e+01
4.313046572032909864e+01
4.538396890578070497e+01
3.647353743715394359e+01
3.545191490191078998e+01
3.776860011169585363e+01
3.835358514490828696e+01
3.518325021244471884e+01
4.212768783905688252e+01
3.741901307935299315e+01
3.815098368495424808e+01
3.962835448742523425e+01
3.628875952869698551e+01
4.077404696292853004e+01
4.908849231592360951e+01
5.749381901949667650e+01
5.224158781307971111e+01
4.347208133103151084e+01
4.201886467888916599e+01
3.921884884030083640e+01
3.908756798854702197e+01
4.859397976622557991e+01
3.333802464357296458e+01
4.702077551043297632e+01
4.381272934776925609e+01
3.587344179233623720e+01
3.783056025536460965e+01
4.194010394478595316e+01
3.504098248186793541e+01
3.583912381137642456e+01
3.755060230044652059e+01
4.231254635876977233e+01
4.370987517081316298e+01
5.476176378527644317e+01
3.454307994423063377e+01
4.311571794538959779e+01
3.591394021422453875e+01
4.784357177250378612e+01
3.546219744020780240e+01
3.819437157483961442e+01
3.691789835395140784e+01
4.193741441745979870e+01
4.085100461042768671e+01
4.076859014242055679e+01
3.515730531124317082e+01
3.711920936197809340e+01
3.949752141844570019e+01
5.499867059036004946e+01
3.728912161907547329e+01
4.123535717821668101e+01
4.526729818545123862e+01
3.586969776947209709e+01
3.807369780098942158e+01
3.446563300014425124e+01
4.491764425473233047e+01
3.959274406300311711e+01
3.685539943538867647e+01
4.207658341034730398e+01
3.531612432666710788e+01
4.923049850589587351e+01
4.147226340646695775e+01
4.111397817178045244e+01
4.570414453691899581e+01
3.740000288344725732e+01
4.043307144807037190e+01
4.135497324304067490e+01
4.405794156855615284e+01
4.531606412396784833e+01
3.570567783667223694e+01
3.834934040787214826e+01
3.332689680165282908e+01
3.640016564601152282e+01
4.028581051017705761e+01
4.817901556745436409e+01
4.933063903337229306e+01
3.224986759176193374e+01
3.988646064148485948e+01
4.453060568904368921e+01
4.724650805054623959e+01
3.617743550411110931e+01
4.289843530434180963e+01
4.276695564873561750e+01
3.540771760032211546e+01
3.819243090243373473e+01
3.808408378946734274e+01
3.685067480063602119e+01
3.641366781018801646e+01
4.376131220124555909e+01
4.216854411405618919e+01
3.821520342494231670e+01
4.045385545829063290e+01
4.380922314280665830e+01
3.518087721288505065e+01
3.469016815168450307e+01
4.144495282633898370e+01
4.029736428746092969e+01
4.099675437451046633e+01
4.477722387319173691e+01
3.988641602077448312e+01
4.335020338452645206e+01
4.790393875112128086e+01
3.793366694357990809e+01
4.063870944451036848e+01
3.462938745104605687e+01
4.204558600802042179e+01
4.226437628882213460e+01
3.956566427720829893e+01
3.606248386477766132e+01
3.873620743310638659e+01
4.825402793152650816e+01
3.672681602541586443e+01
3.888108541126452877e+01
3.409162539349468091e+01
4.938560853751116753e+01
4.605408139218184260e+01
3.262556372383789949e+01
4.943941996733956046e+01
3.759112272647903552e+01
4.297176260116383872e+01
3.658327152434443974e+01
3.481730614089727993e+01
5.113320524937928724e+01
5.162866287226224671e+01
4.099841849238766400e+01
4.141223744905799720e+01
3.853753903211883625e+01
4.103112709019564619e+01
4.019792856897058897e+01
3.784254623817317054e+01
4.320340379115557994e+01
5.605717783101697194e+01
3.771923981541409177e+01
4.244809897825510348e+01
3.732280425294209891e+01
3.859949845082720543e+01
4.228964884180245321e+01
3.729592515303150435e+01
4.357250905201947688e+01
4.241495334137565010e+01
4.474282640459502147e+01
3.846673696563865263e+01
3.710416136608026250e+01
3.509470503707473199e+01
4.307349103204631291e+01
4.246250120900592862e+01
4.261619195700050966e+01
4.643355291318172107e+01
4.321954725837832001e+01
4.235514704550923426e+01
3.702390899978249905e+01
4.275862138270205293e+01
3.798746827171449070e+01
3.603381425565360985e+01
3.487126242238732488e+01
4.191337983563858671e+01
4.218962975951711059e+01
4.186321326233265694e+01
3.358925820784337901e+01
5.539423975620221086e+01
3.871671852670964853e+01
3.568044464435192964e+01
4.059324545085564750e+01
3.572120571759746355e+01
4.463932807630664001e+01
3.574055919629986278e+01
3.600361574530153774e+01
3.698575139685881652e+01
3.379022098201661350e+01
4.384058778730775430e+01
5.347127654804193497e+01
4.526658076371181494e+01
3.843591007577700935e+01
4.938171048678106700e+01
5.346115910929581361e+01
4.112624936718872704e+01
3.598541173644226632e+01
4.042074712559611527e+01
4.328408231699748399e+01
4.663827230012381619e+01
3.646065590917712029e+01
4.671209883699859944e+01
3.483315717091404906e+01
4.728675721853382896e+01
3.534662534090686137e+01
3.975896403913085209e+01
4.250914744587285554e+01
3.368980048895166846e+01
3.904358852542014802e+01
3.705197508402900297e+01
4.742831733811799211e+01
4.606000188654658700e+01
4.194119293963129991e+01
3.591806394461600149e+01
4.739053358070926691e+01
4.081985923047400888e+01
3.446994096964643006e+01
3.637794748810221535e+01
3.714931940417859124e+01
3.685829800237277709e+01
4.947155406893804752e+01
3.467516763553236103e+01
4.412779719928570188e+01
4.204302157322201339e+01
3.592818612366562547e+01
4.010546455431192214e+01
3.878809814005091994e+01
5.045152433723234964e+01
4.622813065490625917e+01
4.674720270847063830e+01
4.113956835243652677e+01
4.492487663680643806e+01
4.116398667583064253e+01
3.736401668522715624e+01
4.890447620455378797e+01
4.948652462001930985e+01
3.958540062813388971e+01
4.467760906566096679e+01
3.936828240827490788e+01
3.598534042476243400e+01
4.375215710843981753e+01
4.418501541152603806e+01
4.643951849517497266e+01
4.134707053184700953e+01
3.345534701074906536e+01
4.556292790525772318e+01
3.444860993718794617e+01
4.442668605312518082e+01
3.432288582276105160e+01
3.510430881013790128e+01
3.509155286928108808e+01
4.045125552103138489e+01
4.387873300480909222e+01
3.794848206784043043e+01
3.504291841211350800e+01
4.007649696116803284e+01
3.425279434741671736e+01
3.589424565674922007e+01
3.537950891806949727e+01
4.764586312616332719e+01
3.764611022287832753e+01
4.206158751274833207e+01
4.190362254329891556e+01
3.427746406620381237e+01
3.902743439436375894e+01
4.087122410976250109e+01
4.620655845917703886e+01
4.120642502658333939e+01
3.674769807263020027e+01
3.552232184725512099e+01
3.808407571974954209e+01
4.451914898900318462e+01
3.682771358494183289e+01
3.970210146336425794e+01
4.074202563726911563e+01
4.809885362574515710e+01
3.575145910022762052e+01
4.278658758547084062e+01
3.981498645867441866e+01
4.043345781639852987e+01
4.330705287546983584e+01
4.003882066796883521e+01
4.876541551029943378e+01
3.440052957932991973e+01
3.532089053053117311e+01
3.659367164904833203e+01
3.873692847166866926e+01
4.230220188732007358e+01
3.895737398453495359e+01
4.432422130318595066e+01
4.008233846705248027e+01
3.842428817031201760e+01
4.759491858364866346e+01
4.351320518961899353e+01
3.824469872919252111e+01
3.319100209702194348e+01
3.993022957832815223e+01
3.786482426709945059e+01
3.634746805555149507e+01
4.689517109033947406e+01
3.724761269706068134e+01
3.697328483754008488e+01
4.107230376601810207e+01
5.042364005225216772e+01
4.268335689739664929e+01
4.013195765459515485e+01
5.055739315374423626e+01
3.670092691652644845e+01
3.791301707753089545e+01
3.846017417316205211e+01
3.691955207507755432e+01
3.535296310990747770e+01
4.758412328057502094e+01
3.598318110150606941e+01
3.335885160743838185e+01
3.488384440250288776e+01
5.064868585507598908e+01
4.828910633975513633e+01
4.360283788354426804e+01
4.846386388739052364e+01
3.883942951069823835e+01
4.314803792275628069e+01
3.690685075029383455e+01
4.510356527597922849e+01
4.111467429570168974e+01
3.576518589160011885e+01
5.351451827748728363e+01
3.985657304337250650e+01
3.777276711443397517e+01
4.264959734863184337e+01
3.331584172368858532e+01
3.755678162680322885e+01
3.628698139364179553e+01
4.176078241471621766e+01
4.927581069403355229e+01
4.952032804600165150e+01
4.062497752373848670e+01
3.899921942882892978e+01
4.007992400706767455e+01
4.470596634341983844e+01
4.679045385803424040e+01
5.445045227830734547e+01
4.389606404722662347e+01
3.555533806807579111e+01
3.925389201941896289e+01
3.776888120907602087e+01
4.126206019473483622e+01
3.545029054098432653e+01
4.290848885843163174e+01
3.845887350186025344e+01
3.806936033510537953e+01
3.943860743222043652e+01
4.255990662192582619e+01
4.086591279142237454e+01
4.184848041747132896e+01
5.002629500623002201e+01
3.899739700742640736e+01
3.662631097099802702e+01
4.047427816069141215e+01
3.663987397577466965e+01
4.224263132748338023e+01
3.677559270965558369e+01
4.015430345467105155e+01
3.975947777888448798e+01
5.474189565875716568e+01
4.227924318123884007e+01
3.912246007596843356e+01
5.101311113658231022e+01
4.314145605540194595e+01
3.577495849900710567e+01
5.377603732053311347e+01
3.722245685020794070e+01
3.631725429693970142e+01
4.191717136582142444e+01
3.556716836842966245e+01
4.392953364735245003e+01
3.655612600469056162e+01
3.672708420122132367e+01
4.283763120387367707e+01
4.716790121123499091e+01
3.629969570461390305e+01
3.852732949127929629e+01
4.288140501783869496e+01
3.645128954358822426e+01
4.222556052542032035e+01
3.723300501845281474e+01
4.310758192848479808e+01
4.193932945034023163e+01
4.205608111873367250e+01
4.009196107978218038e+01
3.794851522041091840e+01
3.746430992021643647e+01
4.026784061549773241e+01
3.634265010985529187e+01
4.171582212610551466e+01
4.127870041918202304e+01
3.891958823109328591e+01
3.665385744124449019e+01
4.359752567525522693e+01
4.000078278806178389e+01
4.044257742630125563e+01
5.063726064196853827e+01
4.022368218586532862e+01
3.841485263988231225e+01
4.108741372585642893e+01
4.083724935574713300e+01
4.771435111209724766e+01
4.863908338844153434e+01
4.020279955921854764e+01
3.973914457573642522e+01
4.136788261100892328e+01
4.135472877205965148e+01
4.052458793661843117e+01
3.936530385852289271e+01
3.669914059778564308e+01
5.148099054645404493e+01
5.015665303761653604e+01
3.455145311257084018e+01
3.678162601488384809e+01
3.968795247187381392e+01
3.913704579047415422e+01
4.088380622252483221e+01
3.839379452605259502e+01
4.320282987524752372e+01
4.227405338552341618e+01
4.611473547980283882e+01
3.828837449559321016e+01
3.676135900117498778e+01
3.717769836747427092e+01
3.580639567953879521e+01
3.715223409709793856e+01
5.053728929583912333e+01
3.677459620739958268e+01
4.978341085204117888e+01
4.812483846483441141e+01
4.377836747337071444e+01
3.748245547541726097e+01
3.574627504537060219e+01
3.855888686169031132e+01
4.606027816869445246e+01
4.960710138368230560e+01
3.886992718355681120e+01
4.578431386369675948e+01
4.483452443577999702e+01
4.044435275818996445e+01
3.306501666751173474e+01
3.594560022849641712e+01
3.922023327337819154e+01
4.201159286360112333e+01
4.331001137872313933e+01
3.768938037895825488e+01
4.133533301587197428e+01
4.063661013089654261e+01
4.645963868823771747e+01
3.518137138401812081e+01
4.644916170997512950e+01
3.736395866772611640e+01
3.663724176293222712e+01
4.285422536005012262e+01
4.724640650339099324e+01
4.571992040611295494e+01
4.569991490472429518e+01
4.604426930456704525e+01
4.147060229854761815e+01
4.079719921808148797e+01
4.272454484861953716e+01
3.902716215425167690e+01
3.515752669965871746e+01
4.458070240934740980e+01
3.735593566991130388e+01
4.270009636175578294e+01
3.884200191614626618e+01
3.849475041523410823e+01
3.801367523256376302e+01
3.559942270061784342e+01
3.765715486798768552e+01
4.134925474608935758e+01
4.016529158277271705e+01
4.550780024681705527e+01
4.419946578867149611e+01
3.423600586556430159e+01
3.791543206710721137e+01
4.087241133035746543e+01
4.012374617853297565e+01
3.447789471670989769e+01
4.165371152861126092e+01
3.747315012838902248e+01
4.068321631889392620e+01
3.975555325213506563e+01
4.318823768102075888e+01
4.508373172747642599e+01
3.903467691689369445e+01
4.231133060695881198e+01
4.094286039468414629e+01
4.116075016149222421e+01
4.210786616236064361e+01
4.014383382848816240e+01
4.445665195276988868e+01
4.965461115397192771e+01
4.007039727831097053e+01
3.663756956691382527e+01
4.453578228913535497e+01
4.305403176259406450e+01
3.756108992502947075e+01
3.940358152477397624e+01
4.169682790859987875e+01
3.584257220078630013e+01
4.160836030341597080e+01
4.225224652786720725e+01
4.494965490989514478e+01
3.551380193987824896e+01
4.048343825839965859e+01
4.102411559836090760e+01
4.217389321797284651e+01
3.429118593092864131e+01
3.897787899728944438e+01
3.450587871673158702e+01
4.212942592661354269e+01
4.479805798325713795e+01
3.798557812015032908e+01
3.685848911272457684e+01
4.032327033074542300e+01
4.139987225413798910e+01
4.974854440339503014e+01
4.002363382216858412e+01
5.069207014599501804e+01
4.119709126114079822e+01
3.990963014776280460e+01
4.147464111595768088e+01
3.964514306633978435e+01
4.266818094060290179e+01
3.381912875379530448e+01
4.185612343166715732e+01
3.859594214555436764e+01
3.543705811788014159e+01
3.711827755121550609e+01
4.176675130828482452e+01
3.716886202918254867e+01
4.344148165276251916e+01
4.075085624347167368e+01
3.997027542488612539e+01
3.737548062052375286e+01
4.890727927049982071e+01
4.772186276979065411e+01
3.838884696803697238e+01
3.622687471230605638e+01
4.158837470770006917e+01
4.059675466698133306e+01
4.205489223229510998e+01
3.428257188824628088e+01
3.490794453403740505e+01
4.048075339902249681e+01
4.429460108926045336e+01
4.357329617029862590e+01
5.111015468969409881e+01
3.928063837224481603e+01
3.735585277967265228e+01
4.145644294437597921e+01
4.431747582894941218e+01
4.537552599519241880e+01
3.715273828979912452e+01
3.503178865155796728e+01
4.067566539827518568e+01
3.777193533532918934e+01
4.050979607379927216e+01
3.841888188423880734e+01
3.409909769857814865e+01
3.578430081103606852e+01
4.197259734412585885e+01
4.402538703606604997e+01
3.994579021325326096e+01
5.137261586938628710e+01
3.577570536110589217e+01
4.233976220809136493e+01
3.711952832017041004e+01
4.821652248008400221e+01
4.059786116338697326e+01
3.669899302693251997e+01
4.323788349345044679e+01
4.985036926153379966e+01
4.511891238770725465e+01
5.634692337321049393e+01
4.619747812795812791e+01
3.993275044425303832e+01
3.929254175442932961e+01
5.190171521138326227e+01
3.735165755873311610e+01
4.604392397656400959e+01
3.755064474339965130e+01
4.077711364064081323e+01
4.354522622679080257e+01
4.209257374122964990e+01
4.234237411332790657e+01
4.269844660705170725e+01
4.117031831541364539e+01
3.701592079795174328e+01
3.596822571569897065e+01
3.809456995520845624e+01
3.937471574961739407e+01
4.006608587683334832e+01
4.320148652782894771e+01
3.777078628416566630e+01
4.565379742142515340e+01
4.207536110522539730e+01
4.293043812967730588e+01
4.220267908862076922e+01
4.756150951898499812e+01
3.883738256740031858e+01
3.774390023901293745e+01
3.801334140667827199e+01
3.804593071141673732e+01
3.792100398882287493e+01
4.201055045874440452e+01
4.213055074872641370e+01
3.875155964206912529e+01
4.438995042750224229e+01
4.527939545425248014e+01
3.688198568730018678e+01
3.838771250013490288e+01
3.617003961113665866e+01
4.075849501551746101e+01
3.492466472913645248e+01
3.835610990111799623e+01
3.712976760277654620e+01
4.394694893890667942e+01
3.313864428117182115e+01
4.198982906586775954e+01
3.929868137611101275e+01
3.589071611763245073e+01
4.358145518179299671e+01
4.278061570576057449e+01
4.837991784229403436e+01
4.256315065504148265e+01
4.271354370101578724e+01
3.789943429661845187e+01
4.529952863998985180e+01
3.814849740388169153e+01
5.006396452704595390e+01
3.697910649668655481e+01
4.736303655415473912e+01
3.930676638973800152e+01
4.332473978693465000e+01
3.800035238315069108e+01
4.606244941357153522e+01
3.524636210647749124e+01
4.153037956686245025e+01
4.105260974486417780e+01
4.130907445881808115e+01
4.766160864683975973e+01
3.599764261729661285e+01
4.522353801897064329e+01
3.933370658692390975e+01
4.626955977985004154e+01
3.624376485323141139e+01
4.735715219200422155e+01
4.098693152092499759e+01
3.867157746944173624e+01
3.882000150398734206e+01
3.362054363553104963e+01
3.554577281958489721e+01
4.245860233749517931e+01
4.232532861105927680e+01
3.604318590468162853e+01
4.356894737174495447e+01
3.958273199014116273e+01
3.644860264199661515e+01
3.731662854250226502e+01
4.261724528380914023e+01
3.710468453404040190e+01
4.196679336877468103e+01
4.092063369241402881e+01
4.471583070156248141e+01
3.612250943395315517e+01
4.147275135014693603e+01
4.239023553582773474e+01
3.423374391428142616e+01
4.299354162943384949e+01
4.579822310457250722e+01
3.772094487966529641e+01
3.526877607888703636e+01
4.619069588129459447e+01
4.459250203998760043e+01
3.971631369143671719e+01
3.838927137113513766e+01
4.602491742316492918e+01
4.515859086094418728e+01
4.698762439975996585e+01
4.741208626697542172e+01
3.877109436773333329e+01
3.937599757497402919e+01
4.338980179136648019e+01
4.495169310267607443e+01
3.624073724531300655e+01
4.070085125752901689e+01
5.130207578445856598e+01
4.320631327145885336e+01
4.099380562603705158e+01
3.925419499089730380e+01
3.667670214304028775e+01
4.853956802381667046e+01
5.716545193005597980e+01
3.719880419119544257e+01
3.811410130854795142e+01
4.725822728565080411e+01
4.507559207936825629e+01
3.260472351203527097e+01
3.698345723393462947e+01
3.332579633116699824e+01
3.442353914555679495e+01
3.472666101834639107e+01
4.769244485388524168e+01
3.743508961675998137e+01
4.060137115426416443e+01
5.421190454815839388e+01
4.178133144351598816e+01
3.616583257610120938e+01
5.132466638135350934e+01
3.543820335929165566e+01
4.771578601486953630e+01
3.909706356256698001e+01
3.845734134357829248e+01
3.651181509288775828e+01
3.956204828827647901e+01
5.243294295577246800e+01
3.845825908323317321e+01
4.074479075844350717e+01
5.004076958504682437e+01
3.437615214573946076e+01
3.643949455203777177e+01
4.774624500933840210e+01
4.290933811750978322e+01
4.325744786929016783e+01
3.644897559780626750e+01
4.087299702095322829e+01
3.908604062326951123e+01
5.022875200682774022e+01
4.827442080477241859e+01
3.668368362558133100e+01
4.398619189382380057e+01
3.613392425554690135e+01
4.204145909127304037e+01
4.702857638688733033e+01
3.921263702534734819e+01
4.574715401684061789e+01
3.928086303341205365e+01
3.464394936087126098e+01
3.692757322396149533e+01
3.449796946134302544e+01
3.626544647174892333e+01
3.476965073488220526e+01
3.522771733799936555e+01
4.716468323527197271e+01
4.454962746670534557e+01
3.814740261901492602e+01
4.782039477935318672e+01
4.302582733671617632e+01
4.834790111881891050e+01
3.867920540383271089e+01
4.513110693356293268e+01
5.026387440383829386e+01
3.919765636276605392e+01
4.421214396869927299e+01
3.503929541780090773e+01
4.396139533301581537e+01
4.075592966382509275e+01
3.646903422314390752e+01
3.781001075890382168e+01
4.773501041712712123e+01
4.379227157081175648e+01
4.526322066461659688e+01
4.200188824528937204e+01
4.354372891892752051e+01
4.524237634118559725e+01
4.169060293448072230e+01
3.801557031593294056e+01
4.669569252539968574e+01
3.266697294455609324e+01
4.006789040905302812e+01
3.684538806658479615e+01
3.673916706650442165e+01
3.944504744742557278e+01
4.286845566777103045e+01
3.400646033681375258e+01
3.302041264990010916e+01
4.543696534695491351e+01
4.145241892390217942e+01
4.443820133315983867e+01
3.694772391906535347e+01
3.720245714654168978e+01
4.449666921120348917e+01
4.027195526238327972e+01
4.086475630690365080e+01
3.930893903161868508e+01
3.399482783254196505e+01
4.720260623967124758e+01
3.840440097164923117e+01
3.854500149486908356e+01
3.684531459398672837e+01
4.290621202358429542e+01
3.610079204815858134e+01
3.764275118361207007e+01
4.231643618738334567e+01
4.116678949034297830e+01
4.429756313867827799e+01
3.343006843102337911e+01
5.803153195323664448e+01
3.683532632831047238e+01
3.767890535214390724e+01
4.191707049224936554e+01
4.683897043242560443e+01
4.355779630029930871e+01
4.421399554521004660e+01
3.956185410695969296e+01
4.627590086484529053e+01
4.401860645602850752e+01
5.114879957571293545e+01
4.324646827829381834e+01
4.855854418340875611e+01
3.512408241455079150e+01
4.089998313006722697e+01
4.539522795798819033e+01
4.118394457082002447e+01
3.837483758856826910e+01
3.626043071628804881e+01
3.444956889666417510e+01
3.681858298978647781e+01
3.513318651336077636e+01
4.023020058355631789e+01
3.740770645523738125e+01
3.639047912491522396e+01
3.920789662332629177e+01
4.756400205181915197e+01
4.534877386108112773e+01
3.821778126604043990e+01
3.815260388462456120e+01
4.045483656550229057e+01
3.558334345579428515e+01
3.721272571715852706e+01
4.303402014832820299e+01
4.196886100763207139e+01
4.136964154690512174e+01
3.972902675984558840e+01
4.088388798688795589e+01
3.721421012973060272e+01
3.900594794331592396e+01
3.487852861300827811e+01
3.686471283195191262e+01
3.850993863792401584e+01
4.717582120374430588e+01
4.137915124341138551e+01
4.556458700655957017e+01
3.409380370742695021e+01
3.592307418638189631e+01
4.667923407292592231e+01
3.444697746068145960e+01
4.386782098270398933e+01
3.509140439977617376e+01
3.931550563003134613e+01
3.761631409565666218e+01
3.812842811864504711e+01
4.668322632307878450e+01
4.913775971842079571e+01
4.594468082174773826e+01
3.547308052551436219e+01
4.184307319078033061e+01
3.548536621728727170e+01
4.660717169586757791e+01
3.525987571309375568e+01
3.737525458259533906e+01
3.238907608446704955e+01
4.476836232620104283e+01
4.106429494872121921e+01
3.894234490398379478e+01
3.586513158973794901e+01
3.679056741115334717e+01
4.251723292241298680e+01
3.942142310538032035e+01
4.623856411589045479e+01
4.225740918309809757e+01
5.153255536031576867e+01
3.703165762064114830e+01
4.530057877069661743e+01
5.046324100491943909e+01
4.003970802516931826e+01
4.649013239709116618e+01
4.864972811830250521e+01
3.788526047484394610e+01
3.631578667428368590e+01
3.886496727920387428e+01
3.485358789903280297e+01
3.679632087398690032e+01
4.316035670863131202e+01
3.517803595147059781e+01
3.568125774134032469e+01
4.045920695783547671e+01
3.944258546007102950e+01
4.031812945527305914e+01
4.032359015684373560e+01
4.699845079616105892e+01
4.751707614113743006e+01
4.143180786902117774e+01
3.798489646171370282e+01
3.959008210487526469e+01
3.394554503668771162e+01
4.995549495458533329e+01
3.867263273979332183e+01
4.090321045948723366e+01
4.039790179127428615e+01
3.897614424009022827e+01
4.750202336660191804e+01
4.668107263671954144e+01
3.439147958392747029e+01
4.286116692718375987e+01
4.614274638724806010e+01
3.380305565191281403e+01
3.545883588953469001e+01
4.292282927199156006e+01
3.937487434825237642e+01
3.751324969821479982e+01
3.863910561198623839e+01
3.676934449368655322e+01
3.923972885387922105e+01
4.485981932118814086e+01
4.133222442659920404e+01
3.497189493217284451e+01
5.369497399596352949e+01
3.982423917042845574e+01
4.331035612299027093e+01
3.891993442824009009e+01
3.998400740640325779e+01
4.004904533525201060e+01
3.758286875520416004e+01
6.378872254116470231e+01
3.432536627259637640e+01
3.564554813531510291e+01
3.797902906108325993e+01
3.634526720387086129e+01
3.942106080564867909e+01
3.831931596589113553e+01
4.246808881494800403e+01
3.885066963392052486e+01
3.893197228082483008e+01
3.917068080157238796e+01
3.501205452163243592e+01
4.090587219621122017e+01
3.524136887298430310e+01
3.474882321617023706e+01
3.781646020381197104e+01
4.083190821663669823e+01
3.687692858910961746e+01
3.991586225477221461e+01
4.143494309276258036e+01
4.342515129320585032e+01
4.379159181745414031e+01
3.655884702014400744e+01
4.008122800334886193e+01
4.414433927084645148e+01
3.736711074286716183e+01
4.401206739291225745e+01
3.855343449999150351e+01
3.991068652648614545e+01
3.762218259876032533e+01
4.554598608244889846e+01
4.598881877552883424e+01
3.954108087388204495e+01
4.662548523296910474e+01
4.622740148538482430e+01
4.125477520141746623e+01
3.974337859360940683e+01
3.393969401701379951e+01
4.360032885552206494e+01
4.313273630767395872e+01
3.573804884643170965e+01
4.193746509377436382e+01
3.625216264792068444e+01
4.583997806232805061e+01
3.625225588951480660e+01
4.418155745385727329e+01
3.687702416850350318e+01
5.065660829404567522e+01
4.820103270007481910e+01
3.458789435005283508e+01
3.835995497136840982e+01
4.301131366471190631e+01
4.879389060350695217e+01
4.355925500979202525e+01
4.132802432459724429e+01
4.382438794215649125e+01
3.777765332763276263e+01
4.053220272271202163e+01
4.799315500674003943e+01
3.587193639916964116e+01
3.690922348950318366e+01
3.869942236207156583e+01
3.914174526596416115e+01
3.591126596206240862e+01
4.241541544661894392e+01
3.630436901496894109e+01
3.500877702240449452e+01
3.530747426648673581e+01
4.615034429274385275e+01
5.095795931889998798e+01
3.667570200039418182e+01
3.944544181784254988e+01
4.480446934492740496e+01
5.335937892810237315e+01
3.898022784078008129e+01
3.886896933246029562e+01
3.852106236984619159e+01
3.583206881319709680e+01
4.074949887157356443e+01
3.969654422620779144e+01
3.328429668115231976e+01
3.545781736587662891e+01
4.106958413896033022e+01
4.341076251465015901e+01
3.996961059105937153e+01
3.536698294210926008e+01
4.263650033974367659e+01
4.298706938998648042e+01
3.598330249888022081e+01
3.788852547650878222e+01
3.514933055223735892e+01
4.432696506624957067e+01
4.050141783905522885e+01
3.774770389661013326e+01
4.209378564774449671e+01
3.385743335927890030e+01
4.146274212012938420e+01
3.820134677052556071e+01
3.982297879944380270e+01
3.876379953140843071e+01
3.424868709105255959e+01
3.923953484176312401e+01
3.539945798400835031e+01
3.521705101830274742e+01
4.361542434056522666e+01
3.731834123896263833e+01
5.133974314792357774e+01
4.442663623904361714e+01
3.909963778910783816e+01
3.972474079012382475e+01
5.291990235145149057e+01
4.530979559144552837e+01
3.991979241555794289e+01
5.118807904490332561e+01
4.310615633432657745e+01
4.840502235057284253e+01
4.467192671955137229e+01
4.913065098500815964e+01
4.815196704040658915e+01
3.505534805153504863e+01
4.891388004567316727e+01
3.952271253926534200e+01
5.155225618995267922e+01
4.329595480239081695e+01
3.717827755863941519e+01
4.366333533242768539e+01
4.345120299268757691e+01
4.791131687204106981e+01
3.717909563390587380e+01
4.321921658880147987e+01
4.165718295004140970e+01
3.576726948536526862e+01
4.520491680424081693e+01
3.940905242098575201e+01
4.153847243957268631e+01
3.840233501965006724e+01
4.220568043333475572e+01
4.417078731629703725e+01
3.894783108438995356e+01
3.886649191470130660e+01
3.938099187982135163e+01
4.380864153303849662e+01
4.329036250749251735e+01
3.523683759102100055e+01
3.484950065985429291e+01
4.144369783601732138e+01
4.251617542737186994e+01
3.383774540189947544e+01
4.621012992279636933e+01
4.730231748016167614e+01
4.519243024376913809e+01
4.887877868912656965e+01
3.380319940038482684e+01
4.634318426740856012e+01
4.047568297596685483e+01
4.250843107675621013e+01
4.452572576410509697e+01
4.115874875695277524e+01
3.613561876705151121e+01
3.888293799935391348e+01
4.552933458354350904e+01
4.667612337961690372e+01
3.719497336019146871e+01
4.129603299466698729e+01
4.244216905300176990e+01
4.589398742121599639e+01
5.287822658627131034e+01
4.534013422966148710e+01
3.521405849609565308e+01
4.351953251599056927e+01
4.174653436604614853e+01
3.266087619117598706e+01
4.475427768301036480e+01
4.273748765847417275e+01
3.463869617633324793e+01
3.788850800132999552e+01
4.667174683976708138e+01
3.862883045054849163e+01
4.114507496279508558e+01
4.322409959006755287e+01
4.104860731331096702e+01
4.302680929563724987e+01
4.530689710032182660e+01
4.462516433393755477e+01
4.116571945260729137e+01
4.044881014595404167e+01
3.569193728563129753e+01
4.097797544748608090e+01
3.691677771687343323e+01
3.370377827891441314e+01
3.291456768459467241e+01
5.137643881154551906e+01
4.474370446518106093e+01
5.016049653080774817e+01
4.002953065800087273e+01
3.666832273935920483e+01
5.529283489793729700e+01
4.336724161164303126e+01
3.953044467491648106e+01
3.480062518957301876e+01
3.609794841543021704e+01
3.881444269710267037e+01
4.870662663799514291e+01
4.036176985465753120e+01
4.091600541495940035e+01
3.567121725256902209e+01
4.073755857176745820e+01
3.985565623312253081e+01
4.061509121357499907e+01
4.444302649880213352e+01
3.914153619267984396e+01
3.542228722323953605e+01
3.934733583843989635e+01
5.099888234932679154e+01
4.612975236309414839e+01
4.995680097189920588e+01
4.111873577247952483e+01
3.980028168947416134e+01
3.717651115221476488e+01
3.414959605344814975e+01
3.927369051264727773e+01
3.548466735201375855e+01
3.735869149750570273e+01
4.628307977365535919e+01
3.695824852581164777e+01
4.073957438562664635e+01
3.648695053022483137e+01
3.654470698075841995e+01
3.409491776712042821e+01
4.787564024940386531e+01
3.805232002465690044e+01
3.555280130496706903e+01
4.476862822652750395e+01
5.156427042871249711e+01
4.444875210468921978e+01
4.160735247324932118e+01
4.263462060503629658e+01
4.936967135151328279e+01
4.944723365207484278e+01
4.213762172771734527e+01
4.728895407286062635e+01
4.016898955918027525e+01
3.937795028046355128e+01
4.243938119280812771e+01
3.839876124177968109e+01
4.578344605602957529e+01
3.705454621835112050e+01
4.403052194492683213e+01
3.499025874060059493e+01
4.582303220077941575e+01
4.499413273805141955e+01
4.315008651656285110e+01
4.216532863747514881e+01
4.648751593542098703e+01
3.746738617295841323e+01
3.475310747532031996e+01
4.158741105648604020e+01
3.916916273572938678e+01
4.038795262894412019e+01
3.735707040346665053e+01
3.760076432835541738e+01
4.009285435705655232e+01
3.431139265747309253e+01
4.280579836775432057e+01
3.685685196946096198e+01
4.157381830200905881e+01
4.688788866647373510e+01
4.069205499722164632e+01
4.273675472374478090e+01
3.506519643833308919e+01
3.206012934441660178e+01
3.631214995857060757e+01
4.465707603074330478e+01
3.493147503096209761e+01
4.203134628532649941e+01
4.207608941679768577e+01
3.921793901982216823e+01
3.468856446065895227e+01
4.175304547618193141e+01
4.175653988197078093e+01
4.152052605336042035e+01
3.675873190263182977e+01
3.593877612666732091e+01
4.643487647803536333e+01
4.082587634240888974e+01
3.406029318077440138e+01
4.341122845029467214e+01
4.965788864607119990e+01
4.119422700190452247e+01
4.529315125170814582e+01
3.947756053074756721e+01
5.189025817503517857e+01
3.727245510944849372e+01
4.036133285736471521e+01
3.741252407852323358e+01
3.430709626419711356e+01
3.489045082446433099e+01
4.826867152326300925e+01
3.730448104333032688e+01
4.063213493883239380e+01
3.868978011469453548e+01
5.290928892835513153e+01
4.457765828273424091e+01
3.500156938635939241e+01
3.915930009024893366e+01
4.033213238114566224e+01
4.318527660907714960e+01
4.521445643545396820e+01
4.027193202691726270e+01
3.604975393420073715e+01
3.785047953021765466e+01
3.457890048000576400e+01
3.974647239705105761e+01
5.090232820775084122e+01
4.991793123867236659e+01
3.972205628745152239e+01
3.703537889237377101e+01
4.824291292281206722e+01
4.289963000943445337e+01
3.943362853972730875e+01
3.628389661534028932e+01
3.574064113735818893e+01
3.896023833761406507e+01
3.606127683607449086e+01
4.465713247357879112e+01
4.563090141088989782e+01
4.919720396527687001e+01
3.970875244693836947e+01
3.624887746121380872e+01
5.390944988233436419e+01
3.610351060721012573e+01
3.943941492271874694e+01
4.863831393526034930e+01
3.643974018424179206e+01
3.762383827941292225e+01
3.840973423349043969e+01
3.679522117595209352e+01
4.157100546141943909e+01
3.728212635371376393e+01
4.791056832899673879e+01
4.852229066906082267e+01
4.988454770034696395e+01
4.801432742164320189e+01
3.451257346036935303e+01
4.542867804476760085e+01
3.779419811762939219e+01
3.623738307587065322e+01
3.951830035180054068e+01
4.417210273090794459e+01
3.952222814721710620e+01
3.726073767731083564e+01
4.049286005573569014e+01
4.536109888818361213e+01
4.335848770961376175e+01
3.627391487614559651e+01
4.571537452179032357e+01
4.520725317603902482e+01
4.082736405417186631e+01
3.645754817267449255e+01
4.492650069904246379e+01
3.576062043771605659e+01
3.771352782435515394e+01
3.662884830062161257e+01
4.490800517651073420e+01
3.899039991547970629e+01
5.206939630725036494e+01
4.212908834474101383e+01
3.649362660831882721e+01
3.860622033588993673e+01
3.891083915488581368e+01
3.985531885848236300e+01
5.194048020663203857e+01
4.849905610684581347e+01
3.980305734847831900e+01
3.688025388951074746e+01
3.572463605404131926e+01
4.351041234572431193e+01
4.494661053991217159e+01
3.398210379120961733e+01
3.777850256628499181e+01
3.721666173165595382e+01
3.852773798360220781e+01
3.611265597621752477e+01
3.626741444130279746e+01
3.741414937141377806e+01
4.045707348981093077e+01
3.989530242870188204e+01
4.115172993545514402e+01
3.922543800653862434e+01
3.674326728415011445e+01
3.562197212362980281e+01
3.815792961975493114e+01
3.481222844535476924e+01
4.235422299888626441e+01
3.776212642281491583e+01
4.073085489605418275e+01
4.560229266604281406e+01
3.856325842388569924e+01
4.732391906998867626e+01
4.520051717988562245e+01
4.559410806788498860e+01
4.285415000792442441e+01
4.159229475633035378e+01
3.792726252061915204e+01
4.355012184288236199e+01
3.607640765550913642e+01
3.884478962157131576e+01
5.302496410937582993e+01
4.464600208308856821e+01
4.162011728142401523e+01
3.631636709277026398e+01
5.082987722187972679e+01
3.694439153184426061e+01
4.686682661249805903e+01
5.517901857455559878e+01
4.003193994733084793e+01
4.297529428468575929e+01
4.712689869438346335e+01
3.514136423488109529e+01
4.327502301462131840e+01
4.480038319027983817e+01
4.537772133363074545e+01
3.453656579685887351e+01
3.848370838562248508e+01
3.643903048199974393e+01
4.675807712134509586e+01
4.327472268756209672e+01
3.997399928664667357e+01
4.673719112195875880e+01
3.595019529873832198e+01
4.582172106014080271e+01
4.018919246697453218e+01
4.150702831387843617e+01
3.882584217828426887e+01
3.324100396268598701e+01
5.118764984403431129e+01
4.122375423634025537e+01
3.802512797430544111e+01
3.509016253815340036e+01
4.724231816699438014e+01
3.628049468704161740e+01
4.733542510768866407e+01
4.116295735715568327e+01
3.275883971452235954e+01
3.968129163175510143e+01
3.523485369906905618e+01
3.442435356090668108e+01
4.522920561325475575e+01
3.767263851247021478e+01
4.348720374948209155e+01
3.749431264351174775e+01
4.350981328915626989e+01
3.691334358314590247e+01
3.613988504916630262e+01
4.548777170315214846e+01
4.472952273850395954e+01
3.658427039940925596e+01
4.800242593685734960e+01
3.563221487701856205e+01
3.879436091158482469e+01
3.621920503075066478e+01
3.916185803387627828e+01
4.315833562127959055e+01
4.035677962947850261e+01
4.580083635007682830e+01
3.879125275019399766e+01
4.092615521737421602e+01
3.630803254346379561e+01
4.396222413661250528e+01
3.769440100788944648e+01
4.507991235939183383e+01
4.296959809111651651e+01
4.254426390899133281e+01
3.942445582719475539e+01
3.497120700058986387e+01
4.201053437184454253e+01
4.385051873089865637e+01
3.967410851525623627e+01
4.127550292300648493e+01
3.530477732252963108e+01
4.129995717607020822e+01
3.509290894316018949e+01
3.557465564791029777e+01
3.928991160369627522e+01
3.813025002691701815e+01
3.616496696666373367e+01
3.717796021155707109e+01
4.135485488374168028e+01
3.848074559388830806e+01
3.478564747607964591e+01
3.917117371694864403e+01
4.923908106256008210e+01
3.908779166900898616e+01
3.901032103975087040e+01
3.341426474990409901e+01
4.751244222120206473e+01
4.629799000817964583e+01
4.377331944898357818e+01
3.782792856703182593e+01
3.932772610316369111e+01
4.425449864316416893e+01
3.945161519644783965e+01
3.723554099103132842e+01
3.727523620613100519e+01
3.730723357272077578e+01
3.788619208162235452e+01
4.989182824483886236e+01
4.375375961146291814e+01
3.425796126422303445e+01
5.002413258782572569e+01
4.026023142946764466e+01
3.560058131574776041e+01
4.780456400571638653e+01
3.518306604381857028e+01
4.220423045565235753e+01
3.806216988287027192e+01
3.447134749865203673e+01
4.468878916858533046e+01
4.365449428131783804e+01
4.111085993122589599e+01
4.995571890786589364e+01
3.604596729315484538e+01
3.917576178512022977e+01
4.424451902438416795e+01
4.385265527522432194e+01
4.567485558908118293e+01
4.006153077011651931e+01
3.867675487735625239e+01
3.881035017401543996e+01
4.462938028998765105e+01
5.345073787677479515e+01
3.570278713667127590e+01
3.377245204279694235e+01
3.805490085250069399e+01
3.654385874456781380e+01
4.802677239323703873e+01
3.602705525694666733e+01
4.266052482312087335e+01
3.761418111694033684e+01
3.722841358550126500e+01
3.973946199849257965e+01
3.581802745234679008e+01
3.756252071477052823e+01
4.003832350643180149e+01
4.136249566614502271e+01
4.126283232998603978e+01
5.027882396278400279e+01
4.325184791531979300e+01
3.906886493994338849e+01
4.537792661031286912e+01
3.483947680153575988e+01
3.744825929015185295e+01
4.363243860785693329e+01
4.591035877691993505e+01
5.139470526356678448e+01
3.762693877049220958e+01
3.772979318068420440e+01
4.100856377818444543e+01
5.480034360142873595e+01
4.977214257286692600e+01
3.656455718375732289e+01
4.530058157162869747e+01
4.306514978985982367e+01
3.371757687313540686e+01
3.395272274388108258e+01
3.439613622434224283e+01
4.094130969335267167e+01
3.606274414711558762e+01
3.463925230341456540e+01
3.505648512899612257e+01
5.162534906922955713e+01
3.869597212425419741e+01
4.528436371268841043e+01
3.915684541830017196e+01
3.552094943242418168e+01
3.477509251810056412e+01
4.415199877562689323e+01
4.001023948171876299e+01
5.449816394331935498e+01
3.838924371789647694e+01
3.662881465779087620e+01
3.829678587318458938e+01
4.139818152645496951e+01
4.637872479460643405e+01
4.087100501946973452e+01
3.938075484683820093e+01
3.860048979824877335e+01
3.859333241231496459e+01
4.898227167198034238e+01
3.825012440977126715e+01
3.590413180706416796e+01
5.060854190258537955e+01
3.759657640875870754e+01
4.303019153655658613e+01
4.197911944319323396e+01
3.856010792256883946e+01
3.694477940845020925e+01
3.710210801026180860e+01
3.537377829151173358e+01
4.335641238275946563e+01
3.984364158441283621e+01
4.303571225116721166e+01
3.653622503085190942e+01
3.731960865161095597e+01
4.924881251597113163e+01
3.944047649976463532e+01
3.992117562109124407e+01
4.078220582884165424e+01
3.750608245968805932e+01
3.623830308033003433e+01
4.581503533570087683e+01
4.221912695981503560e+01
5.287858379719764912e+01
3.843574695713580525e+01
4.041560919167311283e+01
3.308625830679287105e+01
3.569371318944957494e+01
4.861957089748939609e+01
3.767913292671875780e+01
4.840029564623250735e+01
3.596912214830163634e+01
3.804266913041018938e+01
3.640970403568335456e+01
3.611416722802177759e+01
3.783768415080098180e+01
3.553440397353026725e+01
4.057556448617634004e+01
3.791836714490290206e+01
3.494683402095028413e+01
4.723119426351935601e+01
3.599880090659639365e+01
4.449788414383752411e+01
3.996994799183127611e+01
4.416269469562340078e+01
4.328208785752401866e+01
4.118952077886676477e+01
4.084961535133161448e+01
3.864196953152441694e+01
4.675409433143103399e+01
5.195123176107215812e+01
3.795491850658017796e+01
4.695955227202663451e+01
3.652533698996677458e+01
5.984134875540014065e+01
4.563421596742414010e+01
3.983688377893826527e+01
4.009029955349555507e+01
3.717639680442191974e+01
3.645981396963217946e+01
3.895549137138512918e+01
4.229749192972882810e+01
4.333110001719349924e+01
4.367829518819097245e+01
3.570721650529494440e+01
4.459178190843043410e+01
3.569181628690228081e+01
3.566004075508305959e+01
3.544580021824496896e+01
3.617869857155646685e+01
4.262827441429412545e+01
4.175974803436069038e+01
3.357059151801986019e+01
4.716171270027435725e+01
3.500441910176594718e+01
3.708339916955947757e+01
3.785354372896428288e+01
3.633157296247313894e+01
3.480790147297550874e+01
3.786424688315646847e+01
3.796027039223818633e+01
4.264431780118096782e+01
4.259962986006867425e+01
3.514751537573116025e+01
3.896588416386431675e+01
3.557511079808021748e+01
4.716639810839549085e+01
4.643290398276366204e+01
5.269887774023353444e+01
4.406032226972764931e+01
4.588077171994486037e+01
3.590755833180246981e+01
4.667673456729358605e+01
3.846077848004443211e+01
4.643798687998196328e+01
3.754202670740179570e+01
3.549328147166382763e+01
4.191875931447398074e+01
4.161165702030473312e+01
4.210874107287671819e+01
3.873109656448335159e+01
4.130736539877953817e+01
4.328429193946605125e+01
4.344956497726415279e+01
4.134584920788301332e+01
4.033864010004194256e+01
3.655836606283665446e+01
3.800991166860568882e+01
4.015407795005298652e+01
4.163121069144465025e+01
5.580133137706781099e+01
3.775403581894646265e+01
4.339842152347846138e+01
3.757248553252873791e+01
4.009576254966098929e+01
4.349458042402796565e+01
4.226861945069391879e+01
4.500090359719576583e+01
5.113153316319021968e+01
4.535135538817954171e+01
3.972045139486737497e+01
4.229526188464880221e+01
4.278034314658393100e+01
4.890239485416390863e+01
4.382831084477754047e+01
4.776576215658073465e+01
4.492244023740362735e+01
3.386984258989217977e+01
3.458600366106519175e+01
3.674962319485305784e+01
3.491034966529330319e+01
3.697438470875535188e+01
3.894900395990116948e+01
3.434352666149144540e+01
3.795742845287809075e+01
4.381834613275775325e+01
3.305806262198976242e+01
3.682106216003450072e+01
3.878171465336784252e+01
3.756309623136402820e+01
3.709293650432039158e+01
3.955709879394417783e+01
3.634155643154994664e+01
4.974338363403546737e+01
4.190627586663385529e+01
4.216253271206999642e+01
4.619600503932931446e+01
4.202013791238708507e+01
3.913905420875624230e+01
4.206696297453957101e+01
3.927660194575503283e+01
3.967086500460769827e+01
4.310959961041809407e+01
3.682450371097790054e+01
3.967567212088156481e+01
4.083217000218962056e+01
3.448855744844205162e+01
3.508405520096439290e+01
3.945850939881168529e+01
4.595635194565394954e+01
4.932874848462453343e+01
4.879237435817751134e+01
3.552906105540809989e+01
4.464739289377524045e+01
3.862615215532381541e+01
3.846010006406792314e+01
4.189265476901508833e+01
4.464934479210234741e+01
4.860733251224603890e+01
3.551782037549543958e+01
5.670485186857054316e+01
4.179854198667846532e+01
4.157056514628898469e+01
4.418779678661928756e+01
3.660687738932533364e+01
4.576709381574533353e+01
4.361120988030286583e+01
4.414805586940900639e+01
4.026739467864379662e+01
4.772290059672572227e+01
3.796170277205467869e+01
4.381715740044892726e+01
3.610569474329274442e+01
4.174451312331688513e+01
3.408383866894551062e+01
3.820314191848072483e+01
3.504546551664222420e+01
5.028262350767771238e+01
3.825907945545101541e+01
5.367609925926350911e+01
4.646316732313788833e+01
4.094265373913113137e+01
3.526942746365275383e+01
3.891719495171481213e+01
3.847070714830970672e+01
3.948673932495962191e+01
4.114584359694884341e+01
4.156890973928300070e+01
3.804587263844587142e+01
3.483838090256013942e+01
3.955755962252726476e+01
4.564868285029585593e+01
3.829522874505961028e+01
4.079879182741729693e+01
4.146752615252302832e+01
4.275607339057951606e+01
3.978751423021716960e+01
4.387045424838955654e+01
3.653037995545727767e+01
4.205796633847475618e+01
4.272292781600001632e+01
4.172868494199339295e+01
3.595594451970870864e+01
4.365273812883815907e+01
4.199758403789269323e+01
3.655997882888992478e+01
3.821029408639869018e+01
4.204403227319157565e+01
4.150832176455224243e+01
5.158074855783139157e+01
3.619732887680667233e+01
3.922915108631674741e+01
3.868466426858471152e+01
3.622895958192336252e+01
4.025585683616849053e+01
4.611750314167237974e+01
5.117944151593731306e+01
3.824656513641934197e+01
4.207484180163255871e+01
3.633964685397231875e+01
4.807260419762903325e+01
4.041681998399042897e+01
4.234085841279672024e+01
3.620938377974300693e+01
4.050872107084222762e+01
4.606871635238205442e+01
3.654147261293209681e+01
4.090240905734606969e+01
3.875124886307435901e+01
4.433328563742316675e+01
3.839599600635303034e+01
3.491748493971483924e+01
3.652933703960135148e+01
3.709072530019837899e+01
4.536212586691075899e+01
4.331918134402363307e+01
4.201934389756172550e+01
3.688022103130974472e+01
3.903507192557226801e+01
3.767376762738246043e+01
3.607458099069547330e+01
4.019568478728026406e+01
3.879948240740004195e+01
3.835744146696610812e+01
4.159643194028890179e+01
4.361270223942755564e+01
4.216576537651314993e+01
3.675473981539764878e+01
3.566754661368049995e+01
4.004069948758223774e+01
3.446115339377208642e+01
3.800650195815453714e+01
4.157495061842038808e+01
4.186549753683799224e+01
3.699823374945709276e+01
4.249521907567768153e+01
4.323593798022115209e+01
3.669540457383008913e+01
4.016845261345570606e+01
5.120719919306761625e+01
3.528029081211484907e+01
3.708801707362865585e+01
3.927391005063998364e+01
3.795500285251931416e+01
4.739043079608135400e+01
5.045694890501711427e+01
4.884298713122465330e+01
3.797118349161088702e+01
3.490464677995011300e+01
4.933185633780510670e+01
3.755853035304168941e+01
3.721651933747730112e+01
3.736194371934247016e+01
3.749042816609384943e+01
4.030823255213761058e+01
3.936565495634584266e+01
4.375576295129654625e+01
3.957183270232055605e+01
3.464863654115897873e+01
4.765584092958944495e+01
4.223988650729472027e+01
3.520788613627932762e+01
4.135184051501744307e+01
3.477304915199936630e+01
4.405409686534435565e+01
5.586414897898750809e+01
3.503071881819954569e+01
3.726120483038801723e+01
3.898866861873605671e+01
4.302298778406825619e+01
3.533816383578237463e+01
3.975071732550642167e+01
4.140750949322466568e+01
4.449336326893526206e+01
4.123436715131465746e+01
4.182870851048285488e+01
4.663782922749445703e+01
4.890222686569337185e+01
4.022904832024077848e+01
4.044643678425250499e+01
4.119017733891430311e+01
3.440636882068258018e+01
4.111293813153131538e+01
5.112606799813594449e+01
3.705349061654894882e+01
5.032760901729513847e+01
4.489737913638947475e+01
4.388872976198434372e+01
4.003157837041803191e+01
3.662412698155478807e+01
4.732385260833972751e+01
3.958430458165661747e+01
3.851019929170215050e+01
4.403842413667747024e+01
3.415929865836473311e+01
4.317671191430554956e+01
4.181059841685754463e+01
4.208765027698090933e+01
3.776342657948316628e+01
4.292277379241722457e+01
4.412815757505810410e+01
4.223034605356717464e+01
3.739102830253805365e+01
3.582217619706517553e+01
4.068577469986212236e+01
4.411276091831734902e+01
4.101360460117732032e+01
4.593371784577876582e+01
3.705057392125617355e+01
4.791909975693904755e+01
3.539659483890589797e+01
4.067731639083612549e+01
5.300141352652715909e+01
4.122482768380977092e+01
3.472818911020922883e+01
3.388911415433343421e+01
4.175493979746303097e+01
3.989555834826398950e+01
3.421112427517523003e+01
3.686155863720115633e+01
4.101510570006880840e+01
3.794749837220503963e+01
3.984233537440995576e+01
4.711766574866619095e+01
4.503759044364922914e+01
4.405746457826042928e+01
3.414572535528139241e+01
3.945565796257866253e+01
3.688916144102826422e+01
4.235413954589220253e+01
3.741004414355919749e+01
4.689164589415635476e+01
4.250914199883477806e+01
3.929526989185653463e+01
3.696085109223209741e+01
5.093090488491643697e+01
3.676329851921077818e+01
3.267860665682722043e+01
4.555758914983739771e+01
4.815313509470282582e+01
4.195755247129428511e+01
3.535730741002429767e+01
4.668534133252188667e+01
4.179637439517767916e+01
3.740180394272665154e+01
3.736148722934272826e+01
3.892492348486412368e+01
4.268917486718613929e+01
4.283274218296998015e+01
3.534731818376474166e+01
3.800533670207650516e+01
4.504511894943806283e+01
4.488187269252318856e+01
4.328108808669680485e+01
3.705899830391459204e+01
3.942526165778163261e+01
3.654498894060630931e+01
4.183788031339746283e+01
4.184059067605404891e+01
3.643380133548391342e+01
3.603955638607452983e+01
3.889590963719618344e+01
3.565986899645367458e+01
4.939630133483658625e+01
3.648259191319144890e+01
4.803478439796214161e+01
3.814466717394047635e+01
3.632563377636550683e+01
3.682766479479206367e+01
4.688080119022427539e+01
4.092464433233853072e+01
4.082749458677967169e+01
4.029140354199749652e+01
3.712284014386187891e+01
4.433362694881351018e+01
3.715225655680330163e+01
4.049647237722012250e+01
4.826878635390637839e+01
3.548065936198322845e+01
4.071617362435033272e+01
3.867965352331368223e+01
4.591886523025348765e+01
3.782982671234062622e+01
4.305168697868912631e+01
3.556629239985168311e+01
4.371969307644496894e+01
3.887097317444813172e+01
3.842594629942659878e+01
5.018380083905477562e+01
3.892552098949077077e+01
4.428776907127598150e+01
3.943124339658144351e+01
4.802514586285457909e+01
4.017494318925475483e+01
4.632531092562746977e+01
4.307310634697632423e+01
3.505717173400633868e+01
4.426516945311212226e+01
3.566375101706785244e+01
3.764665203117819203e+01
3.968197464664247320e+01
4.740166944961792694e+01
4.349266840257862299e+01
4.058410066779532599e+01
4.006452092576069646e+01
3.666230179905110020e+01
3.868590386445105622e+01
4.147099027866882892e+01
4.131896612150969617e+01
3.987923547029334514e+01
3.525459754532808176e+01
5.002780933830253218e+01
5.000283069006142256e+01
4.430971095303011964e+01
4.227284633233410460e+01
4.693602605179383147e+01
4.347322941557553122e+01
3.555842677825774700e+01
4.483455719565572650e+01
3.764965783780105113e+01
3.677237773218695338e+01
3.600362360680670548e+01
4.251604696973127773e+01
3.892609562959554381e+01
4.021454755762455591e+01
4.179608487764639335e+01
4.128206100841550352e+01
4.462341762622632046e+01
4.630820902042773213e+01
3.954313122631109678e+01
4.830808000996083962e+01
3.917129711474914444e+01
4.774339372539014903e+01
4.112610296517645736e+01
4.612621899253029767e+01
3.718616346105821435e+01
4.037179960703787884e+01
4.084139196579113218e+01
3.883720645403025884e+01
4.163442718028193212e+01
4.468662250598134023e+01
3.849922398157997350e+01
3.997435804505925461e+01
4.278957414211494381e+01
4.591314819278039039e+01
3.582148736238808340e+01
4.909092267323747905e+01
3.350641486181010009e+01
3.483156091269833610e+01
4.350287539420736493e+01
3.561901615543831667e+01
3.532083213548517620e+01
4.282792833501056151e+01
4.911067229766376840e+01
3.300838337183047599e+01
3.818642599329604082e+01
5.049158173103552372e+01
4.192556352776639272e+01
4.064563137649278701e+01
4.371146685542511534e+01
5.331010903969446701e+01
3.981392449872023320e+01
3.958757981116047375e+01
4.795302215632961662e+01
4.413820854684811223e+01
3.574239092503808024e+01
3.384834470029091591e+01
3.976499227294512195e+01
3.865469277094671696e+01
3.616339594665058854e+01
4.032554025822876298e+01
4.587715797485396507e+01
4.949428581345278388e+01
3.813268585461148064e+01
4.373927649254756034e+01
3.890516447165489211e+01
3.388791605199962476e+01
4.998283192396602459e+01
3.444344950076564515e+01
4.074094934180848071e+01
3.513670458195608148e+01
3.905126866290705578e+01
4.166842661557117822e+01
4.130107267884201150e+01
4.337264643813681175e+01
4.078891419109957894e+01
4.139725335576412135e+01
4.454056858156123866e+01
3.182473191557815539e+01
5.418353717471252651e+01
5.212853197101264158e+01
4.803772865306269324e+01
4.662255870175290084e+01
4.408860728341445423e+01
3.796439454342014841e+01
3.960356047094399656e+01
3.570383965225973810e+01
4.335259568706547384e+01
3.613709029147260310e+01
3.425052808534881876e+01
4.162651982691853902e+01
4.735852543491611044e+01
4.608787186117532997e+01
3.994285930772051074e+01
3.584259536623735443e+01
4.181434947849364647e+01
4.489652903982285181e+01
4.180446062552652364e+01
4.523657793050968934e+01
4.853548407147061994e+01
3.604849252836048379e+01
4.390199190674876206e+01
5.265364616045494728e+01
3.489582834712461334e+01
4.513700359857771360e+01
4.437301023652039333e+01
4.446928179317582419e+01
3.583060363690629657e+01
4.563563122862005628e+01
3.723948666465358315e+01
4.519793187957755265e+01
4.066728370751533816e+01
3.824555262148401624e+01
3.551463219171718322e+01
4.502073135014136795e+01
4.697443533699524920e+01
4.264418457726963396e+01
4.466669919958692248e+01
4.404102154889606169e+01
4.936383312016933900e+01
3.392084356849700555e+01
4.180816618449633637e+01
3.900065101948895574e+01
4.355547040862715136e+01
4.063146393869374862e+01
4.460690692452262596e+01
4.977566182777164272e+01
3.698665446801412315e+01
4.016038054083714570e+01
4.104214972941571205e+01
4.737781606771265785e+01
4.589486383331141184e+01
3.571251386336805922e+01
3.771511850771368302e+01
3.504850979159239444e+01
3.920215458716425161e+01
3.312546356124102687e+01
4.251822461348704252e+01
3.580295018656870809e+01
3.947728865613015614e+01
4.451091650426542401e+01
3.947633257595656886e+01
5.283959659681403309e+01
4.211056934308708577e+01
4.650054599131652822e+01
3.547995815876926429e+01
3.776744192746061657e+01
4.414786386883725555e+01
4.017373512998395313e+01
4.362145323907785865e+01
3.420493260601664787e+01
3.782662824980103267e+01
4.561990935242053524e+01
4.863409317679321475e+01
4.248773157459879712e+01
3.607981516789727294e+01
4.900231309079679676e+01
3.518409163787214311e+01
4.558297969297166929e+01
4.109603875898635295e+01
4.419883232462785827e+01
3.636289566218492553e+01
4.011542917815980758e+01
4.357507009341547644e+01
3.970912522674728962e+01
3.607797472219026247e+01
4.480412121774767797e+01
4.179161835502929279e+01
3.852671879299762026e+01
3.822422235309451111e+01
4.057332156063509387e+01
3.852880702212542730e+01
4.479563801359105923e+01
4.006069269838022251e+01
4.310657245147955763e+01
5.001235928281541021e+01
3.898241830020391774e+01
3.894132491369683891e+01
4.215110689609176831e+01
4.381008397724880155e+01
4.857315934150887671e+01
3.977061117175097849e+01
3.903795865016525113e+01
4.779449623522442181e+01
4.048010478470311568e+01
3.877999005674632116e+01
3.514034777189294090e+01
4.055715301937686235e+01
4.330815866958406701e+01
4.636900546653925659e+01
3.931063702048270869e+01
4.194292396376200571e+01
3.704218521388070684e+01
3.892818198063309865e+01
4.069974459960941005e+01
4.002937489004672500e+01
4.703383197223352141e+01
3.792019184260531972e+01
4.817238208576833358e+01
3.410630471924105933e+01
3.398208401475969254e+01
4.174338686967769974e+01
4.825149510269546482e+01
4.480715859625743747e+01
4.160207685674631506e+01
3.854297362711675845e+01
4.193063090653482305e+01
3.830741103430153771e+01
3.386697012331914181e+01
3.637807417895671591e+01
3.507186662743029615e+01
3.953091588260127054e+01
4.288502493042773267e+01
5.125794605100006152e+01
3.918807686613825325e+01
4.468712758362380555e+01
4.941204871045825797e+01
4.084321432608491165e+01
3.642193368283182053e+01
4.406965761404300963e+01
4.333358097736207526e+01
4.747266273094476219e+01
3.756656927156254966e+01
4.287356554824309995e+01
4.424636058751503498e+01
3.620335566462893695e+01
3.963787832107056630e+01
4.380645888734282778e+01
4.821735650072949397e+01
4.519766683302272980e+01
3.998230418032953537e+01
5.710190981442330838e+01
3.762381398102380103e+01
3.927705053532546486e+01
3.753084911054566675e+01
4.214688988888915588e+01
4.045788977275137910e+01
3.542031845629354336e+01
3.851531934135059032e+01
4.179384550592656211e+01
4.206835942080232371e+01
4.467735925850188039e+01
3.753961444617906551e+01
3.876763549916972096e+01
3.811029291432288346e+01
3.944928699739243427e+01
5.335081089891863115e+01
3.956665549272626947e+01
3.478413374650366308e+01
3.981204661082762186e+01
4.760959145310894769e+01
4.486037205843834386e+01
3.571429806614761304e+01
4.887187757483604855e+01
4.172923727121169435e+01
3.498497504045408846e+01
4.211094082469533362e+01
4.709335718065939602e+01
4.667234777378895672e+01
3.882329305402444675e+01
3.997923640051773475e+01
4.154532617049586207e+01
3.469263765283677259e+01
4.191319533496140792e+01
4.448745906220614188e+01
3.630588504164189345e+01
3.890203812523645155e+01
4.170724634991041313e+01
4.358577768035551259e+01
4.819667295399828788e+01
3.913118499629334224e+01
3.463375337105503604e+01
3.567589343935635782e+01
4.848177946729317256e+01
4.541175213938642941e+01
3.970630142170561072e+01
4.149778977189328799e+01
3.690351358487092881e+01
4.163763100539991768e+01
3.434106122365461289e+01
3.556256914221069820e+01
3.467968404412548722e+01
4.562585490497679785e+01
4.135906677102033768e+01
3.457977543498591189e+01
4.478135782740044846e+01
3.865659501042159718e+01
3.921804665665618472e+01
4.330447299530037952e+01
3.714441342564123971e+01
3.515801736648556641e+01
4.143168705537941321e+01
3.453148386920032920e+01
3.896113411808515536e+01
4.576757312789554533e+01
3.406405010959737467e+01
4.404094217578107617e+01
4.296894118160601295e+01
4.085133973278373531e+01
4.135638825856307932e+01
3.754852728046682131e+01
3.937306269897035804e+01
3.479909805629522879e+01
3.832686915615771994e+01
3.709109342115669961e+01
4.559059381306852288e+01
4.892048309299258335e+01
4.741195587938243960e+01
4.149974371955895691e+01
4.055642899822539960e+01
3.890400908931045620e+01
4.297478634932345898e+01
4.013981662341830514e+01
3.980133885556146112e+01
4.000255104742311829e+01
3.347120520131932864e+01
4.720385668635483967e+01
5.258280457475106573e+01
4.247831985180734904e+01
5.155162814867748011e+01
3.824500074870750410e+01
4.819478227657000957e+01
3.633469269978169081e+01
3.503121505958407056e+01
4.538961680925889652e+01
5.020367927546917031e+01
4.321042841405988355e+01
4.092580498936924727e+01
3.481204865848081909e+01
3.668385981127459416e+01
3.742608850724335667e+01
4.463550788789815016e+01
3.279297832249677924e+01
3.931325018856009024e+01
3.606240444637063547e+01
4.261450797630513421e+01
4.130340206085706711e+01
3.523687014734295531e+01
3.574020182026688985e+01
4.357455783012775896e+01
4.388232134119594008e+01
3.845877010370160320e+01
3.574293416758531805e+01
3.678142623861882754e+01
4.891258844879470047e+01
4.751027555173234163e+01
4.271303641046425525e+01
3.478631451208429581e+01
3.582558388506151204e+01
3.997033593715553224e+01
3.646344134319677011e+01
3.965378807977046449e+01
4.296869365563888721e+01
4.166637921298374891e+01
4.025264107738627928e+01
4.263878185849607405e+01
3.580951120549519118e+01
4.171524893023882896e+01
3.906104058440712379e+01
3.408731418693820814e+01
4.854336714912544437e+01
4.172794694939262428e+01
4.586616510236104460e+01
4.090187164012623100e+01
3.840264003907596901e+01
3.768669881333369176e+01
3.616136484618598246e+01
5.030113866378547272e+01
3.939113572742774494e+01
5.753914007716011270e+01
4.226444821404166419e+01
4.124925538328414376e+01
4.271733754910183478e+01
4.186731726124541808e+01
3.684815015762060852e+01
3.535094783414371733e+01
3.931714671384791870e+01
3.519086910565175685e+01
4.114875286725328607e+01
4.083704012167741126e+01
3.850541738932673752e+01
4.190899776234920182e+01
5.240933197950492684e+01
4.679072035182560541e+01
4.275467704333082253e+01
4.000311787620476878e+01
3.855149347562704776e+01
3.637785417440417746e+01
3.976730588657432719e+01
3.544830185141045575e+01
4.144661799839705907e+01
3.861779744274683424e+01
4.235933246855058343e+01
4.453214122371647221e+01
4.275490512650902986e+01
6.112530490171522501e+01
3.963779089184308901e+01
