total_mass
6.703908165979042622e+01
6.613277073726554534e+01
7.230162723653418766e+01
7.035189137006354088e+01
7.168642439128083765e+01
7.055651959126497275e+01
7.057376466849430585e+01
6.831874801856110935e+01
7.076877166127744090e+01
7.050828573837964086e+01
7.011986266891696573e+01
6.698006413018835303e+01
7.042922812587661952e+01
6.703541504077483637e+01
7.035824615923013425e+01
7.076393886905023578e+01
6.846278387823232947e+01
6.940652201042163938e+01
6.867378462893940139e+01
7.108073662040548868e+01
6.926810262376724836e+01
7.542650845692962491e+01
7.364487603529920534e+01
7.109251494165891927e+01
7.289637451578990124e+01
6.864303533852891803e+01
7.041679414848536567e+01
7.004297273259446399e+01
6.580996897194714279e+01
7.191914118516830001e+01
7.157220695608276628e+01
7.240009611466454942e+01
7.486053992008989155e+01
7.592012632156138352e+01
6.993447819585622938e+01
6.747077386426317958e+01
6.948891710506168806e+01
6.690763645499019674e+01
7.032747350046234658e+01
7.103730245547139077e+01
6.920825875701595464e+01
7.180728671996237722e+01
7.351060069867386915e+01
7.127988141708523528e+01
7.275080021448914636e+01
7.059525807486181748e+01
6.847125501767025924e+01
7.068927811911770220e+01
6.577680428981672378e+01
6.986595517495884167e+01
6.715548408895716648e+01
6.719270624187953445e+01
6.837146660093685568e+01
6.784199479031039459e+01
6.997757279467901981e+01
6.525952953550171287e+01
6.943614416711973547e+01
6.612352038569730439e+01
6.871221696052191419e+01
7.014530102517076671e+01
6.927315586677644887e+01
7.336433185124928968e+01
6.722115650150421118e+01
6.839742822434965319e+01
7.426067646811964096e+01
7.277038800798935370e+01
7.323881743332751171e+01
6.855681916927443353e+01
7.443063810574061279e+01
7.535734510455966983e+01
6.948390357808332851e+01
7.427329895022566575e+01
6.895441317411227544e+01
7.007831249815038177e+01
6.976197936315961101e+01
6.733418165208237838e+01
7.483066358207381086e+01
6.722959286708915272e+01
6.865203994701744250e+01
7.099113076344411866e+01
7.222008725114932304e+01
7.035057692858009659e+01
6.808248237737379327e+01
7.165713552364323391e+01
7.203952656367610530e+01
7.390732678407624689e+01
6.679531934788022340e+01
6.941312808626267383e+01
7.184497581365462793e+01
7.211347624797846834e+01
6.829313086169531744e+01
7.228151306173703006e+01
6.935171048418700934e+01
7.243543761616446375e+01
6.818753601752294458e+01
6.574993676763158135e+01
6.800499979289887165e+01
7.462136068647090781e+01
7.055865215091688469e+01
6.727999805357384844e+01
7.072483347783189345e+01
7.044900984615578921e+01
7.321072788404104870e+01
7.239492834090442841e+01
6.891283769257053393e+01
6.688267180993781835e+01
6.949402093805687741e+01
6.884901352012197151e+01
7.456864741023088072e+01
6.962335017013374738e+01
6.676877050169592565e+01
7.288011715735018470e+01
7.327900466667628621e+01
7.023787920299058385e+01
7.243857363481301093e+01
6.675495300615972383e+01
6.942565552581834254e+01
7.115509540037854208e+01
6.463977660574818174e+01
7.128516856410040248e+01
7.474813151563270708e+01
7.284418877537547132e+01
6.793171978852089410e+01
6.918018301761092914e+01
6.606356084047587274e+01
6.731602545423803008e+01
7.020525951110272445e+01
7.130569055037182125e+01
7.187996734789807363e+01
7.320893564589832181e+01
6.682600463065060126e+01
6.276316604166630952e+01
6.744357722344821582e+01
7.050157843247684752e+01
6.725426034146855159e+01
6.959003335679602742e+01
6.850585341228789105e+01
6.535078422132293952e+01
7.029255118250361534e+01
7.025573668854853793e+01
6.812276496494905587e+01
6.816602945083046450e+01
6.938371017269940921e+01
6.791441515309072940e+01
7.415386528415690748e+01
6.790630577205729423e+01
7.582553073297117407e+01
7.345399599193545725e+01
7.172299676196574580e+01
6.903914369092690606e+01
6.790204463210136510e+01
6.656865663669449873e+01
6.853243057338153221e+01
7.185765821134408782e+01
7.140404593335769334e+01
6.720437586508850814e+01
6.723543919602519736e+01
7.591999239544820455e+01
7.160686041155011594e+01
6.888890972990859041e+01
6.488092997633631853e+01
7.090363867739802117e+01
7.007398873455291266e+01
7.336918939716647969e+01
7.442704943596402245e+01
6.996724759905086444e+01
6.990995738935242798e+01
6.953833129717288841e+01
7.099435258657771897e+01
6.848977618401580969e+01
7.621016162115438419e+01
7.423451668242057622e+01
7.233639888709060983e+01
7.108064213172731627e+01
7.002089791234340055e+01
7.022240548407228289e+01
6.591043615578762171e+01
7.071521527252542683e+01
6.423928121949654724e+01
8.141714101983981777e+01
7.060957322753726828e+01
7.094326107089571565e+01
6.558809457184240443e+01
6.602533809273734278e+01
6.717458307479851953e+01
7.101318373362438763e+01
7.737073776479370224e+01
7.539702769207738697e+01
6.839314451127613381e+01
6.749713727166610511e+01
6.960422673041379937e+01
6.929642883203021597e+01
6.835440648577986167e+01
7.039050435915810056e+01
6.836310107233484246e+01
6.923610892394164296e+01
7.025137601440353308e+01
6.818604300376071592e+01
6.878039700251909494e+01
7.372634178354178403e+01
7.421009306051014676e+01
7.688981715679540230e+01
6.713245370960797231e+01
7.294821105201458522e+01
7.075033079477094589e+01
6.947141261491843522e+01
6.982768804794466178e+01
6.840415923189351588e+01
7.263574284475156162e+01
7.300592377341502015e+01
6.988247569490003741e+01
7.004590868761037825e+01
6.715028007161086521e+01
7.013987740297261553e+01
7.211424692288963456e+01
7.280082346255959180e+01
7.765940560384170510e+01
6.945064045511909967e+01
6.539767726992191399e+01
6.760991562584291614e+01
6.556714117481294579e+01
6.912353047879598478e+01
6.512259834326675900e+01
6.940350397163311413e+01
7.128833275982714213e+01
7.232899740572025848e+01
6.904451374865566038e+01
7.100506937281322450e+01
7.360761360198847569e+01
6.710896479805454362e+01
7.448710635693470294e+01
7.187833759773008069e+01
7.248333564714094734e+01
7.316337258508272612e+01
6.914472371828634323e+01
7.523445953314970325e+01
6.491124806852006657e+01
7.453433042993670199e+01
7.089984264987695894e+01
6.810915683055158354e+01
7.127563026977830418e+01
7.143026775505020964e+01
6.917966312028849529e+01
6.584154209942153102e+01
7.178542462271082059e+01
6.689267372761381125e+01
6.801447667884026771e+01
7.096905892352134515e+01
6.562792518886989512e+01
7.041393285030287075e+01
6.809443964683711670e+01
6.698206108889473853e+01
7.404028887497706535e+01
6.909166611207132291e+01
6.920333827139100435e+01
7.056643805153342441e+01
7.206898853016953410e+01
6.970180976029909914e+01
7.235798194115827187e+01
6.796024375946072382e+01
6.916359443057871204e+01
6.918546301319778991e+01
7.004379225358422900e+01
7.125510744010486519e+01
7.337642718492671179e+01
6.981954347579986120e+01
6.779204232966304744e+01
7.025278735386140738e+01
6.919681440118640126e+01
6.615383589261912789e+01
7.494763030409455951e+01
6.828979677726930220e+01
7.328707304874427564e+01
6.597660571760863490e+01
7.613656674218240994e+01
7.392402449789335606e+01
7.348427118440591244e+01
6.368659172204992558e+01
7.164595265573174743e+01
7.166107329898666478e+01
6.597548261188043739e+01
7.153376301189186393e+01
7.461043590623643240e+01
7.379835809268551827e+01
7.275148533272820828e+01
7.485069303120621953e+01
6.620142471965948516e+01
6.755873025030665247e+01
6.994729004616615953e+01
6.761910654346166893e+01
7.029158917356124903e+01
6.610298568960091359e+01
7.082841507477408527e+01
6.642913804110636988e+01
6.630805080576027422e+01
7.670257302709438818e+01
6.692933394537766389e+01
7.351407327950053627e+01
6.925072655625727691e+01
7.042160274366560202e+01
6.872884171030479195e+01
6.473332204541884494e+01
6.903956204656091700e+01
7.024433726403375999e+01
6.983354175515586348e+01
7.018383953048419244e+01
7.075623989901122002e+01
7.105365871434150904e+01
7.104305955618279711e+01
6.509502003918606761e+01
6.763942977794550870e+01
6.847375263930524625e+01
7.386137784339989310e+01
7.124354517632043837e+01
6.751986440206343332e+01
6.627349018195300800e+01
6.666788364027242153e+01
7.127690506475708787e+01
6.942043555767425289e+01
7.830022050289628055e+01
7.026823977909906205e+01
7.415499550001348439e+01
7.201536911285781173e+01
7.114853823771701968e+01
6.831666762547145311e+01
7.263399836596718728e+01
6.935723484010073037e+01
6.833052863910958763e+01
6.967931347867218506e+01
7.195729399356547162e+01
7.193416202634543311e+01
7.208091494738894767e+01
7.084195498419525450e+01
7.027289295901351807e+01
7.431613241737670705e+01
7.905277381128871639e+01
6.819131551611141617e+01
7.002947998094694526e+01
7.371677310777775460e+01
6.727752857672848563e+01
6.994851249094662649e+01
7.016469176311338174e+01
6.934773695059232068e+01
6.859742120544909483e+01
7.210404673634008077e+01
7.018928737215827596e+01
6.408291594130666624e+01
7.656036923942244243e+01
6.774005153420679903e+01
7.393264126271353121e+01
7.167333424781762119e+01
7.202167403730030060e+01
7.041991678335037363e+01
6.852694776939974020e+01
6.803486005729007502e+01
7.344494522540145454e+01
6.923805825034705208e+01
7.304831521735788158e+01
6.744188250443282584e+01
7.460274121564532379e+01
6.825509505173394587e+01
7.002658494283986101e+01
6.807329448446576237e+01
6.755704441893965395e+01
6.625703699911667854e+01
6.790716547976469997e+01
6.946413789719689191e+01
7.071569378839618025e+01
7.033465836898679413e+01
7.144530185774067377e+01
6.652369981592813986e+01
7.206934819506192014e+01
6.762817699933907534e+01
7.764322130635655128e+01
7.039114886991936260e+01
7.029116739846783446e+01
6.943420085022427202e+01
6.952827020929557023e+01
6.557835315298918033e+01
6.965141743398447716e+01
7.273868265629317875e+01
7.055837146670668858e+01
7.108781015961741900e+01
7.060547033542871986e+01
6.662703330358176856e+01
7.026733886203800239e+01
6.956502741376476706e+01
6.847588155501628648e+01
7.463499813710714648e+01
6.797394560718778678e+01
6.908255819016888211e+01
6.862392583462228401e+01
6.621076545888165299e+01
6.781263339172541293e+01
7.022796416889384830e+01
7.303235808233105786e+01
6.583010800442471577e+01
7.121656772602830188e+01
7.500564455965849220e+01
6.847299866584489791e+01
6.977874498164503336e+01
7.197928683700379793e+01
6.868502067600458361e+01
6.977125461755089475e+01
7.712083862399423140e+01
7.641265260589619857e+01
7.089981771693612700e+01
7.132615244979822933e+01
7.116727304138929355e+01
7.255706264934758565e+01
8.071017350341415408e+01
6.635765565482978445e+01
7.449379281891756932e+01
6.525657176757674449e+01
6.409337433703014142e+01
7.683109271687928299e+01
6.428563356858425948e+01
6.839212497249921796e+01
7.126628587386881009e+01
7.764488215391168069e+01
7.598901121918815704e+01
6.983171107179600767e+01
6.773436906149079562e+01
6.667805831063367350e+01
7.195018044644264421e+01
7.162732656521696128e+01
7.016993935037727681e+01
7.077357578892582524e+01
7.558592191899680302e+01
7.289642554306414013e+01
7.275746955105896063e+01
6.963336987083894769e+01
7.271818391754925415e+01
7.590261910822067648e+01
7.020004992013639367e+01
6.971295039304371244e+01
6.707234607901825996e+01
7.306594136251203508e+01
7.181204668029883464e+01
7.080409455398965690e+01
7.255857530044391979e+01
7.315783752733777590e+01
7.116191937731196049e+01
6.736113218567309957e+01
7.608930749087170398e+01
7.506202699985249183e+01
6.774433122283460307e+01
6.730005811165236196e+01
7.474417332608253162e+01
6.823454659700857405e+01
7.455870425081086239e+01
6.615255495425427057e+01
6.658118733907286924e+01
7.518331030571971496e+01
7.028982552700021813e+01
7.026951197829771445e+01
7.111866031403471311e+01
6.657945861718246761e+01
6.967812987436309413e+01
7.064334924812706618e+01
7.014647101388197825e+01
6.842666637794575024e+01
7.060386749630816894e+01
7.238646749989469242e+01
6.810720985910899117e+01
6.805358437674610173e+01
7.195020607024946457e+01
7.152082201502042835e+01
6.815790329758641519e+01
7.298716113002632255e+01
7.364204250049320422e+01
6.912726000041146790e+01
6.968270075091855631e+01
6.940236334761540604e+01
6.654736675230037690e+01
6.962151109709003549e+01
7.005479703590455642e+01
7.014335968854709336e+01
7.153137370178123433e+01
6.644571441386041499e+01
7.268369752900851211e+01
7.444329753085493451e+01
7.052397550408761617e+01
6.631401036050488074e+01
6.476248404229546907e+01
7.152247335105155912e+01
6.740891193391533420e+01
6.971620267322286679e+01
6.366797489108402175e+01
7.359230328079661376e+01
7.101475461137459888e+01
6.979033481935925920e+01
6.941368265229166923e+01
7.238533002132108152e+01
6.638039527376983528e+01
6.971569396927883133e+01
7.292171279658884941e+01
7.304208871469052156e+01
7.619523932935109656e+01
6.842455878472009090e+01
6.926315727535850897e+01
6.748885489012120331e+01
7.883483490526413107e+01
6.753731434230061836e+01
7.132503955466594903e+01
6.834084783597268142e+01
6.808242810272700751e+01
6.627146344156034274e+01
7.091957270859765572e+01
7.746853586243996403e+01
7.322826277579744669e+01
6.388492764151945380e+01
7.518181684774086193e+01
6.939082419205207941e+01
7.378185189280412715e+01
6.713343861901208243e+01
7.233589288004608875e+01
7.625379320149826867e+01
7.040313974214949155e+01
7.389648926646121652e+01
6.927984910228337867e+01
6.784758762912298380e+01
7.215719969114695687e+01
6.893762542203623411e+01
6.917118755853182677e+01
6.956788945260987589e+01
6.677563386931001332e+01
6.732915739819432588e+01
7.221165253947185647e+01
7.607265652285096280e+01
6.917361578303473379e+01
6.946322091651998676e+01
7.518863029498437811e+01
6.874233632836764230e+01
7.465612924344580392e+01
6.570685794153845904e+01
6.228881253140053076e+01
7.160010410872899911e+01
6.766082426796334914e+01
6.681335468338579631e+01
6.895347888849607898e+01
6.866881577907905410e+01
6.708311359637916382e+01
6.947424611545815765e+01
7.390427020050640294e+01
7.347519703401130187e+01
7.043132471465379751e+01
6.909963787531883384e+01
6.682487924762850184e+01
7.232920199462324717e+01
6.887948124257928839e+01
7.073176393484810376e+01
6.749449848871341828e+01
6.944497535524730836e+01
6.939969768513770987e+01
6.857192624615048260e+01
6.899583196230015858e+01
6.719399223282962907e+01
6.578254420522284818e+01
7.007618551669135343e+01
7.300778450092971639e+01
7.063689273431484139e+01
7.164693124704103866e+01
6.927871382697591685e+01
6.670608390011339850e+01
6.891842498596130895e+01
7.455089660604889445e+01
7.656277694571389247e+01
7.517142107354341363e+01
7.244832160227974782e+01
7.076314597125318073e+01
6.629651614433747397e+01
7.313690225515819066e+01
7.284402124572483217e+01
6.535633318906820932e+01
6.962625879129237205e+01
7.313150410015418856e+01
6.673336653532456353e+01
6.925970510470347108e+01
6.757691519263717339e+01
6.942481755375794705e+01
6.464140622874364794e+01
6.987899626967447375e+01
7.080169532107758812e+01
6.976985211443214041e+01
7.911739332238934708e+01
6.845759477955414241e+01
6.752558182976397916e+01
7.147026603918786236e+01
7.401679369040127199e+01
7.035484886489868472e+01
7.048834812293003438e+01
6.700065850127322165e+01
6.476248972046552410e+01
6.986714183060075811e+01
6.730302232708980625e+01
6.506972473698445469e+01
6.411380245470890316e+01
6.912067823553354629e+01
7.619869824266989156e+01
6.577420217679448911e+01
6.980075978588105556e+01
7.144558985348859892e+01
6.875907251293853051e+01
7.145302430389845938e+01
6.752900344691907719e+01
6.843135931108685099e+01
6.904480510475380584e+01
6.837090376660341917e+01
7.200267380808473661e+01
7.032621578636516801e+01
7.156214984104344978e+01
6.908649526379591066e+01
7.365588694087456645e+01
6.910088956156238282e+01
7.252256981495193600e+01
7.070258049306993087e+01
6.819819461413871409e+01
7.406125819415400713e+01
6.923459949319487805e+01
6.841809639167075829e+01
6.959614554834629985e+01
6.618702582176322835e+01
7.012421877431079054e+01
6.846832117929649542e+01
7.386652855090335379e+01
7.381750156649482619e+01
6.418334928105258541e+01
6.828176477994765037e+01
6.752639834966936405e+01
7.135036796664434178e+01
6.951131298724041585e+01
7.100583429571878469e+01
6.791429252059654686e+01
7.076956209950535026e+01
6.937883572370310503e+01
6.965010364288632161e+01
6.960999752790459638e+01
7.195935846604537289e+01
6.947580340700733359e+01
7.044433433416173784e+01
7.414647469008249914e+01
6.851475380101339852e+01
6.903020610052931261e+01
6.922772891196879641e+01
6.891351907136912303e+01
7.294847697894918781e+01
6.956525873624588030e+01
6.591250223091071803e+01
7.096923231286675104e+01
6.911273479821200283e+01
6.701579413747283809e+01
7.241941317228479136e+01
6.942219976641055723e+01
6.845403290745346681e+01
6.598169379281367242e+01
7.119165003287403692e+01
7.272496912243767042e+01
7.060708596324434438e+01
6.859775173972658990e+01
6.922587114555852850e+01
7.160440389390109317e+01
7.209586706636514464e+01
7.292291533335964004e+01
6.767961610399470374e+01
7.216873261809210760e+01
6.963269880725779615e+01
6.477458368811737444e+01
7.386050252367117253e+01
6.410547922313800484e+01
7.032805779450336559e+01
7.226144064741961870e+01
6.920500974828809149e+01
7.353664207535908304e+01
7.386559785640754683e+01
7.028897457874421661e+01
7.205488856282782706e+01
6.790655263012571652e+01
7.128322544622623980e+01
6.857195874006785630e+01
7.107308770741651927e+01
7.326023473789011575e+01
7.994049008212184049e+01
6.953358818015175302e+01
7.001762474795587821e+01
7.257205119426046735e+01
7.078392815856116727e+01
6.905872143011464459e+01
6.744615867708439794e+01
7.040570150801065097e+01
6.743215490740662688e+01
7.303869536995107126e+01
7.195901228241493186e+01
6.841871206894595048e+01
6.609575529349240242e+01
6.940489444851047551e+01
7.288691288846924010e+01
7.186589009230841896e+01
7.283785655220364674e+01
6.714947006789161321e+01
6.898656724557278608e+01
6.548697537325793405e+01
6.798102481852512824e+01
6.888067393685068396e+01
7.071773800391429177e+01
6.588058523755782403e+01
6.954654482433394946e+01
6.958899902018178807e+01
7.001872656232811210e+01
6.623956176753482339e+01
7.869730169362597394e+01
6.877506472306727403e+01
6.885135865349762696e+01
6.976338694686761244e+01
6.848572521569022342e+01
7.008837388671021529e+01
6.797246727983400660e+01
6.848969108170317099e+01
6.673804659894688029e+01
6.739262246050853378e+01
7.480371544435561759e+01
7.709875053081141516e+01
7.271541391476279159e+01
6.985988303523666332e+01
7.631668883620032773e+01
7.638199782310890384e+01
7.248726083899319406e+01
6.749668870279326427e+01
6.693274607440876878e+01
6.866910019456385328e+01
7.257620995578500356e+01
6.770732203389690085e+01
7.280109847368795783e+01
6.799529556884951376e+01
6.977169335452694554e+01
6.897773833534304799e+01
7.093450077248797925e+01
7.256295178708080584e+01
6.679857900037166019e+01
7.372285267101736395e+01
6.878842456391981841e+01
7.039587860492734706e+01
7.457305773000307170e+01
6.887326648464849654e+01
6.730563891084499062e+01
7.060492726134050656e+01
7.182541378958690359e+01
6.818094593590983266e+01
6.671730533783933481e+01
7.376127547386917627e+01
6.946889892507653030e+01
7.294493820204340295e+01
6.917815318904001742e+01
6.881639002179474573e+01
6.957937432833040248e+01
7.093524035955226736e+01
7.241852493393632528e+01
6.587253307181221373e+01
7.309831741982553410e+01
6.559991115219062863e+01
7.148508309929847826e+01
7.188124456032755916e+01
7.008884441811892430e+01
7.034940057260169510e+01
6.910097686174259479e+01
7.092375550037223775e+01
7.280080937818070197e+01
7.006706745389647040e+01
6.681005114603712514e+01
6.757127062646142690e+01
6.842011493433767555e+01
7.159632304241998213e+01
7.223499998548946621e+01
7.091330635431539520e+01
6.810675210612384944e+01
6.640422150242258681e+01
7.112175687816441894e+01
6.815001671267361871e+01
7.091884368752646139e+01
6.738024249696627521e+01
6.803794666586422579e+01
6.539496770158785921e+01
7.029177203133299656e+01
6.925827397486156656e+01
6.950427082707804516e+01
6.866355319125966616e+01
7.462533246124998243e+01
6.557816535954148662e+01
6.821007338821208066e+01
7.026496264440831396e+01
7.151709929445453895e+01
6.649619098195879019e+01
7.076276991018983153e+01
7.232264770094582218e+01
6.834246382681715204e+01
6.734910083070604969e+01
7.459996440178974808e+01
7.607537541429132943e+01
7.346984929192403513e+01
7.140379836969275118e+01
6.721500669144661799e+01
6.830642396662653937e+01
7.070411127305933974e+01
6.883222346222174792e+01
6.819021631408696749e+01
6.837695175113026380e+01
7.313706383811774003e+01
7.112409958407712907e+01
7.040131086459390986e+01
6.909370856289849883e+01
6.993908180983288503e+01
7.181513399093324779e+01
6.474121870538353107e+01
7.061457736700620558e+01
6.530341297517253452e+01
6.807810129356049345e+01
6.694394069599118779e+01
7.379234697217317773e+01
6.776094434261047184e+01
7.095087515770413233e+01
6.837527398002703194e+01
7.331175348820192994e+01
6.700264892928547056e+01
6.979632244237456007e+01
6.902542312252806767e+01
6.818892170979063394e+01
6.603871835085035968e+01
7.087639900144415606e+01
7.115091928817665234e+01
6.699512584458625497e+01
7.100260111647841654e+01
6.891306461991618448e+01
6.968578054947009548e+01
6.613701390974830474e+01
7.292171233815396647e+01
7.029669923241817742e+01
6.963255073500513959e+01
7.668494814880673971e+01
6.721841312832196991e+01
6.781355894629675163e+01
7.027133271339869225e+01
6.334905416426066438e+01
6.753392173461512016e+01
7.181484039076106285e+01
6.795406500231011648e+01
6.564951062448098185e+01
6.510157325491150004e+01
7.259684926644980862e+01
7.108058960833449191e+01
7.009118260346102147e+01
7.524740686250444810e+01
6.441715756377897151e+01
7.356108705412475501e+01
6.941797636305307151e+01
6.972944572795374540e+01
6.746884848079443486e+01
6.659393302409424109e+01
7.663300150003416888e+01
7.005690741549048539e+01
6.696151642875570076e+01
6.887519709869700080e+01
6.550943742336227160e+01
6.786185322065649927e+01
6.925426175435367782e+01
7.082815299032851897e+01
7.217064309238770647e+01
7.530463806480494782e+01
6.996206152057402505e+01
6.832245418616632548e+01
6.935722054930724312e+01
7.229881346349895921e+01
7.443656983725044540e+01
7.686243804760712806e+01
7.320839266670193979e+01
6.822964300718913933e+01
6.916256626684673847e+01
7.164696824599342051e+01
7.068248672291892376e+01
6.929018206696878224e+01
7.008780326522763460e+01
6.979979465137039085e+01
6.776876174142772413e+01
7.006245967609501690e+01
7.180697907760870180e+01
6.890821342220090173e+01
7.326755888703209507e+01
7.173461355813577711e+01
6.717451580150159884e+01
6.588056111143636429e+01
7.377707416511873362e+01
6.696114019067687195e+01
7.047649224796914780e+01
6.798346179093964281e+01
6.979707437087752453e+01
6.820403922981927280e+01
7.503359205483847916e+01
7.286220246204312900e+01
6.989712465114428142e+01
7.322480806183428115e+01
7.325279012433597359e+01
7.027799467739941974e+01
7.362817120910818858e+01
7.358129812864765995e+01
6.414455468948941075e+01
6.724030907179484018e+01
6.866818407324174700e+01
7.057880118308777639e+01
7.010609408725723313e+01
7.228872243159621291e+01
7.595779886529307134e+01
6.961141393855655224e+01
6.774276927920107028e+01
7.014086824647006324e+01
6.950009424827955229e+01
6.697939935759525554e+01
7.182143616958612142e+01
6.823355969546598487e+01
6.965414484145128426e+01
6.905152442531347390e+01
6.806126849087239350e+01
6.998875705428518756e+01
7.291206153586958294e+01
7.171383162037790271e+01
7.222443512625721951e+01
7.029146534823300385e+01
7.133392094133574801e+01
7.636804525758537920e+01
7.220690459739438438e+01
6.932007184514026221e+01
7.339363868175028927e+01
7.038968092457963621e+01
7.342878031926684912e+01
7.418795812323105565e+01
6.942978433818230144e+01
6.979490045391725062e+01
6.552756012864622903e+01
7.063573777849256885e+01
7.308298455909024938e+01
7.405277500235067123e+01
6.964692921566137329e+01
6.970645778500994538e+01
7.308665474862787903e+01
6.917060737756793287e+01
7.004175354535759368e+01
6.893023780850062110e+01
7.067020502133010496e+01
7.381591968829860662e+01
7.665573852955259326e+01
6.880263692868932424e+01
6.638339795597433124e+01
7.223515985633261494e+01
6.934078025650231325e+01
7.039987569440133086e+01
6.792704090321113597e+01
6.978037725903845967e+01
6.767925193499064562e+01
7.139981816847921436e+01
7.054584584025931804e+01
6.729602061634938082e+01
6.970145127368212457e+01
7.052743679874203053e+01
6.919473384496396307e+01
7.139050952272076245e+01
6.935404586147281236e+01
7.518396804196036953e+01
7.729379417744243597e+01
7.073329417622184678e+01
6.705710370303583545e+01
7.042885649019024186e+01
6.767196335472783630e+01
7.306524716110710926e+01
7.408044179252047456e+01
6.671140491940900574e+01
6.945771351467800514e+01
7.120983415330007915e+01
6.730911545078889446e+01
6.413887392641554186e+01
6.855170923659207460e+01
6.543411214660767428e+01
6.786026624313360855e+01
7.329353554645274471e+01
6.844075783180018391e+01
6.723944054737367537e+01
7.021656291973377506e+01
6.783156716125681385e+01
7.014584941589419032e+01
7.042037318858902495e+01
7.241144575235776415e+01
7.166450418538690315e+01
7.042025205707895452e+01
7.141476734254283087e+01
7.026813209454212483e+01
6.991068776837630594e+01
7.493624013400702211e+01
6.654744348822254096e+01
6.754152870609006243e+01
7.198551539890053164e+01
6.602326827933990216e+01
6.689512848470938877e+01
6.988020117935451481e+01
7.116171681757458600e+01
7.155545683187742156e+01
6.938892694466929356e+01
7.334843802562447479e+01
6.805601045109753500e+01
6.931596492631223327e+01
6.727436622370478858e+01
6.929068695491100982e+01
7.292914197104006746e+01
7.151738908090203495e+01
6.950522921133256204e+01
6.655382046133843232e+01
7.367873249319410434e+01
6.627629836209064251e+01
6.793843305539567723e+01
6.655783923654163914e+01
6.899977101358055620e+01
7.400161115599911454e+01
7.106925273859522463e+01
6.841888235318505451e+01
7.082343051801530009e+01
7.291858380005052709e+01
6.691524373865279074e+01
7.147613680382724510e+01
7.357515354333831681e+01
6.784012448472353185e+01
7.079858033784528004e+01
6.827249515946600411e+01
7.407198006467113771e+01
7.304948979134030651e+01
7.209549469283470557e+01
7.004024597666335694e+01
7.295489358591940743e+01
6.684077517175124683e+01
7.047096412404229682e+01
6.975262922941342936e+01
7.084757414051362900e+01
6.711931286824211895e+01
6.871350449592726761e+01
6.939968735447648385e+01
6.729053641059880420e+01
6.441419115111153815e+01
7.340178053312297379e+01
7.001729946559916584e+01
7.242718590688852487e+01
6.603023277872341623e+01
7.123845071624963055e+01
6.740548126734100265e+01
6.990406403918419187e+01
6.887436783773205207e+01
6.657252743091677871e+01
6.957627592972059460e+01
6.937648069245190641e+01
6.899445281295167831e+01
7.319981533291952758e+01
6.822614991733831857e+01
7.161007505270539752e+01
6.834159776334129788e+01
7.006213858125121874e+01
7.220734314220847239e+01
6.707537953347741677e+01
6.951668655046189826e+01
6.631973204814639189e+01
7.273070324611856563e+01
6.917685553141285482e+01
6.726441327220345556e+01
6.661533284220972462e+01
6.718033183892963223e+01
6.849242472187032149e+01
7.168440870660161579e+01
7.046672965877267814e+01
6.711944665208956451e+01
6.540938607765906454e+01
7.122346917328877680e+01
7.017378308836126166e+01
6.763300003047226028e+01
6.916283526542099480e+01
7.200418630236762851e+01
7.385675320432135038e+01
6.687616705601624290e+01
6.767265959125397501e+01
6.823440583739511567e+01
6.734376999626543636e+01
6.896565748249955163e+01
7.101667433645579308e+01
7.468933097532406862e+01
7.246012738560818889e+01
6.620979886197324049e+01
7.191407224456318659e+01
6.874952594878885748e+01
7.017930909323398225e+01
6.666467827251719314e+01
6.895055154405966391e+01
6.902928877070043256e+01
7.318113896603767898e+01
6.870316595385665437e+01
6.809261892746161493e+01
6.723357226412011300e+01
6.822898671555287820e+01
7.057585187164215768e+01
7.612259723290134161e+01
6.807723724377072472e+01
7.641254308356897695e+01
7.118352504736300546e+01
7.078954176973080337e+01
6.860725907903126597e+01
7.567667838207461273e+01
6.951409921667597303e+01
6.582450547820015174e+01
6.848272346261109078e+01
7.296596502950609420e+01
7.194515458593272683e+01
7.813146828213562856e+01
7.218675993885143782e+01
6.783500837665705774e+01
6.919318358769420740e+01
7.244175481771296177e+01
6.780367263232487574e+01
7.181351407494602768e+01
6.783571310006892929e+01
6.998605992657901709e+01
7.527058277619885018e+01
6.753490976398244072e+01
6.829447331079599337e+01
7.131979968808089154e+01
7.225867966709748202e+01
6.866074053606286043e+01
7.080836065250224465e+01
6.564640981780618745e+01
6.839367483871066611e+01
7.287034328842028685e+01
7.236908582344447893e+01
7.385632991471717901e+01
7.095811463563396160e+01
6.952581867326630061e+01
6.931839133403391884e+01
6.801202015591499617e+01
7.007621543337384651e+01
6.683088252580718347e+01
6.712345343750007487e+01
6.861967430889683328e+01
7.182503108297987637e+01
6.884739059366953029e+01
6.711983216481193892e+01
7.113293952728372460e+01
6.820615979637676674e+01
6.750158302164768997e+01
7.195155828147552768e+01
7.110915860626121798e+01
6.772647790420145952e+01
6.865637941762057039e+01
7.018950439722489421e+01
6.841953207031356499e+01
6.848266350808233938e+01
7.250644632393267841e+01
7.321059752148471489e+01
6.548960690282146402e+01
6.815025853551384216e+01
7.296496400650327985e+01
7.155995363575576107e+01
6.834148017063722591e+01
7.294913287300701654e+01
7.239476441338358370e+01
7.272539314814362399e+01
6.988318627028155561e+01
6.813208449651645537e+01
7.052463961382312618e+01
7.264878568017718408e+01
7.755376246630616777e+01
6.699584477938368821e+01
7.135476741800299294e+01
6.963421168654181770e+01
7.393388152040243710e+01
6.853554713162158407e+01
7.035742259669927989e+01
6.862465807095725268e+01
6.959633377672514598e+01
7.328131755684273685e+01
6.618407545220095756e+01
7.539323117129006846e+01
6.885986185878007859e+01
7.014590409369037616e+01
7.334384332000570339e+01
7.207371554057495189e+01
6.604900999607588119e+01
7.552397374774645300e+01
7.160051055785834251e+01
6.781113915311212281e+01
7.095080147554288885e+01
6.587454742566687571e+01
6.828490192171976503e+01
7.013860834858661519e+01
7.010583376637326580e+01
6.598178508042698809e+01
6.773795802378724318e+01
6.861924168176852845e+01
6.988174929247222167e+01
6.868664357787450570e+01
6.725849919744928229e+01
6.677514502404257257e+01
7.002254477476401462e+01
6.963039105347093027e+01
7.208948710189967812e+01
6.934077024395770650e+01
6.804331459000049165e+01
7.454195907319002856e+01
6.373426602197838520e+01
7.088001980140445824e+01
7.281043041218156020e+01
6.986461817085046277e+01
6.478618026624721438e+01
7.130069486060193640e+01
6.931523399202944802e+01
6.808430329689609550e+01
7.443766554091062915e+01
6.762230712790376685e+01
7.199455336658752458e+01
7.612173189482805924e+01
7.129064894241255956e+01
7.218612026730356490e+01
6.748271874490646383e+01
6.834125549597457905e+01
6.910780080467694120e+01
6.867352916923510975e+01
6.920585242891260691e+01
7.924713514195423159e+01
7.048868007907850597e+01
6.798960124030523389e+01
6.772092912962850164e+01
7.023062505667286359e+01
7.336883536780061377e+01
7.759607615410072867e+01
7.089271618580814049e+01
7.138320192783614004e+01
7.504739993352615102e+01
7.256729410349203135e+01
6.424502622256568429e+01
7.204130461983336886e+01
6.414393259116469892e+01
6.748867232138391614e+01
6.874399455994517893e+01
7.257977438194383524e+01
6.705732072820734402e+01
7.106496481420616362e+01
7.651325003366797262e+01
7.004044236333855622e+01
7.007553878174039141e+01
7.591533098490515385e+01
6.914790849852136034e+01
7.495042045753439197e+01
7.006717822533650519e+01
6.921889016579842746e+01
6.944397901261193340e+01
7.021624987132750562e+01
7.154058554187960794e+01
6.904184332243379174e+01
6.964105158930888706e+01
7.484590475805320864e+01
6.679222276671941927e+01
6.861148686092292337e+01
7.399667737326046790e+01
6.656164231555410993e+01
8.134564670241007889e+01
6.469820721485959325e+01
7.170921103635807015e+01
6.939298636286194721e+01
7.593481011895583777e+01
7.249443902500289028e+01
6.705492758765211647e+01
7.052725608217230047e+01
7.221348121182859359e+01
7.039791953452716200e+01
7.329116238504226999e+01
6.888283256233761165e+01
7.020317626646023257e+01
6.791323177438633252e+01
6.656390878244469889e+01
6.454716472524158632e+01
6.484568633465488574e+01
6.888732823982275022e+01
6.851042999575005865e+01
6.825358382493179477e+01
6.985525708390932209e+01
7.338320861478985080e+01
6.732015438944618779e+01
7.291075523400168379e+01
7.120773385132477529e+01
7.223260510805923218e+01
6.806728838486895938e+01
7.072945173693149457e+01
7.556580419837749218e+01
7.042929879142687355e+01
6.915459860273183779e+01
6.600182768854324422e+01
7.593301062566250437e+01
7.221145655200845681e+01
7.057926442105487297e+01
6.550030753176579879e+01
6.853046940819427846e+01
7.261622631458249089e+01
7.136286442888227555e+01
7.387864903445300513e+01
6.995575355610681356e+01
7.421012861404474847e+01
7.087951850938350162e+01
6.587478125030483511e+01
7.288520578054146881e+01
6.470909571484597222e+01
6.736861350579597740e+01
6.796822737782639479e+01
6.812148990787314062e+01
6.981694518445804931e+01
7.036031067871799394e+01
6.737491209830993455e+01
6.572123999516171011e+01
7.050354731607542647e+01
6.550376157386418186e+01
6.915378230479672084e+01
7.130096954037040291e+01
6.857374920339333357e+01
7.003320580560044561e+01
6.871940878333204239e+01
7.090524450363400888e+01
6.980990434528582966e+01
6.737938676629480028e+01
7.133269842104850511e+01
6.861227272440646630e+01
6.782893112257750090e+01
6.737029611439142229e+01
7.907369891036638876e+01
6.525723749500488680e+01
6.737427469958498705e+01
7.046840919079998855e+01
7.056307992250677330e+01
7.160910401030133698e+01
6.648618496542681555e+01
7.847326391758238628e+01
6.911902245568097669e+01
7.104382236192540745e+01
7.024911779779722565e+01
7.375642477551113529e+01
7.324946680440336877e+01
6.869473316477424873e+01
6.880960267221981042e+01
6.870584482363945256e+01
7.096111015602515693e+01
7.833341312353141461e+01
6.517680200856310080e+01
7.505209777523509729e+01
7.005301374297189909e+01
6.666956311451839667e+01
7.791032233975448662e+01
6.721300566115773734e+01
6.788438424303299712e+01
6.981230601825933491e+01
6.787397838744666956e+01
7.177104128038459407e+01
6.718011476009057503e+01
7.198140518336913374e+01
7.178451897613692267e+01
6.512594992937219729e+01
7.317813480474841015e+01
7.134501206587077604e+01
6.759535858531229735e+01
6.909526094303640775e+01
6.696589698145626812e+01
6.962530266228516496e+01
6.981275627432358988e+01
6.793182723526557254e+01
7.154611270671956902e+01
7.365684694083296336e+01
6.947179166544515283e+01
7.018696822422259629e+01
7.301595344204886828e+01
6.909217754886626039e+01
7.021549110922525472e+01
6.678681759459327338e+01
7.325907832808235298e+01
6.706235779505445294e+01
7.384122440533018050e+01
7.427532719731551936e+01
7.194985004505650750e+01
6.448354112837958496e+01
7.110087774919398385e+01
7.534757012005539423e+01
6.714852956226624769e+01
7.505323786482026094e+01
6.688533216206231202e+01
7.297132719551257196e+01
6.830830687068655038e+01
7.329599118359840304e+01
7.026036635218414972e+01
7.550973341661848792e+01
7.353478169875130277e+01
6.788322499751011208e+01
6.875533216519391999e+01
6.846485362808229524e+01
7.427050321568123081e+01
7.028352163935532815e+01
6.623409313018200351e+01
6.018125531895971392e+01
6.895908807070331648e+01
7.118969909137696561e+01
6.955972522162021221e+01
7.033998645027895691e+01
7.012494745480347547e+01
6.894982969142979812e+01
7.312719547194549818e+01
7.019541287914694294e+01
6.646008757511165754e+01
7.806691022464539742e+01
7.131969190055164631e+01
7.536769197186231395e+01
7.838055060767381121e+01
7.009280102127084433e+01
7.269731429154145985e+01
7.282502352222616082e+01
7.011091806794939885e+01
7.227732613668554507e+01
6.805045668976818263e+01
6.529790958366417897e+01
7.314637212867351934e+01
7.255466484808982841e+01
6.895697382973455092e+01
6.990880465962972323e+01
7.310999010373222973e+01
6.911224257105763513e+01
6.912279554324393871e+01
6.665878561722772133e+01
7.222958015744214322e+01
6.902426688920098741e+01
6.813024225203589879e+01
7.244471554883253361e+01
6.918046208600986802e+01
6.640284627583888266e+01
7.483448431408814372e+01
6.680540640604179714e+01
6.903058858260035890e+01
6.757311263583599725e+01
7.579122860044617482e+01
7.493214248526825827e+01
7.001078462474485775e+01
6.346961957712004221e+01
7.469923507107712624e+01
6.980607593738038474e+01
6.505109599606683446e+01
6.955582202264683644e+01
6.995879087369517890e+01
7.057555235215203027e+01
6.754272101190383637e+01
6.933314598024735176e+01
7.143343522933693635e+01
7.163811768713881634e+01
7.195032652012719154e+01
6.944999528188409954e+01
6.818384828364312966e+01
7.600789015517605662e+01
7.124085213999376265e+01
7.129881363249630510e+01
6.784965661698119277e+01
7.097844236945825003e+01
6.706981533109988902e+01
6.680333656399994879e+01
8.746885032940240023e+01
6.401649513240032263e+01
6.854616283987162717e+01
6.934976648187927140e+01
6.739050596738792365e+01
6.873967489024043687e+01
6.917602192500301328e+01
6.930998834346311810e+01
6.663850654527486483e+01
6.921900506460256963e+01
6.694230717463597102e+01
6.494290789408685782e+01
7.115556329522719636e+01
6.356797886325604452e+01
6.896168935959241253e+01
7.007807643330436065e+01
6.853592762601182642e+01
6.942729258175802443e+01
6.839429901956681590e+01
6.971986955542675446e+01
6.824204777977421088e+01
6.863213159466110369e+01
6.929600080389784011e+01
6.850273876308160936e+01
6.711257113633858751e+01
7.311200307449352920e+01
6.676849913315436424e+01
6.873203196400655202e+01
6.787484471903235317e+01
7.313450710848591996e+01
6.822477397592314219e+01
7.085581674185847589e+01
7.200003729992815238e+01
7.133986718037645858e+01
6.964880908816249416e+01
7.122158158169257547e+01
7.160204654244117251e+01
6.709980047395050917e+01
7.431457402910805854e+01
6.910018728377478681e+01
6.880113196949926646e+01
7.107951766129032478e+01
7.078760712634388597e+01
7.200659316444138369e+01
6.907881470244865341e+01
6.488331263079385280e+01
6.921507308181571716e+01
7.648572788933762467e+01
7.458290293319599584e+01
6.633752764844658145e+01
6.973785854756269487e+01
6.964980354973312160e+01
7.360201312109505523e+01
7.148700335508520709e+01
6.275261563980505031e+01
7.019957064619117659e+01
6.703455118780377120e+01
6.961902761791840533e+01
7.441820078344697720e+01
6.749501680166558515e+01
6.759910412272805047e+01
7.273486830541469317e+01
7.123801598246254230e+01
7.117970940697938431e+01
6.870035452645788610e+01
6.895582969090027348e+01
6.568815848705914107e+01
6.755484762438550206e+01
7.443957892427842182e+01
7.492770612814743458e+01
6.752239527903014960e+01
6.984544507939854441e+01
7.400639771451831450e+01
7.370466637229250750e+01
7.055427407048279065e+01
7.247683394999656059e+01
7.405634684421521285e+01
7.018808609040512181e+01
6.656637525787853349e+01
7.181301375055576841e+01
6.595365301549085757e+01
7.011082040096178503e+01
6.686035556205904129e+01
6.896535812430212786e+01
6.729610976527506239e+01
6.515887103044607898e+01
6.879267220809737182e+01
7.123955054078750493e+01
7.138766061950872199e+01
6.938805142003997162e+01
6.850507434923198957e+01
7.255703733520927301e+01
6.666316072424143613e+01
6.778168100382649186e+01
7.880958676038324029e+01
6.707051759556674142e+01
6.991801596634844884e+01
7.308919764868539914e+01
6.441781804453701454e+01
7.219481750252259644e+01
6.846261232754015680e+01
7.164609809725644141e+01
6.627514285095055868e+01
6.708391528233227064e+01
6.960784954879105157e+01
6.723568641300843751e+01
7.708054287535014737e+01
6.997328943728484774e+01
6.904701746043686228e+01
6.914913746076135226e+01
7.542440877745630701e+01
7.379554817372013531e+01
6.964183226523454096e+01
7.437431819101833241e+01
7.465442662006066143e+01
7.398173444063741044e+01
7.237563375431338386e+01
7.205623174855257673e+01
7.198579677497056650e+01
6.560671687556222764e+01
7.174192886563294280e+01
6.857843246634359957e+01
7.156796681761549905e+01
7.172995120819848580e+01
6.631312160650233523e+01
7.218790735520663304e+01
7.136755956854582905e+01
6.842016915627203844e+01
7.087200041613829171e+01
7.419750369545914737e+01
6.722948229780415375e+01
7.102794775045182973e+01
7.208022870633001844e+01
7.001531021870205507e+01
7.035883886009308696e+01
7.055762215098411616e+01
6.601668511843061538e+01
6.947082271488386596e+01
7.278749338782401423e+01
7.062187310343107072e+01
7.559788044252988470e+01
7.275410987690264619e+01
7.449596732954648814e+01
6.978555414793427758e+01
6.586078046562504085e+01
7.323522244983037410e+01
6.842556970520894311e+01
6.640923073308452729e+01
7.345856179367875427e+01
7.752054146686975855e+01
7.006613136414435417e+01
7.083113886465959297e+01
6.623785242572995458e+01
7.150290084382821476e+01
7.145331531324899288e+01
7.499542624209149722e+01
6.995342067455962365e+01
6.739789824036667198e+01
6.483466204387211462e+01
6.387692581675099746e+01
7.333613000994958497e+01
7.447745972758828259e+01
6.911147729054164301e+01
6.682200163369003576e+01
7.001757567485914535e+01
6.978502681064074409e+01
7.496689879667709988e+01
6.948535057250984437e+01
6.866562114863259580e+01
7.190569768919527860e+01
6.944760090906014227e+01
6.527165614181478759e+01
7.306115013194961705e+01
7.328942778691683202e+01
6.363306343585074387e+01
6.882980307418209520e+01
7.227536346569107195e+01
7.055419260903522627e+01
6.544354145029932113e+01
6.974021772214358350e+01
6.575642283765951390e+01
7.138021154859627870e+01
7.067405783565291699e+01
7.140543864920076089e+01
7.148808887637919440e+01
7.163237146846978476e+01
6.866872436029910887e+01
6.701874065951830062e+01
6.783166144305300804e+01
6.713069475463487379e+01
6.344340788019792399e+01
7.422729590829052881e+01
6.913440746178881113e+01
7.254398770819022957e+01
6.518287204962697956e+01
7.211983988904927401e+01
8.196857511590174283e+01
6.967530494662339891e+01
6.830960796638933630e+01
6.590821987770203805e+01
6.921109382421549583e+01
6.912162095864496791e+01
7.185416104769359436e+01
6.771458114469550083e+01
6.756402606915540332e+01
6.453997270290132349e+01
7.064487844357374513e+01
6.709271217130154241e+01
6.901796321017921798e+01
7.428770490259805115e+01
6.854166186956098272e+01
6.770479874211619631e+01
6.954645284349106760e+01
7.592407328302962810e+01
7.055125293661330943e+01
7.193031781516997114e+01
6.719392242261366732e+01
6.897656457333806657e+01
6.733013057901169418e+01
6.568751181504018177e+01
6.871138497520203714e+01
6.988818204444211801e+01
6.949684396087577909e+01
6.959012880842871596e+01
6.909712474514408598e+01
7.421245820580719510e+01
7.138920129519880220e+01
6.793879133188637809e+01
6.792700035795201075e+01
7.085470870590046388e+01
6.788758814060084035e+01
6.507003780601303333e+01
6.770274668555180142e+01
7.298451673191618738e+01
7.352948360033207109e+01
7.323251141535268971e+01
6.994926500484011456e+01
7.339188605629227879e+01
7.306972053749053941e+01
7.029312515119841009e+01
7.055134632200508804e+01
7.084372333469164573e+01
6.680187811024832456e+01
6.790055870575694996e+01
6.836483751486086646e+01
7.092429304055751516e+01
6.824846351313723858e+01
7.172602012093673807e+01
6.787796299868850269e+01
7.141429389510980741e+01
6.851023674745854919e+01
6.930617607522414403e+01
7.327866548816142256e+01
7.261748321936460115e+01
7.121226788780583661e+01
6.870181408200295436e+01
7.076779073354632033e+01
7.066851717403032751e+01
6.980738892364597348e+01
7.177882606185806935e+01
7.270471478987317937e+01
7.037521184009854380e+01
6.665341482498092773e+01
7.121933489611731716e+01
6.544409404024659693e+01
7.054320743090731582e+01
7.423745580170947278e+01
6.786553548432956973e+01
7.288567658090610735e+01
6.497759432251575618e+01
6.371817450200830990e+01
7.224225571600905482e+01
7.148127207872427391e+01
6.536603840879065785e+01
7.129669453919446198e+01
6.775850767474616987e+01
7.187932342851119927e+01
6.803938576847446029e+01
7.211413829618915372e+01
7.285685925069482494e+01
6.886864739487194242e+01
6.979327737425145983e+01
7.162932017311462118e+01
7.177831581129122185e+01
7.019659337609721206e+01
6.770518753206752649e+01
6.773244550515539686e+01
7.562123194566578377e+01
6.898965125428492229e+01
7.046308387302147480e+01
6.978179677187308982e+01
7.426255140292280998e+01
6.893668641318376444e+01
7.340398500272482352e+01
6.803984385162263493e+01
6.767264766540603205e+01
6.966971851420265693e+01
7.504139815548590775e+01
7.061688439757571700e+01
7.143087472438077157e+01
6.933839827079845008e+01
7.307802975374626442e+01
7.207043465453993747e+01
6.874955347959304675e+01
6.764113983583108336e+01
6.786472133253701600e+01
7.165777796265879829e+01
7.118296200584157418e+01
6.892226536151676441e+01
6.689325211915084424e+01
6.662696354210079619e+01
6.806878796137414156e+01
7.027042928994062265e+01
7.507321638180634693e+01
7.334623993033062561e+01
7.116180777616627040e+01
6.899170356480239263e+01
7.216629059246604072e+01
6.877202108357127486e+01
7.039294495920779582e+01
7.234928433459265307e+01
6.733953092437999999e+01
6.986805217631925302e+01
6.778741491002584496e+01
7.359979823835627144e+01
7.197494230357216338e+01
7.227524158801043086e+01
7.351133576546249060e+01
6.875814658806172019e+01
7.331023388450506673e+01
7.055275246966063207e+01
6.944636221209766802e+01
7.359121028397916575e+01
6.909385636041544387e+01
6.766114647405971994e+01
7.036628020852828058e+01
6.615900853477126020e+01
6.998813752869975247e+01
6.962715098592494201e+01
7.119965629830790022e+01
7.685451477640674511e+01
7.407023725480533471e+01
7.009518491306835131e+01
6.611606523467904140e+01
7.417846054645335130e+01
6.784677252272011572e+01
7.155194201708326318e+01
6.872835623610356492e+01
7.306348811991767889e+01
7.272100883582407960e+01
6.880663172740172229e+01
6.837960003337532555e+01
7.448618758111716431e+01
6.863878357111777007e+01
7.100697145555827205e+01
6.996186965766401045e+01
7.383703094248899390e+01
6.924478460247229350e+01
6.881830870369680042e+01
7.261542363096995700e+01
6.860184260168958303e+01
7.002692643987452925e+01
7.148731049483984634e+01
7.199984586622795746e+01
6.883309732749948751e+01
7.981922829094627048e+01
6.772697842509390398e+01
6.702740591754658794e+01
6.908199575138095838e+01
6.841202354540193653e+01
7.204891467333476385e+01
7.585348362528547739e+01
7.202674560723950492e+01
6.616551212531868487e+01
7.034174314355985302e+01
6.734554490894412027e+01
6.957427418199546310e+01
7.118081807322165844e+01
6.435161788478443157e+01
6.852037223989472636e+01
7.137907597575926388e+01
7.005448766259310389e+01
6.672114794150979833e+01
6.804014965519189673e+01
6.851192339577238499e+01
7.043430116506550576e+01
7.234548580156847208e+01
7.296568796241164989e+01
6.765523670226612296e+01
6.689918077560743370e+01
6.845574206961828168e+01
6.793546526105262728e+01
6.840617602921159346e+01
7.275697812463106118e+01
6.901283735361988647e+01
6.933994343920812753e+01
7.567264939099709409e+01
6.677369513765887632e+01
7.033229885216699984e+01
7.200530909434219495e+01
6.962861277746173982e+01
6.915587684721994322e+01
6.995461396559231559e+01
6.753062195817132363e+01
6.985419603506211672e+01
7.061439021038430042e+01
6.658767313702962554e+01
7.238565021474840933e+01
7.378936123020400828e+01
7.079650967712797183e+01
6.486609404257916367e+01
7.373564243072924285e+01
7.100130166924748210e+01
7.241419909536253385e+01
8.092231556045240382e+01
6.553276040817347337e+01
6.871009632721714411e+01
7.254023265395700548e+01
6.762712768986443734e+01
7.103733627216421098e+01
7.036838384696400794e+01
7.311594340873412534e+01
6.671212548013625110e+01
7.082658042175816604e+01
6.956783417652410151e+01
7.150064281200658911e+01
7.650273592493857677e+01
6.952053356697702213e+01
7.244161555621670345e+01
6.879409529007125457e+01
7.231315036976175747e+01
7.078321865659168566e+01
6.663115626914068912e+01
7.085338465968197852e+01
6.490281125136522178e+01
7.670777042272827373e+01
6.575032791782822983e+01
6.425353359063797143e+01
6.812281089154495817e+01
6.622295919516525942e+01
6.920191178909141172e+01
7.087233535469458445e+01
7.295060585570398359e+01
6.362750635477453898e+01
6.734614045005879746e+01
6.947023227881564367e+01
6.650239503057343882e+01
6.917688301449240384e+01
6.677534964106087045e+01
6.921003597648194727e+01
6.403861193329601065e+01
7.123388126618505112e+01
6.654841123030206518e+01
6.908234872572546692e+01
7.246397131084486887e+01
7.283365490225313010e+01
6.767528035709733558e+01
6.973583342625698833e+01
6.876925942869846153e+01
6.749240718207583711e+01
6.863791674495027451e+01
6.590859189356284276e+01
7.152966785960046536e+01
7.164697319575815015e+01
7.580256782043123565e+01
6.807995747211634807e+01
6.811336694235625089e+01
6.825611861260513535e+01
7.188773534558650624e+01
7.128446442043647835e+01
6.941487638463665633e+01
7.072142578363482812e+01
7.278113183407209874e+01
7.052775426252819102e+01
6.914390967296438362e+01
6.917226032868015295e+01
7.246071885048280592e+01
6.925444461889253489e+01
6.766004427445290048e+01
6.207868624026221482e+01
7.498815820823270428e+01
6.923332506420365462e+01
6.859749500408332779e+01
7.047206180891602401e+01
7.306426552931773699e+01
7.006117854418994284e+01
6.703786487393522009e+01
6.841550557431128254e+01
7.112411839551074877e+01
6.869681871763788195e+01
6.978836184506829454e+01
7.187046110482563677e+01
7.098568070736654079e+01
6.856123598699296906e+01
6.650624811211653764e+01
7.044941637674662616e+01
7.022443320550925705e+01
7.286366449681426616e+01
7.323676357286188932e+01
7.509134489798751133e+01
7.162487693936303401e+01
7.120542789659467076e+01
6.571397362395245523e+01
6.504624953229593132e+01
7.197071289345862510e+01
6.977990356061501132e+01
7.386953347828460892e+01
7.250779449274668309e+01
6.734407839429471210e+01
7.620202024888158121e+01
6.825653983673215919e+01
6.817560528140987230e+01
7.059988501141671691e+01
6.794784933968730911e+01
7.163103418182566884e+01
6.818660416996924312e+01
6.567202863139249303e+01
6.984548904232590871e+01
7.279425671128039710e+01
6.882245016799996051e+01
7.493242517736820218e+01
6.978987861706048079e+01
6.939782535349986858e+01
6.682981949180694414e+01
7.158187838664825620e+01
7.253023939108561535e+01
6.651810272407377056e+01
6.600898518257190517e+01
6.810123693760706942e+01
7.091244739363068561e+01
7.539298173487770782e+01
6.579266769197970177e+01
6.733249253977200510e+01
6.697021186772647638e+01
6.687320827202931639e+01
7.258955516604005709e+01
6.447467594573390670e+01
6.875901163953471951e+01
6.794279629175866830e+01
6.928329069371167748e+01
6.828932148289165127e+01
7.079109727612274128e+01
6.881880575273093825e+01
6.811428186145397490e+01
7.167514452172123640e+01
6.595773889253023015e+01
7.292430286826859742e+01
7.545347367196603727e+01
6.733450880637529679e+01
7.182087412603502230e+01
6.503689096128383085e+01
6.959663040596151973e+01
7.097442957196335556e+01
7.057433702510371631e+01
7.888144968721002215e+01
7.027557007817357260e+01
6.728564703916462975e+01
7.264998791630600294e+01
7.446865388660927465e+01
7.441753844276720997e+01
6.939314939948383198e+01
7.001972010805717161e+01
6.889413534176964049e+01
6.705150621451483062e+01
6.663874530914293359e+01
6.750786998635223313e+01
6.899722110110209883e+01
6.839568961230816058e+01
6.738773736801117309e+01
6.880845880756768906e+01
7.131164038347151291e+01
6.664066571253330551e+01
7.226484400631522931e+01
6.682523928068273733e+01
7.010493791162096500e+01
6.513804095349269119e+01
7.412035446029817365e+01
6.853713316555698043e+01
8.236634457355586392e+01
6.884804695924830753e+01
6.792145945703011023e+01
6.754926886520141238e+01
7.374917239910098488e+01
6.967273488833897943e+01
6.779801491798039592e+01
7.064356007402047055e+01
7.460234318745492033e+01
6.699747556844033625e+01
7.289441673646607001e+01
7.352833079010925132e+01
7.123031606758630119e+01
7.194992142390071876e+01
6.949780679507205150e+01
6.986328756558108921e+01
6.920945836678225760e+01
6.841686068511715746e+01
7.072273230717419779e+01
6.813784083798688584e+01
6.837068344883275017e+01
7.197965103976429191e+01
7.118935157679064218e+01
7.442877118573771611e+01
6.897348813772462961e+01
7.308949294434069088e+01
7.159322615438775017e+01
7.144809073916560749e+01
6.870080461117518666e+01
7.286687424791460899e+01
7.090055710834633373e+01
7.011097507230844883e+01
7.197287801371123805e+01
7.069053970796196040e+01
7.611376253649788737e+01
6.895116940782870074e+01
7.088165701804673802e+01
6.335156595182225203e+01
6.735815644897044763e+01
7.655906566916821987e+01
6.935978825342085941e+01
7.327404793879834699e+01
6.953364596281636523e+01
7.094311851367945110e+01
6.686102400746879937e+01
7.099830900108526066e+01
6.743001198732821422e+01
6.856885472546611027e+01
6.871342100053286117e+01
6.861135112681013482e+01
6.918249845363601480e+01
7.746798833510936788e+01
7.123447142732852910e+01
6.967175602130183165e+01
6.860636465332484590e+01
7.591866626060178191e+01
6.962299192127025549e+01
6.943316436317142859e+01
6.895477089733319076e+01
6.599624064461849571e+01
7.236827950984974223e+01
7.557291278107408061e+01
6.965244108238610465e+01
7.309242810752068920e+01
6.873149738442111811e+01
7.984449443114684186e+01
7.214473697097758986e+01
7.174001973958073108e+01
6.966491812035867781e+01
7.105763774663772381e+01
6.542786325330041564e+01
7.027039720947433921e+01
7.509064724017508752e+01
6.856678844663198902e+01
6.943227321989427026e+01
6.538267048512059887e+01
7.337933644444294146e+01
6.964776986547110482e+01
6.717170885821347781e+01
6.710675608229348654e+01
7.060525957787601214e+01
7.574153996221895113e+01
6.936086011587489963e+01
6.701532267681966459e+01
7.184261706423842497e+01
6.886867310692083777e+01
6.608184117241721367e+01
6.841642206602821830e+01
7.177646425086543047e+01
6.661864531268813039e+01
6.602479439694624830e+01
6.826256346216868565e+01
6.981238335099565973e+01
6.853427846005236290e+01
6.803458185849621032e+01
6.855174683303044958e+01
6.650650378645474348e+01
7.669221347007032819e+01
6.756336982860906915e+01
7.780817030214900853e+01
6.997252877387737158e+01
7.461974970142614438e+01
7.123870729738564478e+01
7.450648947878281092e+01
7.282534527713067973e+01
7.117994113346888696e+01
6.690892886014977137e+01
6.649867173224048145e+01
6.930065661589495107e+01
6.938117884656865897e+01
7.478485006427671067e+01
6.876411630200773573e+01
7.010887795534927136e+01
7.062844185018306575e+01
6.750942306449934449e+01
6.915712095795362302e+01
7.069115660292769121e+01
6.854156608302295695e+01
7.230507310837575119e+01
7.203866617036175057e+01
7.373533100145620267e+01
7.474065276354079401e+01
7.165918500876108510e+01
7.561228861694155512e+01
6.916561214396945445e+01
6.502017444850670813e+01
7.115804284532353563e+01
6.978700576145087098e+01
7.115381312321365215e+01
7.129892580181916628e+01
6.922348989926274498e+01
7.133810267151925189e+01
7.402272748953681969e+01
6.859106794688122477e+01
7.656874498582510569e+01
6.626410702647554274e+01
7.425045587734902597e+01
7.236160843037009727e+01
6.677941877101227419e+01
6.759101815056226314e+01
6.653434067841845945e+01
6.898782509665547025e+01
6.922340893747400514e+01
7.190108396613057096e+01
6.613730056798209489e+01
7.106038046349183901e+01
7.497607066937489151e+01
6.513749099728400438e+01
7.061964297252310985e+01
6.888974553285476077e+01
6.987118046430529716e+01
6.878790082750977319e+01
6.892010384501844555e+01
7.009277723505735480e+01
6.935872896734842641e+01
7.126003566497436736e+01
7.447884679147762199e+01
7.222643848573724767e+01
6.908124244884066911e+01
7.073211601699352968e+01
6.898156082611382089e+01
6.688929189119438945e+01
7.034311369652127155e+01
7.286755389289936602e+01
7.211513350615508955e+01
7.446611464757197041e+01
7.164055353111685065e+01
6.747576742552490714e+01
6.761984119677944705e+01
7.152522176030151968e+01
7.095105974143582728e+01
7.237313888924283845e+01
7.131770096082118471e+01
6.914797396660698325e+01
7.407618036545548534e+01
6.686077144024901031e+01
6.875440822632059223e+01
7.256949324308742177e+01
7.504492332362782747e+01
7.117278486909725643e+01
6.792867652845698956e+01
8.021802920019240446e+01
7.072602464874904626e+01
6.940788784974162695e+01
7.027574729499667683e+01
6.940313974947362397e+01
7.165991910898884498e+01
7.068164669398035471e+01
7.215334939540606740e+01
7.194214572621321224e+01
7.317963616147727635e+01
6.939262780326806990e+01
7.389323635842103499e+01
6.719361504440681188e+01
7.120724564519777289e+01
6.637537309863151336e+01
6.783909915444428407e+01
6.860154736005807763e+01
7.284923909779844564e+01
6.639097956075237050e+01
7.405552169911300098e+01
7.213448232983841990e+01
7.104488651569222668e+01
6.740925544320218421e+01
6.787207110733689319e+01
6.904421637497185316e+01
6.887797711402829748e+01
7.080766976429406157e+01
7.164888345771250044e+01
6.829518786895651772e+01
6.709982533083859835e+01
7.090715947253018214e+01
7.205130883532075359e+01
6.791919508513132087e+01
6.809398796983579416e+01
7.479392424748365897e+01
7.187172283597789146e+01
7.049618455145542839e+01
6.711948962051390311e+01
6.996508412296012125e+01
6.924227524059259054e+01
7.356001224298374552e+01
6.819778901725578635e+01
6.744299207739997826e+01
6.893807777060870023e+01
7.056319292195416892e+01
7.018264598959447653e+01
7.301729804666285872e+01
7.033430157469641131e+01
7.017834415522418112e+01
7.504207844918042269e+01
6.851857485118725322e+01
7.290766016420862172e+01
7.083029494455230690e+01
6.652506635727735329e+01
6.899606637869567294e+01
6.979807318753447021e+01
7.619006982613259993e+01
7.088809957827784558e+01
7.244218146795346058e+01
6.507547543785268829e+01
7.232706027548744032e+01
6.876567557206901427e+01
6.852190070456964577e+01
6.448199676701879923e+01
7.026129113478722843e+01
7.280423526414831770e+01
6.744145614548446588e+01
7.051087679658063223e+01
7.389234882983943464e+01
7.082453428090116176e+01
6.904933384971741361e+01
6.529007786423289872e+01
6.935539850313344346e+01
6.700541737342855697e+01
7.448635109330695059e+01
6.908406628841441943e+01
6.945016545388119766e+01
7.165161917250611623e+01
7.096976075556295882e+01
6.583529068354032177e+01
7.194407160946306590e+01
6.817365973446040073e+01
6.919045574661846842e+01
6.769457295141059205e+01
7.338900437674011812e+01
7.251475385781712646e+01
7.074478493161596759e+01
6.728938754594837235e+01
6.792739721617476789e+01
7.449672079487626775e+01
6.664554849480737175e+01
6.733085735207710343e+01
7.415742302157798349e+01
7.056967057627106499e+01
6.630570532763746883e+01
7.256549627650470313e+01
6.724455611240547626e+01
6.931128802419181056e+01
6.848422567126959848e+01
7.430334737121326327e+01
6.783470126028350933e+01
6.618138273411003070e+01
6.898873628826706295e+01
6.963848824316271191e+01
7.077677441219394439e+01
7.642656235922146379e+01
7.518018475043989213e+01
7.008206348460160484e+01
6.787793198358625091e+01
7.325995169510845528e+01
6.872801244399738607e+01
6.943367692504264710e+01
7.326340359434300353e+01
7.043401066810329780e+01
6.794941801693519778e+01
6.739582668268168675e+01
6.737812477090648144e+01
6.835431081994683211e+01
6.918557060155804095e+01
7.692953225956915730e+01
7.195134266993370886e+01
6.628907308544840760e+01
7.132698915979227650e+01
6.888321946053598310e+01
7.236034186844311478e+01
7.933696257166656096e+01
6.855908682031630974e+01
6.602055429326853186e+01
6.876574068161960440e+01
6.789060747870759371e+01
6.541617745584875365e+01
7.444277854568818498e+01
6.849161438684110692e+01
6.897702798881002195e+01
6.571138581910085463e+01
7.107888277715844083e+01
7.283884415062847495e+01
7.317801384782528373e+01
6.882022588996518664e+01
6.690234038886268308e+01
6.757027280408902925e+01
6.637657466325211431e+01
7.182339197551894472e+01
7.434983107143726500e+01
7.392584365481366149e+01
7.416833301041032200e+01
7.283724054736480014e+01
6.870540878649217120e+01
6.765541734569545440e+01
7.234526875245454391e+01
7.330943702473717849e+01
6.696235369961227946e+01
7.135149303452149638e+01
7.224731955998720423e+01
6.533803011354729051e+01
7.254026466985857269e+01
6.701721014247050334e+01
6.961873925442867517e+01
7.430585310065390559e+01
7.005934030277695967e+01
7.075807059006505995e+01
6.906832943483819065e+01
7.034022040953364296e+01
6.932135763570720144e+01
7.397589243236589596e+01
7.107115101020208670e+01
7.009579874015416578e+01
7.370760226753959898e+01
6.600532218086610214e+01
7.377804749689923369e+01
6.741763223106160297e+01
7.028701470824742614e+01
7.381849937626222413e+01
7.368894879099401862e+01
6.815733475433872002e+01
6.617759467711547927e+01
7.024715662369746383e+01
6.797740827235600136e+01
6.826150942997671223e+01
7.040652655701089202e+01
7.064898803602470423e+01
7.281145307949576306e+01
6.682491678665986967e+01
7.335029247031769728e+01
7.064354099247393037e+01
7.337717501915751939e+01
6.737648587578544834e+01
7.731243675903255053e+01
6.805733740604063087e+01
7.081856745813306020e+01
6.809098104201601132e+01
7.333463012110408386e+01
6.761019983213694218e+01
7.294800083118644807e+01
7.098542907914438160e+01
7.299276465212767562e+01
6.671821577932959713e+01
6.469139742244681202e+01
7.021517390189413277e+01
6.847578318924692553e+01
6.962492646225724968e+01
6.993159341044926691e+01
7.271053275355566825e+01
7.113430701688858449e+01
7.149472628686993403e+01
6.871016747528301494e+01
6.465454155670713021e+01
7.392056378914804782e+01
7.172349669245629400e+01
7.004445642129978467e+01
7.358788785470349580e+01
7.055538941089329796e+01
7.089288925710738454e+01
7.414238648772881390e+01
6.816189725901737972e+01
6.836823293719885442e+01
6.772989336752016243e+01
7.370713695656431241e+01
6.815715051381110356e+01
6.435576421274333825e+01
6.724045799152739278e+01
6.586984215432616452e+01
6.883558530802838504e+01
7.428142367521563472e+01
6.745735647196499940e+01
7.239907229631134555e+01
6.652202914044929116e+01
6.884181397679333259e+01
7.113977641995026602e+01
7.358512281708055980e+01
7.262992336840713392e+01
7.132690155514141850e+01
6.892013335926324658e+01
6.820299075826065405e+01
6.897279338261257919e+01
7.304887254200369284e+01
7.236901492163450200e+01
7.251258400915347124e+01
7.000684657090666008e+01
6.990359904434126292e+01
6.746502207196158452e+01
7.447934412702672091e+01
6.907562773216247365e+01
7.003703541522331477e+01
6.996803900637532081e+01
7.376974418522559063e+01
7.498869819890221322e+01
6.932910228499989103e+01
7.092742801890054238e+01
7.043505031962838814e+01
7.343208287663931344e+01
6.788779339421917314e+01
7.457973435054391587e+01
7.119019179510036111e+01
7.177167774158959901e+01
7.689446381544513542e+01
6.673626467970900933e+01
7.149720002848263789e+01
6.654312721955172094e+01
7.136438950274416015e+01
6.856898104558808882e+01
6.954766885173027902e+01
7.170196224917015115e+01
7.233129967852029552e+01
6.748312778229319520e+01
6.927116666368425513e+01
6.629257223457494774e+01
6.851526427252029805e+01
6.852104829594256330e+01
7.136813562445087200e+01
6.947652610066569423e+01
7.198789458057495949e+01
7.002916509571598169e+01
6.675314680387481303e+01
6.783373238016952200e+01
7.110705949814587257e+01
6.861599339174036061e+01
6.807319590793744624e+01
7.023344142707779270e+01
6.898422691534730689e+01
7.331805477196286347e+01
6.773517843997501586e+01
6.923152726637067644e+01
7.138051825953874641e+01
7.392601207224680593e+01
6.841322203321109896e+01
7.292627297500023076e+01
6.909553721499808887e+01
7.288361553480953603e+01
7.201888290487251254e+01
7.313364737555619399e+01
6.897692317831575792e+01
7.048988138235105794e+01
7.250305765050624984e+01
6.859930808071402453e+01
6.859939070670188244e+01
7.109179376110910198e+01
6.902813634879207427e+01
7.117663438957191602e+01
6.753484346999866261e+01
7.389808516609343769e+01
6.713013637402744394e+01
6.924256680076693726e+01
7.123687618725328718e+01
7.485750263441347840e+01
6.818547202576047539e+01
7.645549614646880343e+01
6.595545536367390582e+01
6.663891869899144638e+01
7.258181862624653036e+01
6.878710001756775227e+01
6.706433236653779772e+01
6.920856290678989353e+01
7.638859058428579374e+01
6.423257606338538039e+01
7.271468271546329731e+01
7.103275179563758002e+01
7.384953346247644390e+01
7.104957773350203354e+01
6.970126496222513879e+01
7.602869307647353025e+01
7.481510986945579589e+01
6.955166979842181263e+01
7.472586782647307757e+01
7.351531270277554597e+01
6.572384316134566973e+01
6.644415605002566849e+01
6.963350998793056590e+01
7.103118237178134109e+01
6.633652613603489101e+01
7.259191843914521769e+01
7.204828336109154918e+01
7.124298754126053268e+01
6.931617261476364433e+01
7.363367122377007945e+01
7.225918480259073817e+01
6.665392734940007813e+01
7.094673612636658788e+01
6.354146002160941720e+01
7.065689628859414029e+01
6.906589134669138730e+01
6.437027902146144243e+01
6.855510121171577964e+01
7.110065075316336447e+01
7.109722471867340232e+01
6.907611596462871262e+01
7.249544589961463714e+01
6.774422625733919290e+01
6.198805234972402900e+01
7.834277883227055383e+01
7.393655508296153300e+01
7.494367780790952338e+01
7.235556558540410776e+01
7.420357536550145028e+01
6.852232473201567586e+01
7.267115085797544793e+01
7.020842820433065867e+01
6.746510951201888417e+01
6.662726680062429807e+01
6.751567877790350281e+01
7.007771932709987084e+01
7.030304324223089907e+01
7.364732020123159373e+01
7.483620164610138659e+01
7.154651327858860554e+01
6.889918860794622901e+01
7.066464157283303393e+01
7.261025369662058893e+01
7.378860647630058622e+01
7.127227274163766424e+01
7.168425485256057073e+01
7.172725192050495480e+01
7.747622391824347687e+01
6.552241371172704021e+01
6.892156528448745689e+01
6.504468893782865280e+01
6.813720231199485511e+01
6.802891591204581800e+01
7.038526519113538882e+01
6.903794024850289190e+01
6.781766037698878336e+01
7.098618035407307048e+01
6.967121286355930465e+01
6.966510958741596937e+01
6.911822232578283831e+01
7.576971359990528754e+01
7.288009907000210319e+01
6.886705414801664915e+01
8.064679917719647051e+01
7.213462435219641122e+01
6.692138142260338896e+01
7.042783130126278479e+01
7.076507133087918078e+01
7.000471856702044704e+01
6.877349041422081655e+01
7.007946839054612553e+01
7.452051386702746072e+01
6.686538916498638230e+01
6.511885207185638080e+01
6.784137489131164500e+01
6.872348917170418758e+01
7.718194381338142307e+01
6.787404379169639412e+01
7.189822242259660356e+01
6.917161181778017465e+01
6.575474378217403171e+01
6.576607986110369097e+01
7.147268451966078828e+01
6.872465221184232576e+01
7.238855805792115916e+01
6.852528547822198846e+01
6.798464299251706677e+01
7.612986441387262460e+01
6.920000198441121597e+01
7.295435278398370826e+01
6.953012279444894261e+01
6.991410760556857440e+01
6.698266551932115931e+01
6.902815900485137490e+01
7.265276833150480229e+01
6.375713555428291102e+01
6.407841512660567673e+01
7.725117775170230061e+01
7.014350464168055055e+01
7.363992385421401821e+01
6.959368186495430564e+01
7.551953664208238592e+01
6.723801826740927368e+01
7.519206514819556730e+01
7.024043162252435479e+01
6.821444369829259813e+01
6.936354636475417124e+01
6.943566076038617041e+01
7.295601877882889141e+01
7.084671597339109894e+01
6.681916221191576710e+01
6.964413468725028622e+01
6.812554894194090593e+01
6.861081527179675277e+01
6.819773686857723760e+01
6.708169512746945884e+01
6.996277020489455367e+01
7.328658196651497292e+01
6.643457817033137758e+01
6.951406413882259017e+01
7.547170480657172220e+01
6.749291906548512543e+01
6.910012099222930715e+01
6.646339282057404318e+01
6.626608385754894925e+01
7.197077002907809629e+01
6.809508329089491951e+01
7.012234680658538366e+01
7.068500888689577266e+01
6.816520128678872936e+01
7.078506270380390220e+01
6.807454053445283648e+01
7.245260796419117355e+01
7.268119032205963492e+01
6.861133696466256993e+01
6.763641574037359305e+01
6.884837291227924538e+01
6.887581301408042123e+01
7.509265071103644118e+01
7.016631804464680044e+01
6.819160001541527549e+01
7.012162139874132549e+01
6.867061119110670120e+01
7.197156629177398202e+01
6.778514370545286738e+01
6.645404405460672592e+01
7.035381619233928063e+01
7.145459341369254957e+01
7.027236122160832110e+01
6.947086908575221287e+01
7.008795017271967254e+01
7.312780545903291340e+01
7.342359872850332181e+01
6.524953440790790182e+01
7.204430464010351898e+01
6.982210899498849699e+01
7.474459183453805622e+01
7.262587116111600949e+01
7.562291897669759067e+01
6.811115088176349275e+01
7.389099155600075619e+01
7.183782134757245785e+01
6.980648981533815345e+01
6.836324880367919832e+01
6.795233135968555871e+01
7.092031159539308760e+01
7.284204821751245618e+01
6.889689034899284081e+01
6.972672953051554146e+01
6.746239698502199644e+01
7.078354047363464474e+01
7.100044641605015272e+01
7.153252897097566176e+01
7.132090616847828812e+01
7.130180578570974603e+01
6.758949645829801511e+01
7.823600877688495814e+01
7.275789371813969808e+01
7.107201252780626533e+01
7.321012365852833170e+01
7.169325269538870771e+01
6.550275773105185806e+01
6.717498932499516684e+01
6.854967498346668719e+01
7.128087550432567809e+01
7.085350948418459893e+01
6.644063252357884153e+01
6.909867193455914958e+01
6.938774966815668677e+01
6.795539128538659668e+01
7.224052488797781280e+01
7.210284588932773886e+01
6.689750696868338764e+01
6.889707786677189461e+01
7.128961670834462439e+01
7.434171178464001173e+01
6.908395789365606277e+01
6.985193334066406123e+01
7.144695669388981685e+01
7.064303304684260354e+01
6.641290463065033123e+01
7.058204665840719372e+01
7.157970078411206316e+01
7.448223612637590918e+01
6.818415329558017390e+01
6.883925548395606597e+01
6.871470924633521804e+01
6.808127847223659046e+01
6.951948961187429177e+01
7.042698494567537182e+01
6.632876002636452029e+01
6.931401328778063942e+01
7.428470048676228998e+01
7.404128685443480151e+01
7.312550252895849212e+01
6.862020642735592446e+01
6.642968428342199161e+01
6.791220116587703615e+01
7.463272034121052911e+01
7.046001529043246592e+01
6.910704143902654550e+01
7.048520866688748754e+01
7.256287809510635611e+01
7.492965450872701183e+01
6.793936387766603957e+01
7.035307187290264608e+01
6.663742148194684489e+01
7.068396034739870970e+01
6.917881748638271233e+01
6.662244100119787049e+01
7.117134545621544817e+01
6.958726070861409596e+01
7.108910773411901118e+01
7.101632930389764908e+01
7.171848259370923984e+01
6.658503521546525405e+01
7.499845628740006021e+01
6.683246827028762027e+01
6.587938963006358506e+01
7.616210104073573461e+01
6.609590116087417755e+01
6.795507124102768159e+01
7.316117251287609236e+01
6.869245960928535055e+01
6.836808808748689614e+01
6.896581152756191102e+01
7.036826149760972271e+01
6.919664596973858295e+01
6.772862622084724649e+01
6.939058621357395396e+01
7.331068320869283639e+01
7.419270173860006423e+01
7.263931514401309641e+01
7.590151723277207907e+01
6.858667738172781014e+01
6.617680898202418405e+01
6.882514450858575117e+01
6.792626450015772832e+01
7.052044455999242700e+01
6.719819390837717776e+01
6.461666483694804697e+01
6.920488866111681148e+01
7.514479437912615367e+01
7.189153718027523610e+01
7.445048257599489716e+01
7.136024696600068751e+01
7.039005740006838607e+01
6.780824256905624736e+01
6.776676941376979357e+01
7.047168050345551649e+01
7.258096924947935236e+01
6.847940558192385652e+01
7.160544612120693841e+01
6.928072374786364662e+01
6.679544432339210402e+01
7.153009254600829081e+01
6.973664082526865116e+01
6.379908606789800274e+01
6.627159918140648642e+01
7.198025238087154776e+01
6.971865757197555524e+01
6.948591853848878941e+01
6.484674533122920081e+01
6.931252962704880360e+01
6.749615079448162192e+01
6.721356196475665001e+01
7.032582568368455611e+01
6.880345207220079828e+01
6.985088504582768110e+01
6.959515210009411135e+01
7.331009766046589959e+01
6.828087519717152531e+01
6.505993220506556440e+01
6.986625487116666022e+01
6.901794605020081974e+01
6.767433275411184468e+01
6.833287123193584023e+01
7.230037438691817897e+01
7.277255382723859611e+01
6.690989547443017216e+01
7.072036041270771989e+01
6.984037034546456368e+01
7.141322736058835119e+01
6.483579569619848826e+01
6.549360162288991205e+01
7.184610942453984705e+01
7.161907170618997043e+01
7.672589006667435285e+01
6.754544245341659803e+01
6.690058192384212532e+01
6.998483821946572903e+01
6.541173933845635702e+01
7.219226100079217190e+01
6.798497098033982411e+01
8.143616650816136371e+01
7.051966586490648581e+01
6.790586667073762328e+01
6.973903887293326420e+01
7.109199740193207617e+01
7.108345504939404691e+01
6.996231310400925452e+01
6.832609225038308409e+01
6.733748498919919712e+01
6.889822607513765718e+01
7.074420471816526401e+01
6.688857780915040507e+01
7.425292724015872636e+01
7.474458296736995067e+01
7.518873535621568749e+01
6.848877856513135498e+01
6.728821156327659025e+01
6.815936942706252921e+01
7.001755035022421225e+01
6.774608156453015795e+01
7.024978387456518192e+01
6.640425929886838219e+01
6.944849945516358503e+01
6.910511019374806096e+01
7.130197878249184384e+01
7.012162651199247421e+01
8.508600993527750234e+01
6.929498373125635169e+01
