mass_2_source
2.205099151533709190e+01
2.388774154927883586e+01
2.077537994079952810e+01
2.800371351804689368e+01
2.258843695953950004e+01
2.555883861321445139e+01
2.387605391857744053e+01
2.371588444438511445e+01
2.758308979480387180e+01
2.923768893915978140e+01
2.098136683557796545e+01
2.781550739698246133e+01
2.117510592994938534e+01
2.436154995975817528e+01
2.740868844827445372e+01
2.832204006925016770e+01
2.631965073042898595e+01
2.452841753606206865e+01
2.760641667895175999e+01
1.891380457622785016e+01
2.862706429584862633e+01
2.294276785065184043e+01
2.186783817000966224e+01
2.355478838978651979e+01
2.124236096402947993e+01
2.330443488269804320e+01
2.148846594345587491e+01
2.097651788172097298e+01
2.395371012826478108e+01
2.167049330596976020e+01
2.068017030343510498e+01
2.043892179339572124e+01
2.084513203713522600e+01
2.357860035989222425e+01
2.545934232623466187e+01
2.382721740538294952e+01
2.265246599812613582e+01
2.026776693454337419e+01
2.278195156383361208e+01
2.340477379995836671e+01
2.701583816754448364e+01
1.754861072927551291e+01
2.150471564403754599e+01
2.570422052613447406e+01
2.637906617563487188e+01
2.504285146365781145e+01
2.700162748796433476e+01
2.774038572065904162e+01
2.457284662114689056e+01
1.935387080930241765e+01
2.195344219062323532e+01
2.270690577536701937e+01
2.208121247924059816e+01
2.824507163394027742e+01
2.438283079496993366e+01
2.638198107086249777e+01
2.258860737467127677e+01
2.390115696686221369e+01
2.627795343742162260e+01
2.466957180518190285e+01
2.600110499655805896e+01
2.995280041290597950e+01
2.234650195602900169e+01
2.693979609861583668e+01
2.110033577264815463e+01
2.875952848697178155e+01
2.724865067616704906e+01
1.860821365392244431e+01
1.998029834073508582e+01
2.152316592280833163e+01
2.458601318838402250e+01
2.504641702064819242e+01
2.705484828511391981e+01
2.695688553795158171e+01
2.593128193414784732e+01
2.365167888788135642e+01
1.998529115334616080e+01
2.611871831445996150e+01
2.257915736023423037e+01
2.778074487236206735e+01
2.788228380642133786e+01
2.399798226635206433e+01
2.763178368877554547e+01
2.351967860882469807e+01
2.353523491145384483e+01
2.055617722262316249e+01
2.733453079789479290e+01
2.482982023113907388e+01
2.939715554042305357e+01
2.641626384579294040e+01
2.541052203094813322e+01
2.387669343880731887e+01
2.177043755375148848e+01
2.191704287684792973e+01
2.498240934563166249e+01
2.439861069288007656e+01
2.744092606346843510e+01
2.498113042148029450e+01
2.980051472516564104e+01
2.316974352809400983e+01
2.670812424796065443e+01
2.469037595070398083e+01
2.197632109470869111e+01
1.859093799622178977e+01
2.703121272787386076e+01
2.127152084569812018e+01
3.049311743922237028e+01
2.781897428966422581e+01
2.129697307206412304e+01
2.628343100895139273e+01
2.259684755846010518e+01
3.002139183298523761e+01
2.718490149348134111e+01
2.482678728304267324e+01
2.373720834454494266e+01
2.421106189327845826e+01
2.803016037575051911e+01
2.813202203836595672e+01
2.611923094414747126e+01
2.860754368848629881e+01
2.447149730983380422e+01
2.913637019186235122e+01
2.764194274376110982e+01
1.827150789688814925e+01
2.565448512132976333e+01
2.638339474673386675e+01
2.469519290229000319e+01
2.883219337329879650e+01
2.066781290048103514e+01
2.678877199076890747e+01
2.444251487079213803e+01
1.996884826463911367e+01
2.434284547473998117e+01
2.535058974392893205e+01
2.402561177160110617e+01
2.709221653911837890e+01
2.345310885708936155e+01
2.280589093557479430e+01
2.664339532181210757e+01
2.301732209776600868e+01
1.971912375294203912e+01
2.527448346749810426e+01
2.837735886197854995e+01
1.742826090737453981e+01
1.825263924760654533e+01
2.113850343802366538e+01
2.825297698414342307e+01
2.565915020631604548e+01
2.868160039736683586e+01
2.274774310357359752e+01
2.092979478632954482e+01
2.655821074483965560e+01
2.446178480520660870e+01
2.786025129204953643e+01
2.426844736456418161e+01
2.566420617346875233e+01
2.024063995625389722e+01
2.726018262137158743e+01
2.390147540984659003e+01
2.723281564360360818e+01
2.364802681119034844e+01
2.688332734485076614e+01
2.777490823957307242e+01
1.939450551912143439e+01
2.591309878102903852e+01
2.272523384221403830e+01
2.767748221249474838e+01
2.629499490150973529e+01
2.722607280121016871e+01
2.554774785697096817e+01
1.993071153565277953e+01
2.499931271089468154e+01
2.535389566611041801e+01
2.561086462259163454e+01
2.633842279017644827e+01
2.820281468503446831e+01
2.771976563914044789e+01
1.914031293097155029e+01
2.707423444646110866e+01
1.970139839892742728e+01
2.486245314843154475e+01
2.551932053048864546e+01
1.905796504048099393e+01
2.686216236163512150e+01
2.906428199388842160e+01
2.245873776895174601e+01
2.590159988432910509e+01
3.021993076969511804e+01
2.897711795993762962e+01
2.805912858315082659e+01
2.647813346723574313e+01
2.665055549082219599e+01
2.435191236006162541e+01
2.512217254187086368e+01
2.056301212725353977e+01
2.862495963351636163e+01
2.648712354684590764e+01
2.709138798085447064e+01
2.482838373148311817e+01
2.520285879258159412e+01
2.520849076002267353e+01
2.119375759924020031e+01
2.771635351075843090e+01
2.636680915708425132e+01
1.997831729422214053e+01
2.848728005616225900e+01
2.724016865293434009e+01
2.797320338281622654e+01
2.026319372571499500e+01
2.612749713701272469e+01
2.112163740471697793e+01
2.137117572572532964e+01
2.083479017506893882e+01
2.771886913814512354e+01
2.588541359260563368e+01
2.077412809553582917e+01
2.643304997198941209e+01
3.043587314042341774e+01
2.537185938824652354e+01
1.974614997497497626e+01
2.597199143705984170e+01
2.520882101154223776e+01
2.533675226546633397e+01
2.397945473519183324e+01
2.718199479609469904e+01
2.318832688661766639e+01
2.473588109111124567e+01
2.050896541683080798e+01
2.017105181534630987e+01
2.949247880228209340e+01
2.075186767678657063e+01
2.423397633614353452e+01
2.670186284789671660e+01
2.771045819473095051e+01
1.788640493305155843e+01
2.979153194385689574e+01
2.229441887695421087e+01
2.539673157926260316e+01
2.247082405710272823e+01
2.274987684256640463e+01
2.961946226904494850e+01
2.764927774788910142e+01
2.531999337296057462e+01
2.349689975465902947e+01
2.300841335409666044e+01
2.218558938595190000e+01
2.344805509209282945e+01
2.789541412315901781e+01
2.150970244365737827e+01
2.194741608362895846e+01
2.716164981398923928e+01
2.503361257269397555e+01
2.538755465041726467e+01
2.740421411793083806e+01
2.700580642977961077e+01
2.262154168625723116e+01
2.548006741270145881e+01
2.246649458363435414e+01
2.818876006747338536e+01
2.841322577901014057e+01
2.563602551148472131e+01
2.387401052690132630e+01
2.646926880585303365e+01
2.303765939288116371e+01
3.237273973770211200e+01
2.948786584633537444e+01
2.622264989966722126e+01
2.367587589218661392e+01
2.673493650369223928e+01
2.145330548201147280e+01
2.021494529632685655e+01
2.205673826500732915e+01
2.228235685471474170e+01
2.736008908935763628e+01
2.755245451403639123e+01
2.018878581329757083e+01
2.190321409432547028e+01
2.363587098895428795e+01
2.886592041480247417e+01
2.208783600330108854e+01
2.628268554020571557e+01
2.345512774734304173e+01
2.692548320759556191e+01
2.249270090546365708e+01
2.864600314493508648e+01
2.855555425696168470e+01
2.524854990340550387e+01
2.643750412435123920e+01
2.299102262800100505e+01
2.022495682371473436e+01
2.652912663467324705e+01
1.822745947854356530e+01
2.364430617032579818e+01
2.537775278824382497e+01
2.248707355853682444e+01
2.400887192214951327e+01
2.183703939360277602e+01
2.273893040946452970e+01
2.412553964599570122e+01
2.881800761712285919e+01
2.764823840343669659e+01
2.587697944462187039e+01
2.840037236784256436e+01
2.188485258519119370e+01
2.737403898073327824e+01
2.274522194470770131e+01
2.888962042742511116e+01
2.638159534791649108e+01
2.807111637174472563e+01
2.662308518152940806e+01
2.628002771881046939e+01
2.648783269994299872e+01
1.634859622250504430e+01
2.259926073691102744e+01
2.633100468176985487e+01
2.577286491588991169e+01
2.048440010353471052e+01
1.855201082371510424e+01
2.372225816243754437e+01
2.928701036315873907e+01
2.964703850194440804e+01
2.535797311162855650e+01
2.376750972257941541e+01
2.703644027141653439e+01
2.242681670455158738e+01
2.792215773104398835e+01
2.728424595683941689e+01
2.790008244462521247e+01
2.814066517322928362e+01
2.441891116683062535e+01
2.982092317545390614e+01
1.888908812540579163e+01
2.175325222687819959e+01
2.169790204088287666e+01
1.861875980645092810e+01
2.266674517285019519e+01
2.945778176640336454e+01
1.716210508833625070e+01
2.498888450898063596e+01
2.767139439521496058e+01
1.983019491568830972e+01
2.731552634906391575e+01
2.733273991961697647e+01
2.896157679341035518e+01
2.336207331580851942e+01
2.872303763501867024e+01
2.356018812579712218e+01
2.236171725470476801e+01
2.737865355595909378e+01
2.381285997433646884e+01
2.406583813915344194e+01
2.380173136051593019e+01
2.716742637983082531e+01
2.376285379525710084e+01
2.285861231958643813e+01
2.000035765083289974e+01
2.610821370502759819e+01
2.453731796695545597e+01
2.386175860643981395e+01
2.458783986261980559e+01
2.840175334554083264e+01
2.235004268504494362e+01
2.633611019321215707e+01
2.429575732541491817e+01
2.412255544738298596e+01
2.470807852138999294e+01
1.940220531322137631e+01
1.910969070418344984e+01
2.889033658933135840e+01
2.411478469806062463e+01
2.694687821289382512e+01
2.420265725060743023e+01
2.294740666722385924e+01
2.563011231918939714e+01
2.680778961752249145e+01
2.766573155043280252e+01
2.405545773246663543e+01
2.711881679279261803e+01
2.315438501746839250e+01
2.463273383580655462e+01
2.557516708478605949e+01
2.514346611506888607e+01
2.785326594555909807e+01
2.774357828553808147e+01
2.732692177988683824e+01
2.287182787830591835e+01
2.424590333054798563e+01
2.115423210977623825e+01
2.208520502383528239e+01
2.611930596067872656e+01
2.273430063309256610e+01
2.277350999408147558e+01
2.377861714523850267e+01
2.190619705985313104e+01
2.728481778395789448e+01
2.635591453184828481e+01
1.885912759974075570e+01
2.652685892927008382e+01
2.199912743879050225e+01
2.451340536606687337e+01
2.773460133427364127e+01
2.696224778864148419e+01
2.076298944530211799e+01
2.437026966456674515e+01
2.026965713145747117e+01
2.472519686140785211e+01
3.029739903791871214e+01
1.900655883767524301e+01
2.904339374116994676e+01
2.610397641085421228e+01
2.063470745576708509e+01
2.469776241021584795e+01
2.993457717343863678e+01
2.517918454763779224e+01
2.362797815160893578e+01
2.169899695212041735e+01
2.564531732124333985e+01
2.265399178642290323e+01
2.291954006484956352e+01
2.640844964470982248e+01
2.384972421704974010e+01
2.627579318173597756e+01
1.863150839131086656e+01
2.467917168888687840e+01
2.712235077667273586e+01
2.534766273379088375e+01
2.285102950882923523e+01
2.514001625948435148e+01
2.710976228419360012e+01
2.286931381753534254e+01
2.588278135821683890e+01
2.566283190518290525e+01
2.763062886388054551e+01
2.736043768710320379e+01
2.267682771122000318e+01
2.575142944986546212e+01
2.016449279659958904e+01
2.542674404902869512e+01
2.543487866798621155e+01
2.805138404102680028e+01
1.890259176744364567e+01
2.656808655853914303e+01
2.194200721153404743e+01
1.905226636906214921e+01
2.384778921730384482e+01
2.191291551479896782e+01
1.953543241432176103e+01
2.466221766467340615e+01
2.860447805612145444e+01
2.537449976702710330e+01
2.576285554318217663e+01
2.482330434151585408e+01
2.384431422650091292e+01
2.672085157022712920e+01
2.399257274973406595e+01
2.579007578635150111e+01
2.951217509644826364e+01
2.839176571235677926e+01
2.382153884994306026e+01
2.746255964441644082e+01
1.925725822594772652e+01
2.632586337108579855e+01
2.268521212994535219e+01
2.748931734756693857e+01
2.351154372176039331e+01
2.417909762640567806e+01
2.167067352042055717e+01
2.661001230746415658e+01
2.652592980231415609e+01
1.854819942289297785e+01
2.788716724948836045e+01
2.654735284093623449e+01
2.567112761526825437e+01
2.360283851699730917e+01
2.642875295504437716e+01
2.666561798893537372e+01
2.504822653196884730e+01
2.632634362682911444e+01
2.237661044146983258e+01
2.276709770218676709e+01
2.099700602619421730e+01
1.911826305808032700e+01
2.823256464528158105e+01
2.664532743701275308e+01
2.488726060166276355e+01
2.267273787366228888e+01
2.475303401899841660e+01
2.266685283148477126e+01
2.646265970962902969e+01
2.502055946599045200e+01
2.434636039608874469e+01
2.255806288140150784e+01
2.159290221161259993e+01
2.421655179573060934e+01
2.216886637218387790e+01
2.289261873520994683e+01
2.823613521763204304e+01
2.566241173770242057e+01
2.770143068768228645e+01
2.004405221447157359e+01
2.496325578057512473e+01
2.328663297068299087e+01
2.221701008231235619e+01
1.994959379422344270e+01
2.249446685107909261e+01
3.051169148462471625e+01
2.330861470159803872e+01
2.905416479567319143e+01
2.530271920358075022e+01
2.360253913048032004e+01
2.357844763309364566e+01
1.881836725050257542e+01
2.985617584357141041e+01
2.362258780486479282e+01
2.522129983034732703e+01
2.460375748378028860e+01
2.387267752205650595e+01
1.955972094805252226e+01
2.582995807799412091e+01
2.019216138643582781e+01
1.941460141584344967e+01
2.463400640510569772e+01
2.075843740492116041e+01
2.389458991486772632e+01
1.901982144057269508e+01
2.226331098103095130e+01
2.441132278403982880e+01
2.708150399468793879e+01
2.855114064347202074e+01
2.621406593247496275e+01
2.470135288428755516e+01
2.449620406562900499e+01
1.869727187652594935e+01
2.148381331334867994e+01
2.169787723191089412e+01
2.246692802117155807e+01
2.403732749962892257e+01
2.937189020553636709e+01
2.708964214204059928e+01
2.440825104239542043e+01
2.216177538817015247e+01
2.019912024943496931e+01
2.357135063069205927e+01
2.603804542313677217e+01
2.588183519522096177e+01
2.694976241120915361e+01
2.317467946997168227e+01
2.547094462822425243e+01
2.401962671412061567e+01
2.500632138673775984e+01
2.785465995000781447e+01
2.253235358965801893e+01
2.756734876504506104e+01
2.149389131129759534e+01
1.954851287739510113e+01
2.624603033447481337e+01
2.715780407093000193e+01
2.484704382351064567e+01
2.459765719380908777e+01
2.947972759913989904e+01
2.404653674990981926e+01
2.873694823497015349e+01
2.761753417746758998e+01
2.549744199941060430e+01
2.504351203120844360e+01
2.378326979551051679e+01
2.132899163839996959e+01
1.612112503841357380e+01
1.892915122185951660e+01
2.481809324884801171e+01
2.338951386315526548e+01
2.233279499958507941e+01
2.960163895199488948e+01
1.997783325325566750e+01
2.657405971986079152e+01
1.906044095895470747e+01
2.326838448218425981e+01
2.616326361984564031e+01
2.672013296867353915e+01
2.098632077068231894e+01
2.801703592979716362e+01
2.410906330827165434e+01
2.617705435476045395e+01
2.370297052084383793e+01
2.274730528255557616e+01
2.080615971996185465e+01
3.006202727658419960e+01
2.135401819769836251e+01
2.944817053631379622e+01
2.173542728660473955e+01
2.932713122314178378e+01
2.669626650691571612e+01
2.515772510143100149e+01
2.001280314853535813e+01
2.480592874013991178e+01
2.201010947844338261e+01
2.464206716202868819e+01
2.267853961836502208e+01
2.484785191644243696e+01
1.742269894388294560e+01
2.375421688638542150e+01
2.330656542854039515e+01
2.124538384183429329e+01
2.848570095230708787e+01
2.686866811986025283e+01
2.716137994406237866e+01
2.050948020389999726e+01
2.429830474270993435e+01
2.822602131114235391e+01
2.448078844012844257e+01
2.817636383355824847e+01
1.885191773437573204e+01
2.313283422755812779e+01
2.644141644890488507e+01
1.903586626747990351e+01
2.805891262717486967e+01
2.535809287597587058e+01
2.276286335036041919e+01
2.467993287842674377e+01
2.021702036220931831e+01
2.823608530397181582e+01
2.632960276451136039e+01
2.656361587217102027e+01
2.834513844162000495e+01
2.384121986690450967e+01
2.336735506984920363e+01
2.003858820202621871e+01
2.614369476785759971e+01
2.413916083778008570e+01
1.937343939746243748e+01
2.191265563742553724e+01
2.972295964482379205e+01
2.308611062160293059e+01
2.208089772687527841e+01
2.822697972421320856e+01
2.612760591108375863e+01
2.546640225571346150e+01
2.767714709028849995e+01
3.010646498158121176e+01
2.163309698060518116e+01
2.404983700516461198e+01
2.826317799931935681e+01
2.440492664706910020e+01
2.242519344481559429e+01
2.774796759597237994e+01
2.806242507363591088e+01
2.588365891819705666e+01
2.527261406988427339e+01
2.096525754997906077e+01
2.148465413309855165e+01
2.531994204721389252e+01
1.998517560370992996e+01
2.015807079709016847e+01
2.594226720007446474e+01
2.335786500317828640e+01
2.606677751538058629e+01
2.461624219949036174e+01
2.654080159692402319e+01
2.730938338313925939e+01
2.623987004977625048e+01
2.556620023848071810e+01
2.065351802145843152e+01
2.890823779012612960e+01
2.824222967803249063e+01
2.739297091175757259e+01
1.861399751563092053e+01
1.960510095879791592e+01
2.614952781605682830e+01
1.925126594021174498e+01
2.393242729818915393e+01
2.249048423350642523e+01
2.865573866580987072e+01
2.849938705062676192e+01
1.913920167880610279e+01
1.842189430630211788e+01
2.435765329926401890e+01
2.457371574724830054e+01
2.385167822382077318e+01
2.455438709207955128e+01
2.541133859525429983e+01
2.882270741911965217e+01
2.500562587679266358e+01
1.985229239721052252e+01
2.686031997170113783e+01
2.365288449538603643e+01
2.994200481600237751e+01
2.617282074541252612e+01
2.217709896509385104e+01
2.543255626740986131e+01
2.229681090425107470e+01
2.085801499780685830e+01
2.555419461154715322e+01
2.893220997250947590e+01
2.659644696157855748e+01
2.779729066635556478e+01
2.153930144778007261e+01
2.613239270261718517e+01
2.482366188829247733e+01
2.390660278788022453e+01
2.068866569377978948e+01
2.227620201597937566e+01
2.315649810222509686e+01
2.096266292278262355e+01
2.515511173518557086e+01
2.900031367183273190e+01
2.582909977546528779e+01
2.280099255598717889e+01
2.280126711152807317e+01
2.525975627973931026e+01
2.724431291013823397e+01
1.883412104133712361e+01
2.549758727595295582e+01
2.737562773178937192e+01
2.420095865155710513e+01
2.752165323102195416e+01
2.098689563874516040e+01
2.773145989790295118e+01
2.832040667013840718e+01
2.688337796128340074e+01
2.679678444579829844e+01
2.620623862564973194e+01
1.967399009728601911e+01
2.336422651221992908e+01
2.669799532098991790e+01
2.179912056911436480e+01
1.883454448509080592e+01
2.628809066646136472e+01
2.719424807582521808e+01
2.312193042990817204e+01
2.085155712557605057e+01
2.236438821050260017e+01
2.571730870382630130e+01
2.213751161119031607e+01
2.747966227190114097e+01
1.894825124058073484e+01
2.679210629425810453e+01
2.684462090782782440e+01
2.702551973276152708e+01
2.643037972985042927e+01
3.011064752102338815e+01
2.874565573523472040e+01
1.848677820922285164e+01
2.422876537174379052e+01
2.341844172183011352e+01
2.673564749238812865e+01
1.936379743351947269e+01
2.551741344573112613e+01
2.809566308674047974e+01
2.646139306640355571e+01
3.086208172871246092e+01
2.751989279993558668e+01
2.020378848321444565e+01
2.879712472495841880e+01
2.060882180640066608e+01
2.332062511132485128e+01
3.003910478654651328e+01
2.614000844101646592e+01
2.400996900271137591e+01
1.900805795106598239e+01
1.751309118669171738e+01
2.155677036448245687e+01
2.456212436335889748e+01
2.074712303665043223e+01
2.646774172758104271e+01
2.809508354195818924e+01
1.987741449079646117e+01
1.881902515397941045e+01
2.401068179358896870e+01
1.892272043453278840e+01
2.353705402051658524e+01
2.982065078950280324e+01
2.298349545452411391e+01
2.257347478753103331e+01
2.009749000957531706e+01
2.288986486841974610e+01
2.657731280559526965e+01
2.102385806488208431e+01
2.886963955168338103e+01
2.299661510765337979e+01
2.932062511695645313e+01
2.865593452087018278e+01
2.721065145830996812e+01
2.445474577472495525e+01
2.172913617869985714e+01
2.590053106675853201e+01
2.856039015597441022e+01
2.793073216813017723e+01
2.570087049312949290e+01
2.936764214625077329e+01
2.927110883516132134e+01
1.965662479633936499e+01
2.531334213709531156e+01
2.342880379145122305e+01
2.425114717029091693e+01
2.736111263360439949e+01
2.315283475784577760e+01
3.087893312869573847e+01
2.434768828227241855e+01
2.880734000011517182e+01
2.810728031675031957e+01
2.641636256280221673e+01
2.527539089242753789e+01
2.173347462047030731e+01
2.674317000003226141e+01
2.395052653521441854e+01
2.251619567099262298e+01
2.157548739417014971e+01
3.025428870708026352e+01
2.244555439686992315e+01
2.420923380560603633e+01
2.479217855424669992e+01
2.310856157556195001e+01
2.093416642550106843e+01
1.938939110172536218e+01
2.543907511326885995e+01
2.638537417702131549e+01
2.512095276021851831e+01
2.787158229506649221e+01
2.111527687171860279e+01
2.691360403151496072e+01
2.120044404158018381e+01
2.915818351164753963e+01
2.399921970911266911e+01
1.856740675148228803e+01
2.126513639625744290e+01
2.586942957389853603e+01
2.752040401766906186e+01
2.545507722111628013e+01
2.772757391442688757e+01
2.631811857736349580e+01
2.077496549495920775e+01
2.689749541321046422e+01
2.645100084705259036e+01
2.039802224085014970e+01
1.857829429023475498e+01
2.292642944469090338e+01
2.458174154620012075e+01
2.194206082090851240e+01
2.471456372810077085e+01
2.521151923619430946e+01
2.583347839526443224e+01
2.338982860624671289e+01
2.671562799711669811e+01
2.020979235561212661e+01
2.686335214056997245e+01
2.768688685059456489e+01
2.538944037313741120e+01
1.895442769080371193e+01
2.064047203231726968e+01
2.154355818343200113e+01
2.172080464193320637e+01
2.188817011687010705e+01
2.515758248262837782e+01
2.728459785200094601e+01
2.038483615669433746e+01
2.274106987498643306e+01
2.609378121392440519e+01
1.884804734756499300e+01
2.457432034515136721e+01
2.627395675291419508e+01
2.332238309565182632e+01
2.660403056066244787e+01
2.631309041709237206e+01
2.630458453545534425e+01
2.465487315990134576e+01
1.895058891902039377e+01
2.207911315064424329e+01
2.434489000777808343e+01
2.446677930023400194e+01
2.371930174165307292e+01
2.226243384472755338e+01
2.275301684369049227e+01
1.840593018325360930e+01
2.393012073678347562e+01
2.688296405969620295e+01
2.419525011187710817e+01
2.791592276294317543e+01
2.588227701898593835e+01
2.836802608237221079e+01
2.214433104553426190e+01
2.600368050771687223e+01
2.589331844101272750e+01
2.600329499904472286e+01
2.386462572651492309e+01
2.311389473047936960e+01
2.540358735129956003e+01
1.854368405847599988e+01
2.360791692163832067e+01
2.456451273052235251e+01
2.896421852194159996e+01
2.533204609494791981e+01
2.308077348570700238e+01
2.669528643764058273e+01
2.455724146221793802e+01
2.413269672133419874e+01
1.687202198934501141e+01
2.431443757950096796e+01
2.585308675150530533e+01
1.877350172010819307e+01
2.550270175662460304e+01
2.840564087498590595e+01
1.642242152806913325e+01
2.901331006033291970e+01
2.351631779656645804e+01
2.234876401150601666e+01
2.713908831483318806e+01
2.298188816715725835e+01
2.715846469252459272e+01
2.901834621697737049e+01
2.702116644136516044e+01
1.860036525964189735e+01
2.670662023323262702e+01
2.617067512936523954e+01
2.196933798070773136e+01
2.470795466879198088e+01
2.429302548738492717e+01
2.799206884071143975e+01
2.200910765846202821e+01
2.274720517021179944e+01
2.251806726616601750e+01
2.416714155632999450e+01
2.810352772708519353e+01
2.784732380391681517e+01
2.683891491955703401e+01
2.849969089797756894e+01
2.444949057032438589e+01
2.881829895303427946e+01
2.791033206120223298e+01
2.627188832555005860e+01
2.330533497153450639e+01
2.527878727177894902e+01
2.651912333963797508e+01
1.919726878854136842e+01
2.426698795065560432e+01
2.651000962722408616e+01
2.027581039458145540e+01
2.452171709006635680e+01
2.028477147656617063e+01
2.136056720198181225e+01
2.350054960322906794e+01
2.460438593165716981e+01
2.580140418942804814e+01
2.406546099358010338e+01
2.431824766266489846e+01
2.400340049102281625e+01
2.854874070471666414e+01
1.870138943070658399e+01
2.265773879566685522e+01
3.095013571477765169e+01
2.472918185804644864e+01
2.771061427679721589e+01
2.561705490336106905e+01
2.406648395768041482e+01
2.386320770490571164e+01
2.323075551308633635e+01
2.184388622007971392e+01
2.189090243584004725e+01
2.855112080965480104e+01
2.473485254346375228e+01
2.699649315950342654e+01
2.860599672325346177e+01
2.630543899589232737e+01
1.827774565681338004e+01
2.680120479469236372e+01
2.064826156729113649e+01
2.581075975839747727e+01
2.351646501776892961e+01
2.661021619658552240e+01
2.722313579937315353e+01
2.435022687604614333e+01
2.176374756105606778e+01
1.987240643178975930e+01
2.422182240682401400e+01
1.962106577950845576e+01
2.150667712827700484e+01
2.229505655317010948e+01
2.686758928002817370e+01
2.884762300152065961e+01
2.223296862223974202e+01
2.175630135531042697e+01
2.413962705100234984e+01
2.487688573764496169e+01
2.150414901107828314e+01
2.526813267635188609e+01
1.787806235801556554e+01
2.823053019307808142e+01
1.915783647648249399e+01
2.741250203682985997e+01
3.002625989151806252e+01
2.351859875280065637e+01
2.121370824032688418e+01
2.094795640646540136e+01
1.983060662581755906e+01
2.583091881401652401e+01
2.036417413190734038e+01
2.259991081878371233e+01
2.386645667502751778e+01
2.274525170729108225e+01
2.735452394292178013e+01
2.171508775238776678e+01
2.681566722647759704e+01
2.509193569443917937e+01
2.673192748675539576e+01
2.860465665524247214e+01
2.679915493715931518e+01
2.676623250539651266e+01
2.536654464271670761e+01
2.313407664627851190e+01
2.837772201867920430e+01
2.240143787167557576e+01
2.079408741172320774e+01
2.832470434744270094e+01
2.932147408976108949e+01
2.243805428580080985e+01
2.392662383412105243e+01
2.654883941975825223e+01
2.194663108433782384e+01
3.020317681187724901e+01
2.443881819430515279e+01
2.381258731700816966e+01
2.416293567079975801e+01
2.243595365761024496e+01
2.435011554369829412e+01
2.362139373777838713e+01
2.814621552243939817e+01
2.343781265951823300e+01
2.318593610106389846e+01
2.413092385124558348e+01
2.491612519111836122e+01
2.026708605222857074e+01
2.682198183342389086e+01
2.687621907684133760e+01
2.510988958736351151e+01
1.983374123416701096e+01
2.914502917289433270e+01
2.513740518319695383e+01
2.402389459367634927e+01
2.605888495964339313e+01
2.415628356400971199e+01
2.344921882474542230e+01
1.905737000569489936e+01
2.556357103552423737e+01
2.650747396382949006e+01
2.349473207169494060e+01
2.391317936612591666e+01
2.600897907756658611e+01
2.771350850902290119e+01
2.734896742271656578e+01
2.309366791752456649e+01
1.987774979473871895e+01
2.630797386888662359e+01
2.753841028920967560e+01
2.465271210408383240e+01
2.339194271778559298e+01
2.009805512194872890e+01
2.268641794852030813e+01
1.755567666337730870e+01
2.340881086381709864e+01
2.548558980625825399e+01
2.662082373068978569e+01
2.312508880632610442e+01
2.295259588064038070e+01
2.690798840625396693e+01
2.616604508526682693e+01
2.589926872185701612e+01
2.598947663134356034e+01
2.440727229918538299e+01
2.061104082279564764e+01
2.623032440982466795e+01
2.373049792058295893e+01
2.607880934994188138e+01
2.243584819265784702e+01
2.542018727704940417e+01
1.860814540681671758e+01
1.880016616964954324e+01
2.319372680781229690e+01
2.729653445084674956e+01
2.512167114741084006e+01
2.705472356578305693e+01
2.087946134290965361e+01
2.888217165317501767e+01
2.616218701490361909e+01
2.348879548489404101e+01
1.982293036955233134e+01
2.278906661088440089e+01
1.951005253814516394e+01
2.719777452131895856e+01
2.523995848894677962e+01
2.485702091664386870e+01
2.041954058530445693e+01
2.135000354670948042e+01
2.608502484062786664e+01
3.011377069949566376e+01
2.417008328357053060e+01
3.193588083415665579e+01
2.327156924824462081e+01
2.578560537820150245e+01
2.818400490452319218e+01
2.727337549202398392e+01
2.347848316564280680e+01
2.686248870695271762e+01
2.473363260680624620e+01
2.220377619924650858e+01
2.921493379233783827e+01
2.443831402749894011e+01
2.550393660959951703e+01
2.155286245958661340e+01
2.488203303105785480e+01
2.481320181399753366e+01
2.091986745925261459e+01
1.976677692058597557e+01
2.173531601768839039e+01
1.752362893848499681e+01
2.315358850430927617e+01
2.394335214960024416e+01
2.382997825189189811e+01
1.757262900588819576e+01
2.524663523513314090e+01
2.192576689818636027e+01
2.502498491286606352e+01
2.400939952225304097e+01
2.463674841330911747e+01
2.231539909084743201e+01
2.175908369242841545e+01
2.342490548952405405e+01
2.572267111982741383e+01
2.644261312579582679e+01
3.003884349648534879e+01
2.300205019892620939e+01
2.435197545152348297e+01
2.644631495372410512e+01
2.329864039039111745e+01
3.104024440627898329e+01
2.107888169338970741e+01
2.268962742189449600e+01
2.255281212037107608e+01
2.187202246664893579e+01
1.872163912468993985e+01
2.335983403895835053e+01
2.448186574230006585e+01
2.667335930175194036e+01
2.921547001378857544e+01
2.716437225349615758e+01
2.299851142558698314e+01
2.314795826275421575e+01
2.443710995011034370e+01
1.954278554605779661e+01
2.176459318952535327e+01
2.784493330640503927e+01
2.442166202221249094e+01
2.678931390462427231e+01
2.438401618828333284e+01
2.751879162821045099e+01
2.371275627738584646e+01
2.788532722716331591e+01
2.322380148254788423e+01
2.641279014915315670e+01
2.231046435083374746e+01
2.858128466124023959e+01
2.909930873308534061e+01
2.057372539875013118e+01
2.621633219737705289e+01
2.109367688134754104e+01
2.366022889647058136e+01
2.288187253286550060e+01
2.537424168473429020e+01
2.034685824818956590e+01
2.724397320022911728e+01
2.193369049994450748e+01
2.523201759997461124e+01
2.146691414457829339e+01
2.603864965478478055e+01
2.554994281908120968e+01
2.726874345363065899e+01
2.016457456776321422e+01
2.981039020849583210e+01
2.346807273120980142e+01
2.670941828801640483e+01
2.077242357768299641e+01
2.469863795802039874e+01
2.813826003762282824e+01
2.005246035771594038e+01
2.733102968241468034e+01
2.128339358018892824e+01
2.344723607262592324e+01
2.433133727044400985e+01
2.571815653661256107e+01
2.387926340307555151e+01
2.792836348950815761e+01
2.680972369917606812e+01
2.876499536972408677e+01
2.220227847975884217e+01
2.350065535003884776e+01
2.587353286950555997e+01
2.070900087483015284e+01
2.390363393905308342e+01
2.680069655066868961e+01
2.595292087217880095e+01
2.062065651423861112e+01
2.457249490053561658e+01
2.344686185013837942e+01
2.355810626206506342e+01
2.346836190878429917e+01
2.654998399960895838e+01
2.306213728702194388e+01
2.836957465203733975e+01
2.448205564839423332e+01
2.314969852194330713e+01
2.160851250071351615e+01
2.626582993019369283e+01
2.544875893140101297e+01
2.185317274971240309e+01
2.005904028232562908e+01
2.312585868429351521e+01
3.183204490470038195e+01
1.822044952715692645e+01
2.189285402277236514e+01
2.331622180927423926e+01
2.117942479437622083e+01
2.589954806756167116e+01
2.310931489305865583e+01
2.229374910221334360e+01
1.994185942045979587e+01
2.697034642193259302e+01
2.561652996627373824e+01
2.308169696328834419e+01
2.273200839486182190e+01
2.218162448298173572e+01
2.312650081940862989e+01
2.754599548148293664e+01
2.071060764294822221e+01
1.798204909147423436e+01
2.744240733234602558e+01
2.882949065943637379e+01
2.219761825309605641e+01
2.328501794378724199e+01
2.556888724264916846e+01
2.819472312692756688e+01
2.503786935783888623e+01
2.799793792176742002e+01
2.863368251639203876e+01
2.095191013661072432e+01
2.457860015072335713e+01
2.424911868192042164e+01
1.860903959281828435e+01
2.435707487923477643e+01
2.870914784341493942e+01
2.057977278018427825e+01
2.836619086324550665e+01
2.365636435855812891e+01
2.677695354586485976e+01
2.612465469429303866e+01
2.727807300845175220e+01
2.513689897322066358e+01
1.648446827293233241e+01
2.450123120483827677e+01
2.421671930502631653e+01
1.998537847099381892e+01
2.673611305593195198e+01
2.596218840805554251e+01
2.169186418942368277e+01
2.048302030490163617e+01
3.146467387420165096e+01
2.357415300183508222e+01
2.510823283139396978e+01
2.424694245191604480e+01
2.209938840025594331e+01
2.199378282169228527e+01
2.498117397740091050e+01
2.297380980158901664e+01
2.901638022624025481e+01
2.378795023705902167e+01
2.146678914058713872e+01
2.459166058993444537e+01
2.078497427088541372e+01
2.436837431173678681e+01
2.612796070639388901e+01
2.369077470304401700e+01
2.465762411525967934e+01
2.694745777523342767e+01
2.775273783081873091e+01
2.663690630802911130e+01
2.020912156453816522e+01
2.483248731825673872e+01
2.493849354567920074e+01
2.076451127788509154e+01
2.315573960804119480e+01
1.907056897133137596e+01
2.558393984269233101e+01
2.169346727531421237e+01
2.052378128162051496e+01
2.524661751444058311e+01
2.046837179864649059e+01
2.554390618374865696e+01
2.722609427326135290e+01
2.561043630468899579e+01
2.894963451339090099e+01
2.347520324477785536e+01
1.950230076208657692e+01
2.280771010811050203e+01
2.130279068590673930e+01
2.541734288721346857e+01
2.246483458719077575e+01
2.358533202819953800e+01
2.630411127421442785e+01
2.470656701383653697e+01
2.160096921162332606e+01
2.723232629947966288e+01
2.298023217818026609e+01
2.643134105951961388e+01
2.643442119403756863e+01
2.553559585217419681e+01
2.227651468011303848e+01
2.845277568863147977e+01
2.845682246990778452e+01
2.056404763866623853e+01
2.062008381351360242e+01
2.122509100936945003e+01
2.682313141408936374e+01
2.626850040389580343e+01
2.064451355744649419e+01
2.441136616456547870e+01
2.400185759403181862e+01
2.465220706628379688e+01
2.755005117371189272e+01
1.962737136168185259e+01
2.539360797590849117e+01
2.577870328555455259e+01
2.527866534954882383e+01
2.815630950948339617e+01
2.427328413244714866e+01
2.532359864477848888e+01
2.409255803892073189e+01
2.392299412335123421e+01
2.265807699144837883e+01
2.717247563082140971e+01
1.709817827475777818e+01
2.557947081072248352e+01
2.866641742871638954e+01
2.328663947028747216e+01
2.279702061454864648e+01
2.408499757121693108e+01
2.102648624581820869e+01
2.589567408161958539e+01
1.914871545898985872e+01
2.205375794842602488e+01
2.230184935393705459e+01
1.948901584973141254e+01
2.245850021036766364e+01
2.890241315853335990e+01
2.168762686040565058e+01
2.795838585432479206e+01
2.189252942074579522e+01
2.497605599765652684e+01
2.809043830455873447e+01
2.798677299234817184e+01
2.826726263305446807e+01
2.676245050284280325e+01
2.803417414981371536e+01
2.778478030324790282e+01
2.428386862590186013e+01
2.783632005765258555e+01
2.002889445647060285e+01
2.036747851039879365e+01
2.579985312642234518e+01
2.453238617483319217e+01
2.459268823147890970e+01
2.836663027059385911e+01
2.451492009313657050e+01
2.395825911021602295e+01
2.675289832044472149e+01
2.480132083962601541e+01
2.504791830284739618e+01
2.709119862078042829e+01
2.960410449185340909e+01
2.617245654176148051e+01
2.725446731572338877e+01
3.011416518813815202e+01
2.419853338051209946e+01
2.291447268830830453e+01
2.731808130179386396e+01
2.159649976732389121e+01
2.608786117669792048e+01
2.753833416973399295e+01
2.281838334833153326e+01
2.839748434041796443e+01
2.612608579717862867e+01
2.627813656719553137e+01
2.751244491489847732e+01
2.659944704671705651e+01
3.042282753383810601e+01
1.946496426990869466e+01
2.300680984829527631e+01
2.364868372190439416e+01
2.612779259508481999e+01
2.273822338429393142e+01
2.670847759387955733e+01
2.441812227101239685e+01
2.940949231603666192e+01
2.344215708815852750e+01
2.295241710995214035e+01
1.976970618198501839e+01
2.449544299050172569e+01
2.453010970783340028e+01
2.694996384756350594e+01
2.785025330989275361e+01
2.167900092704302040e+01
2.789724294577972685e+01
1.984438219247419610e+01
2.052699525603936337e+01
2.102968069771901227e+01
2.826330500427918935e+01
2.420316355948884990e+01
2.341681964501287894e+01
2.457110309779237056e+01
2.339052074938638270e+01
2.009988056361554953e+01
2.889413741613262943e+01
2.839340523867415911e+01
2.401018192164322684e+01
2.511539337053441301e+01
2.921086970763074575e+01
2.479912669240363954e+01
2.815883582003149854e+01
2.766086964339101328e+01
2.568099588303783776e+01
2.515832587359489736e+01
2.381878884555801434e+01
2.202761268724975707e+01
2.071959741536712940e+01
1.798810900768978271e+01
2.231765492915926075e+01
2.806714227264751571e+01
2.432671204047779767e+01
2.689649636010036815e+01
2.107454177896842396e+01
2.398285288045127217e+01
2.302137107547254402e+01
2.221739339776189226e+01
3.034313555608392576e+01
2.262432981751056005e+01
1.994437795766776844e+01
2.445754348099085007e+01
2.597249057175954334e+01
2.023503596091208223e+01
2.535294594313218752e+01
2.980424962973112457e+01
2.325139143560862109e+01
2.595966601383775085e+01
2.540183122900757695e+01
2.487664699666213508e+01
2.937736033048132711e+01
2.770201132472720928e+01
2.212579820950219300e+01
2.365227064154051462e+01
2.650805960052963783e+01
1.910835047332493986e+01
2.511768221979983551e+01
2.333255112210704851e+01
2.370181186442465560e+01
2.600768347604423170e+01
2.330530080604912868e+01
2.410365236610703832e+01
1.970553415457146684e+01
2.624359056383438471e+01
2.773241998456848023e+01
2.668020202055348378e+01
2.540276725467402485e+01
2.448151854079354095e+01
2.532114265390432095e+01
2.257847405788994877e+01
2.253251455224268440e+01
2.517623643500646580e+01
2.283801907665696618e+01
2.616176910022825552e+01
2.428408914817529407e+01
2.463285898988656442e+01
2.840738315991162466e+01
2.627605420998008867e+01
2.335117504385619824e+01
2.586118860622724469e+01
2.354221291870184629e+01
2.402637893098328448e+01
1.986742036691601143e+01
2.259812983512776796e+01
2.775475164206916290e+01
2.299041592504305243e+01
1.967717415936939673e+01
2.934900620333154819e+01
2.035025109707499169e+01
2.530171843389622310e+01
2.304972033473351800e+01
3.161221911715094635e+01
1.894266977419873399e+01
2.067265078279026724e+01
2.686803448516350912e+01
2.024259097485139947e+01
1.961147227445573904e+01
2.467706073088567109e+01
2.634574818961942100e+01
2.594057723959508976e+01
2.427441871024388576e+01
2.213431546151527485e+01
2.769863448629849145e+01
2.343418520683448136e+01
2.745866661956544519e+01
2.141045872737997158e+01
2.754115268428892449e+01
1.756055873313498594e+01
2.783347862861990407e+01
2.165712872929339383e+01
2.156050064480261241e+01
2.857430445846310008e+01
2.647270182899244872e+01
2.249903511494736819e+01
2.121669423352137684e+01
2.364749848901753637e+01
1.867571854447924906e+01
2.281902639051217108e+01
2.408707287792604390e+01
2.458965878677043193e+01
2.128620186197478859e+01
2.582536178314784081e+01
2.450283437219716731e+01
2.887112877535771460e+01
2.858423121285295920e+01
2.879056132125446155e+01
2.157921101209840842e+01
2.710585259720918216e+01
2.512905831638364162e+01
2.557557100586445742e+01
2.305423773730143111e+01
1.997058850301376864e+01
2.489298684397871142e+01
2.670720166864046874e+01
2.549675711463829231e+01
1.718773742140411187e+01
2.668883254697236040e+01
2.775559715105366010e+01
3.072561052655514402e+01
2.978173931832454358e+01
2.195227979984544930e+01
2.623418610200456058e+01
2.824752115517980755e+01
2.859487610946829150e+01
2.280623628301345462e+01
2.130483019659596522e+01
2.323895056863197439e+01
2.432500570226100223e+01
2.184182586689196626e+01
2.491858943389860670e+01
2.930648044902712002e+01
2.523940270733664448e+01
2.923559607262092541e+01
2.205153888360576175e+01
2.291357178868088340e+01
2.422061701593949579e+01
2.962950318930706217e+01
2.653478011308149220e+01
2.355479006633914807e+01
3.025436993618553672e+01
2.232187378200103467e+01
2.708234301728323956e+01
2.829106722828077025e+01
2.671268931876211283e+01
2.556890303196071557e+01
2.711321398141619099e+01
2.184417957355327999e+01
2.485233828230748898e+01
2.216382617658456411e+01
2.203740801028843066e+01
2.517492143626369128e+01
2.593728301657598934e+01
1.860825309289882767e+01
2.324615149627994626e+01
2.510772544570788156e+01
1.939797929560741352e+01
2.580567435148193667e+01
2.145445251733247360e+01
2.269469013731747964e+01
1.922016662044350355e+01
2.019035986770068547e+01
2.612611267002456827e+01
1.914115725575456750e+01
2.439492940763102879e+01
1.654038556361499701e+01
2.345111586580359386e+01
2.532453666572783746e+01
2.324848175017986307e+01
2.262406077088902023e+01
1.740919762683884997e+01
2.683335377602323746e+01
2.455067259129996415e+01
2.091108726885746094e+01
2.759328119021817827e+01
2.173122900949240943e+01
2.485328980959337386e+01
2.355115837287645419e+01
2.651002977156145235e+01
2.050032958773935832e+01
2.098918236486211342e+01
2.816017114566001922e+01
2.837273395315336444e+01
2.937032610408065025e+01
2.639454871867376795e+01
2.456936715345177902e+01
2.981441345422059896e+01
2.684370806493484451e+01
2.577065280703599370e+01
2.206311360546939682e+01
2.766584679450369677e+01
2.279806261026115521e+01
2.438118714172204449e+01
2.021340087566112942e+01
1.865546439574674764e+01
2.726041115949493587e+01
2.022135099206616005e+01
2.477973719132306840e+01
2.739812815527149681e+01
2.126559961139966859e+01
2.303571757023119204e+01
2.367426510138826856e+01
2.193027944175963029e+01
2.327670729315970988e+01
2.297695698191452962e+01
2.682717150061455058e+01
2.155961680754892384e+01
2.302466140294015062e+01
2.148490511358942356e+01
1.834104664199515611e+01
2.080264616773596487e+01
2.715660709539288575e+01
2.489784183134811713e+01
2.313677839982700135e+01
2.844229216374266400e+01
2.515528402343548109e+01
2.532562290840737163e+01
2.477244528865221440e+01
2.557921499271759558e+01
2.110066069940390321e+01
2.752161452225310256e+01
2.039846837044793659e+01
2.214508540076235477e+01
2.064428483548590876e+01
2.329659060632222989e+01
2.133981218044078076e+01
2.225960357713515947e+01
2.479469253899909020e+01
2.480160703603587535e+01
2.901782243318739773e+01
2.147455115718648955e+01
2.623501142162632149e+01
2.795579465782599371e+01
2.677276365720183193e+01
1.961301174946293457e+01
2.094332668597390779e+01
1.994156074137545431e+01
2.170104433239349362e+01
3.007065205838121713e+01
2.247801510082755172e+01
2.354773644838833135e+01
2.579953076257992706e+01
2.511370853363378686e+01
2.636203314888105709e+01
2.413886749197769532e+01
1.912570451489292367e+01
2.237943115739548716e+01
2.311620566723758685e+01
2.457934841118187919e+01
2.507589239860230990e+01
2.444448922256562895e+01
2.324747938997040109e+01
2.594078295174795556e+01
2.422590684471464328e+01
2.806299362197520253e+01
2.713608322351869973e+01
2.067971528109187673e+01
2.132256110962148909e+01
1.906329805401131949e+01
2.204569629912861828e+01
2.283786943778384781e+01
2.521004212404928424e+01
2.759283110407613293e+01
2.394880046239040183e+01
3.039994209621665178e+01
2.610691134852345385e+01
1.940839584763640957e+01
2.628207261182558696e+01
2.644379829926668179e+01
2.921755548449786133e+01
2.533783360907460747e+01
2.835737195035543579e+01
1.965740691593034128e+01
2.588327523993962131e+01
2.365804923201781307e+01
1.884659420854536549e+01
1.897909635046533694e+01
2.490001433716519230e+01
2.525906121926153958e+01
2.315893415142936362e+01
1.966069957750174169e+01
2.001409213413048960e+01
2.300878264444246568e+01
1.957276446095960409e+01
2.603786450276492204e+01
2.305014722619926104e+01
2.093184665742153072e+01
2.559883848539045204e+01
2.142553220889183407e+01
2.567861161159752115e+01
2.291742178322166978e+01
2.707697962332737518e+01
2.091697741423563528e+01
2.075725662727883503e+01
2.062456171999306065e+01
2.743235192983211235e+01
2.207998420023114150e+01
2.825829068454092763e+01
2.788805265387310328e+01
2.478919578797790990e+01
2.673997680548908207e+01
2.629945596333380919e+01
3.007512366403435067e+01
3.024095084734772954e+01
2.600112274282199110e+01
2.697946696919862575e+01
2.279479825556794736e+01
2.376288795935175102e+01
2.533323951477336777e+01
2.306573798844675238e+01
2.322559054972963466e+01
2.645243102281724745e+01
2.523419129039162456e+01
2.598807879766414430e+01
2.883813094708828473e+01
2.262248506240208457e+01
2.709620216026885942e+01
2.577558039804070233e+01
2.308721452212492409e+01
2.544096062113502299e+01
2.708691468773179523e+01
2.449697998495220475e+01
2.487203296995944157e+01
2.232391127873277981e+01
2.795557090900472019e+01
3.014475563878502840e+01
2.087846295334828994e+01
2.431503253125487873e+01
2.855966918043602476e+01
2.195329870092302116e+01
2.140365161991971377e+01
2.390745166273123345e+01
2.177093930194862637e+01
2.540429389874022448e+01
1.870834267717883392e+01
2.666747281045008577e+01
2.840434331680499369e+01
2.482732441387940980e+01
2.844491925077708316e+01
2.807017226480746785e+01
2.148811112917354649e+01
2.836089328363246764e+01
2.616506424349687165e+01
2.511819423046662436e+01
1.702130416438935967e+01
2.327161590115760958e+01
2.866860242350728072e+01
2.354903208079183585e+01
2.295540626460498856e+01
2.311394587403898981e+01
2.155129094868536654e+01
2.344739350051085580e+01
2.502397212065961085e+01
2.399418329496407765e+01
2.917021546560340894e+01
2.431410262564878977e+01
2.070506488654771005e+01
2.084040078299457122e+01
2.532490483934795122e+01
2.635693455137586128e+01
2.032876565513937450e+01
2.106673732304972901e+01
2.532747077495797328e+01
2.982891236123695577e+01
2.882522786702026707e+01
2.508098487282716960e+01
2.642760710226895071e+01
2.414274509868831231e+01
2.216451732593062829e+01
1.912627995886268906e+01
2.760533502240276960e+01
2.642837718965462201e+01
1.718827770843065395e+01
2.893330234736185957e+01
2.320244501841963825e+01
2.152695517152542237e+01
2.585652760428507690e+01
2.505474818277933480e+01
2.534839044220776572e+01
2.542115776204231281e+01
2.366389666913351775e+01
2.626924486471454045e+01
1.926194212603896716e+01
2.397453183074278016e+01
2.078613222213800071e+01
1.998505703130954814e+01
2.600452349301382782e+01
2.463934532629628649e+01
2.560859738993572776e+01
2.834461526192893288e+01
2.476541809476253420e+01
2.440809512252097591e+01
2.741571810970568279e+01
2.675441078342715784e+01
2.340573110805317825e+01
2.344712789799379138e+01
2.194867035886523610e+01
2.995955058364201307e+01
2.085708145906516009e+01
2.519978015838880836e+01
2.301415488698688350e+01
2.662995551113277770e+01
2.316525170419348001e+01
2.752128560486388764e+01
2.569392542438913907e+01
2.848601601336212141e+01
2.195060502364898269e+01
2.534253200310888232e+01
2.413180912957134439e+01
2.029548667922665217e+01
2.509283143451543552e+01
2.596222499809363526e+01
2.405041636051020149e+01
2.592798233264419139e+01
2.060124603607349059e+01
2.035929806523939689e+01
2.168085753705093666e+01
2.755108884863897956e+01
2.577161277247817850e+01
2.334324004443455891e+01
2.126664946128022393e+01
2.690989822994620440e+01
2.618128032589356735e+01
2.763775305708137253e+01
2.775682547306571735e+01
2.676910604364665147e+01
2.648574023469283389e+01
2.596543163341359772e+01
2.473848542976830700e+01
2.596175772263227088e+01
2.675853036585363753e+01
2.278161514214719574e+01
2.628059343225524813e+01
2.642511681838343662e+01
2.426817162887542167e+01
2.850447620848249031e+01
2.411970538151819810e+01
2.709508197562050569e+01
2.388782984484720728e+01
2.393356697883786310e+01
2.374288114063090660e+01
1.951699506190887590e+01
2.296647495287791330e+01
2.146025931596399872e+01
2.159997611790488392e+01
2.336342507298502369e+01
2.434632622536668123e+01
2.296103538364355146e+01
2.857573669194070476e+01
2.405175505365128785e+01
1.632421867673989269e+01
2.573652294926223405e+01
2.425509220843867553e+01
2.492618958266452012e+01
2.018734770333152184e+01
3.012855625489104128e+01
2.250300264643043135e+01
2.176566877173727121e+01
2.098221884510446600e+01
2.136690517470271189e+01
2.145963459899049752e+01
2.701814882413143692e+01
2.351800002387549426e+01
2.054102925863994500e+01
2.377611699893292041e+01
2.862795428792334107e+01
2.674387428255513655e+01
2.673793143901958658e+01
2.195190934810753802e+01
2.801304410056414440e+01
2.615294159586065703e+01
2.140850441890068723e+01
2.697586680633396838e+01
2.168174315050949730e+01
2.587319062175468432e+01
2.141897415633927082e+01
2.541297626883851635e+01
2.568960005104964139e+01
2.172276336451010081e+01
2.031968006806530269e+01
2.207650778975599337e+01
2.774332187305075337e+01
1.730356834983319203e+01
2.796820102173585809e+01
1.960304322350307515e+01
2.503862580301702678e+01
2.554325305539493840e+01
2.325261165508678474e+01
2.764422191169988352e+01
2.703430687969678559e+01
2.070185297918246548e+01
2.598121952336710550e+01
2.142242460687648276e+01
2.207785903922910364e+01
2.297813960817946466e+01
2.345553760039394930e+01
3.092024944344583304e+01
2.208683641013487886e+01
2.231516542692095584e+01
2.556817559408234075e+01
1.784011219513515556e+01
2.708123089329348332e+01
2.424549097403966158e+01
2.641475226103321816e+01
2.203114308792776299e+01
2.317334266064212756e+01
2.593999085116237069e+01
2.455476438593254684e+01
2.354586094109157912e+01
2.204475583255287319e+01
2.608916609721547175e+01
2.307042621932031068e+01
2.698460230360103651e+01
2.024286731208863088e+01
2.263151981577309613e+01
2.614669445802645242e+01
2.529158598870343155e+01
2.817115246462102718e+01
2.241401605373249950e+01
2.478515983775356446e+01
2.570461751948606022e+01
2.196456266762366738e+01
2.365145675135358161e+01
2.837636315302134449e+01
2.869754818168913246e+01
2.847318822883091016e+01
2.569033561795465204e+01
2.959281699510788854e+01
2.751047875124790210e+01
2.684102857975618761e+01
2.229196917483087503e+01
2.653233535380005037e+01
2.898021893625087486e+01
2.609400034508959365e+01
1.876680485802339149e+01
2.860750135282399853e+01
2.395156128459998612e+01
2.751275568836438623e+01
1.909708931589955583e+01
1.959800967374740921e+01
2.468355624986497077e+01
3.043245066646985464e+01
3.056682202248937230e+01
2.372863260191708790e+01
2.579737105085306581e+01
2.346372774573000797e+01
2.296576314657598772e+01
3.042778805636208617e+01
2.590936804515833103e+01
1.954328463125552418e+01
2.336696867323959736e+01
2.657992262005331696e+01
2.093433665213009576e+01
2.254956375754340669e+01
2.661299119646725586e+01
1.938270853968022323e+01
2.806363444942757113e+01
2.458757551661162566e+01
2.504507429847523525e+01
2.575787220768370389e+01
2.070766577800852559e+01
2.390552865034678121e+01
2.301954858708184659e+01
2.043473096891360541e+01
3.001431452992968474e+01
2.476211459465950782e+01
1.982764492296923819e+01
2.224012021041539455e+01
2.216939676488762956e+01
2.180500583770213296e+01
2.304153582133664457e+01
2.345230716942647931e+01
2.250254791213703953e+01
1.811338862618624646e+01
2.606707451164355049e+01
2.768301955213023646e+01
2.479760239458656912e+01
2.639878088867147454e+01
1.957378127676201629e+01
2.466398226658192527e+01
2.178889479708589150e+01
2.497068156140216288e+01
2.649510233364351208e+01
2.493579185437241819e+01
2.676224834108528228e+01
2.601885175620391522e+01
2.318654267213447895e+01
2.580558804825507480e+01
2.095523868059043693e+01
1.868096602479090862e+01
2.563643429861388157e+01
2.319231051643792085e+01
2.337921191237103358e+01
2.583311932369633368e+01
2.851310299996516662e+01
2.279638382741142877e+01
2.098869988786607621e+01
2.228107303974871556e+01
2.846249934264109527e+01
2.522691859967225270e+01
2.699088980963960793e+01
1.612775584012071661e+01
2.039521807996839442e+01
2.657206461990410062e+01
2.025906931603757144e+01
2.121982965202869309e+01
2.726849521435035939e+01
2.663501974263585481e+01
2.899586475706536604e+01
2.295515915928402251e+01
2.681737907283187283e+01
2.675146569705542632e+01
2.692555285728576919e+01
1.758082401594245781e+01
2.303158098443733692e+01
2.210363352555610206e+01
2.307374944888821844e+01
3.055958045289178315e+01
2.582036961018558330e+01
2.456308235852249311e+01
2.285636450141085163e+01
2.482018788555362221e+01
2.433029573784342503e+01
2.639850397457625775e+01
2.443042373852660276e+01
2.678113808009155505e+01
2.026918214646348204e+01
2.267159314790880131e+01
2.644077045815887317e+01
3.059634230452938652e+01
2.391451699731951308e+01
2.066583712155580699e+01
3.063895401825108067e+01
2.947923363549294962e+01
1.838299598423896697e+01
2.857853758816146694e+01
2.238370525010184764e+01
2.476071727373422604e+01
2.549590272908636024e+01
2.958950638644592246e+01
2.704362457240990381e+01
2.664192794274252307e+01
2.314936990928220339e+01
2.556579587965051914e+01
2.520069602252610252e+01
2.685009297372941717e+01
3.090938005976586211e+01
1.889263247550777436e+01
2.762166846801678588e+01
2.446702144025235270e+01
2.674830590800527119e+01
2.658136447504705302e+01
3.008420906163790320e+01
2.131868082159987665e+01
2.321865164230910139e+01
1.906889524094303923e+01
2.430112228701930732e+01
2.497565940902881820e+01
2.612651881624773864e+01
2.822435020985199472e+01
2.392097905452574125e+01
2.755661317757820328e+01
2.143371081508387732e+01
2.687323867892070339e+01
2.692679259164352601e+01
2.440613973293907080e+01
2.816825059721072577e+01
2.455452778608484010e+01
2.643834057156540851e+01
2.295765670586432705e+01
2.583027489649391484e+01
2.773835872856869500e+01
2.449692432683415078e+01
2.784688679217504159e+01
2.078414687646893455e+01
2.423418239723139322e+01
2.495416591342975110e+01
2.210179841750653651e+01
2.271503764262428504e+01
2.361190093079907726e+01
2.435576521171927311e+01
2.115951345890619351e+01
1.896269319112616003e+01
2.745842325880498080e+01
2.187221239019751806e+01
2.639014853046811027e+01
1.680498972406178027e+01
2.267526408047244502e+01
2.603659526351999887e+01
2.640458775416696469e+01
2.765820445155472740e+01
2.376904742721668740e+01
2.692176405751453672e+01
2.668344112991705686e+01
2.085568950627201801e+01
2.166178753980046778e+01
2.659876579866806523e+01
2.462339889050891628e+01
2.806751934847424224e+01
2.539909146539327267e+01
2.789176429312497518e+01
2.885755662090206997e+01
2.620455145383379758e+01
2.269570142532980483e+01
2.620907818814314894e+01
2.046097767737758844e+01
2.805500317569688562e+01
2.475688408352754522e+01
2.605368350268979327e+01
2.885880957944756986e+01
2.641992159938180862e+01
2.516629330123138786e+01
2.509291009841910736e+01
2.262255325645477555e+01
2.144132386365853193e+01
2.764926438799605179e+01
2.470572252720195650e+01
2.540014445565786261e+01
2.500005455036642488e+01
1.754717259315038191e+01
2.042026103104242196e+01
2.252716941774589543e+01
2.417174776908405676e+01
2.946848397985491630e+01
2.211522449506040999e+01
2.837533445792691467e+01
2.060240853709159126e+01
2.670175781733061982e+01
2.568771689689196336e+01
2.375856299420452444e+01
2.323722601715222069e+01
2.645983770372581034e+01
2.518734830365103505e+01
2.347027490485620049e+01
2.352078502199804788e+01
2.041046455195747811e+01
2.280136240672583980e+01
2.534245189365810802e+01
2.833830784245902734e+01
2.893907699936741196e+01
2.637765426410320302e+01
2.672721624829143039e+01
1.585137266734091988e+01
2.649187132414275681e+01
2.593027743785068040e+01
2.794486499261968149e+01
2.163156783175460518e+01
2.352141597975343501e+01
2.460941711653229191e+01
2.252852305544268319e+01
1.751802432003891496e+01
1.941210010394168961e+01
2.618946563672167471e+01
2.743321709656158092e+01
2.126411701356424189e+01
2.415688174651018727e+01
1.920877352801061733e+01
2.210494996291027547e+01
2.321081036990639035e+01
2.716192076814056477e+01
2.717107192348885647e+01
2.457756949167733751e+01
3.049397167357806993e+01
2.688902858125117845e+01
2.648154898557610082e+01
2.716154181184455041e+01
2.737767804677239525e+01
2.436694853891265211e+01
2.781049799992856464e+01
2.959473644447342977e+01
2.576163778970629892e+01
2.568250005187567808e+01
2.589893722504347906e+01
2.348567639235902504e+01
2.795505892393898151e+01
1.697915168055973822e+01
2.455665522362884445e+01
2.650865068534397651e+01
2.167059626899587599e+01
2.277447958017101470e+01
2.595821417257850428e+01
2.235561234170961598e+01
2.457655864095067244e+01
2.616617028670918899e+01
2.338546480729864641e+01
2.857429531979643755e+01
2.985836834605409962e+01
2.488053804132951896e+01
2.851249585380059770e+01
2.716611107793108459e+01
2.592897160003424517e+01
2.076574669720737987e+01
1.945750465021194131e+01
2.013941014752712633e+01
2.811682597309044596e+01
2.442501697234986580e+01
2.384128138492660653e+01
2.473256484051599458e+01
2.487169575531978793e+01
2.423874768355660336e+01
1.890071283848387651e+01
2.771922372546256241e+01
1.993196107304917319e+01
2.395439204172309999e+01
2.477844798216437638e+01
2.206918213094666470e+01
2.755686205004624512e+01
2.138847324034695063e+01
2.350714065552179832e+01
2.317261898254850294e+01
2.580107202244340669e+01
2.082649031825605945e+01
2.691537495098464561e+01
2.552665535621154547e+01
2.791918352631199340e+01
2.413971610122175093e+01
2.805436185670902560e+01
2.638169982731416496e+01
2.626914747305054831e+01
1.903453840420579013e+01
2.327382266664656996e+01
1.747510069671336552e+01
2.151592485816678746e+01
2.614140511757667440e+01
2.792920190400755942e+01
2.349544830949376717e+01
2.472807583730754644e+01
2.364216714499576710e+01
2.573131867388920568e+01
2.571287881276006715e+01
2.754126707739136037e+01
2.909418544328519829e+01
2.524497358013344694e+01
2.212132895526259091e+01
2.514579418253496002e+01
2.294621849432250826e+01
2.717635746416697629e+01
2.403652402963561130e+01
2.529293646678133811e+01
1.890855452426142236e+01
2.920722662607753151e+01
2.388751323244239444e+01
2.638329295760571114e+01
2.351688235608856559e+01
2.617041134964475546e+01
2.175645788830129490e+01
2.469790420669182396e+01
2.951121286301550128e+01
2.856912892117919611e+01
2.307491533503846881e+01
2.366493947224245531e+01
1.968229513559244381e+01
2.656277149228339951e+01
2.783030755469546591e+01
2.650653506863103104e+01
2.663491600645638258e+01
2.432237010466612048e+01
1.992880967687450422e+01
2.102559092387955886e+01
2.686884319316459013e+01
2.474517965402593589e+01
2.354856857733141595e+01
2.059398056643845720e+01
2.390966285689294679e+01
2.167426961699067434e+01
2.478713603047125602e+01
2.619777684795092298e+01
2.417221699276680980e+01
2.617331044943621166e+01
2.475963681364736502e+01
2.965172378723613278e+01
2.372337645609769297e+01
2.531316262567792208e+01
2.529655559368750062e+01
2.716569370507225401e+01
2.523174054512463726e+01
2.363505864874540663e+01
2.163233040540700358e+01
2.374919710844605802e+01
2.885062564448545785e+01
2.670059568869600142e+01
2.493708539403139568e+01
2.991793511388034332e+01
2.317441262675936997e+01
2.552761117923132517e+01
2.400734437233413132e+01
2.543692971526268565e+01
2.436357500213875582e+01
2.365762713324416922e+01
2.732966738256351746e+01
2.680506202309448938e+01
2.958976172642617897e+01
2.825723324462979846e+01
2.490194206064432336e+01
2.765409000437059461e+01
2.324001455012828998e+01
2.428971363361312186e+01
2.417450235562728977e+01
2.070227846002249095e+01
2.723958344525537711e+01
2.350560688400451070e+01
2.063816757597782114e+01
2.626413955400795430e+01
2.480665134068947708e+01
2.411055335052725113e+01
2.711553939545732916e+01
1.987148778883256384e+01
2.118497067188829419e+01
2.187383311293033472e+01
2.675266389112907106e+01
2.620081108614180110e+01
2.081794535318541151e+01
2.680057026875025272e+01
2.606515932871791819e+01
3.171542793568216823e+01
2.660844655632435263e+01
2.502578954888822338e+01
2.308579648931816664e+01
1.991684398070762541e+01
2.508077504271403413e+01
2.827318288404583768e+01
2.425925825294186922e+01
2.572359526044277089e+01
2.776619923568310355e+01
2.452371248482286603e+01
2.831297525043266461e+01
2.334558443646373149e+01
1.961579252871237955e+01
2.639252714552641166e+01
2.353117791941377135e+01
2.575025495362684680e+01
2.024142409179113145e+01
2.647201003146246023e+01
2.835983713102028148e+01
2.397113473177368093e+01
2.197588751390548722e+01
2.103267184290973546e+01
2.517433352980487982e+01
2.194342063973834556e+01
2.016599915107914853e+01
2.389014124429801811e+01
2.189050609603993891e+01
2.176456240040011636e+01
2.695597337798667681e+01
2.522254536200691177e+01
1.999538821113896248e+01
2.988701732356376439e+01
1.996476861725024676e+01
2.382648022018322109e+01
2.156692234118412799e+01
2.288168993183830580e+01
3.020775681573847748e+01
2.121129660228000802e+01
2.188296208223736627e+01
2.666098487831415298e+01
2.392802794173166347e+01
2.585763304507323923e+01
2.366152426634781847e+01
2.089686089565377358e+01
2.380860088650901929e+01
2.988352889673622315e+01
2.347445778606171274e+01
2.168368963298154029e+01
2.111762368146432323e+01
2.820287290899895538e+01
2.799731842936953896e+01
2.767145903735418599e+01
2.310931748839393762e+01
2.333248237624428256e+01
2.467223069767966948e+01
2.332684902679732630e+01
2.093707267114260873e+01
2.617847947840497724e+01
2.457923970583735240e+01
1.737757026490071510e+01
2.579462815428424705e+01
2.775495827940222071e+01
2.750351548206586827e+01
2.417890012236556174e+01
2.355738967280386120e+01
2.784930888200703336e+01
2.805284417689193432e+01
2.345527322023017902e+01
3.044970031978512282e+01
2.244237827428657894e+01
2.115363156755283924e+01
2.183434966592934856e+01
2.464945572278045915e+01
2.930523142910222489e+01
2.912714136152057876e+01
2.580047610179802220e+01
2.360895557149930823e+01
2.620221544670718927e+01
2.193061825828280575e+01
2.096495112423167839e+01
2.891145562817539982e+01
3.083048744263603069e+01
1.808796278552585335e+01
2.560953433012621971e+01
2.798599424081810128e+01
1.980810525844220749e+01
1.740332943044356284e+01
2.338278169021688768e+01
2.975898532924276196e+01
2.108108771474312348e+01
2.464495510844657389e+01
2.988257834252243228e+01
2.774469525919636581e+01
2.247433464100374678e+01
2.810463574839082312e+01
2.393438987956314534e+01
3.080351399312484872e+01
3.105337529224357951e+01
2.116404449977253677e+01
2.156543498895202760e+01
2.434374028570526960e+01
2.493582843871671173e+01
2.426008085001849324e+01
2.520033739642212112e+01
2.542260472241470026e+01
2.199582259315640798e+01
2.384268062994962278e+01
2.576922741095631864e+01
2.253731660172316964e+01
2.708229742906594595e+01
2.271404769030652204e+01
2.520986022879389665e+01
2.159684726079827399e+01
2.535607287536816301e+01
2.579490658237394385e+01
2.845533602349477320e+01
2.241668576046593131e+01
2.547903047753931105e+01
2.593151295567551173e+01
2.432045687143462587e+01
2.577137491470156760e+01
2.153116088021317864e+01
2.893334158369910369e+01
2.694120800844817509e+01
1.998436351891819740e+01
2.747971351264314777e+01
2.500223054246438537e+01
2.445185016539387135e+01
2.296968334036077053e+01
2.636656098024243633e+01
2.244746314166750167e+01
3.124262230221485481e+01
2.423236600716317568e+01
3.068798124422136908e+01
2.517437063031547595e+01
1.759431628326674613e+01
2.584468542948040337e+01
2.676637401147592144e+01
2.349878458586083951e+01
2.272896072260017775e+01
2.614068582492167536e+01
2.083722195658143406e+01
2.598965257558565156e+01
2.759296486503971835e+01
2.232221316626807450e+01
2.506764668865389467e+01
2.780214468718933318e+01
2.536890418061289054e+01
1.834748265714034687e+01
2.437814330455935874e+01
2.711027927567762674e+01
2.248374987930851177e+01
2.718274781406211105e+01
2.381198719814141640e+01
2.234604411469739915e+01
2.348613099779182534e+01
2.654914800553184051e+01
2.883681536877909224e+01
1.828620250936842950e+01
1.754999701662781675e+01
1.894049499478129306e+01
2.150529608618698418e+01
2.045274614775379618e+01
2.102702865060190618e+01
2.701143555714135758e+01
2.118101405082297717e+01
2.571190745418389412e+01
2.913733089539992704e+01
2.642249139944965819e+01
2.233534318143364317e+01
2.626586498309951168e+01
2.770731565177023725e+01
2.232045927498027638e+01
2.601565777318362649e+01
2.129018358187865445e+01
2.276755630973621436e+01
2.672392659215860533e+01
2.032322520730883397e+01
2.481033015783952678e+01
1.912398770536626103e+01
2.693692945193702570e+01
1.928252276085913408e+01
2.685896429143649655e+01
2.726750003601942396e+01
2.347766591388918300e+01
2.690132400687701519e+01
2.119140780103621680e+01
2.482009853522918164e+01
2.377633188876819403e+01
2.436808836877775875e+01
2.405662001894000923e+01
2.358922597085726025e+01
2.740084932804989393e+01
2.199022118552846194e+01
2.702256594702508963e+01
2.625776339478342081e+01
2.378930473980170035e+01
2.692845840540034175e+01
2.599468394115940484e+01
2.172882752312759180e+01
2.266140771342176308e+01
2.637784315591003903e+01
2.969699635392114345e+01
1.669533993669897143e+01
2.633511659551625073e+01
2.725302178746380832e+01
2.136312439987822032e+01
1.912232735288466401e+01
3.033287699933490345e+01
2.411155630723326126e+01
2.361701804894633483e+01
2.344768403952734914e+01
2.637933772586560366e+01
2.833921813241951426e+01
2.448648352129454508e+01
2.655130979479627129e+01
2.411628996696226679e+01
2.667936354766687401e+01
2.390618463144268446e+01
1.905373933657784136e+01
2.484638313200339965e+01
2.377642292525098000e+01
2.809237599913485184e+01
2.807750294738630714e+01
1.772985355124083284e+01
2.632377846260667553e+01
2.396617988685003553e+01
2.946102944794015599e+01
2.141509143612613286e+01
2.371812790004681659e+01
2.521491867582676250e+01
2.318514594164102149e+01
2.276209987199218077e+01
2.684488206266503951e+01
1.997193555839037060e+01
2.660521134923149944e+01
2.019328824946154910e+01
1.897890594487377669e+01
2.266352898942088601e+01
2.067736023860673811e+01
2.363460116693748958e+01
2.570537659501634309e+01
2.753914015618482836e+01
2.850271929793003878e+01
2.045880926477367723e+01
2.737080749402466751e+01
2.736643217629126923e+01
2.388970321986432666e+01
1.878880076183916970e+01
2.228919974345366128e+01
2.726751242189939717e+01
2.861839463262921868e+01
2.301986211330408594e+01
2.122426480618060651e+01
2.584228162888727098e+01
2.296775628605652741e+01
1.924005598831882580e+01
2.853152344183020617e+01
2.334597810185330502e+01
2.029588946427445251e+01
2.628954146254019264e+01
1.992612788984878591e+01
1.803145144517850795e+01
1.987395734843903128e+01
2.863892831018044305e+01
2.057690146127601238e+01
2.568537338780234336e+01
1.908001770912084183e+01
2.657747262386374132e+01
2.663640502689795042e+01
2.854896991843859766e+01
2.086803447182645854e+01
2.343587173648318611e+01
2.745016285373784370e+01
2.028052398533630551e+01
2.979329415857058194e+01
1.903402022773920521e+01
2.941872672343853168e+01
2.381996618338578031e+01
2.734343895595980811e+01
2.217534836025804523e+01
2.255756810632226461e+01
2.104027073502489031e+01
2.014064289705579114e+01
2.565707240192028493e+01
2.128535448270178065e+01
2.409522809108595354e+01
1.799875968554407279e+01
2.557860973113736947e+01
2.743802474033437377e+01
2.834432898550925373e+01
2.880837111575250375e+01
2.183472469087056211e+01
2.670554232386180615e+01
2.402256514638525076e+01
2.815778640599433658e+01
2.669786578790703757e+01
2.129010592685489556e+01
2.350620969755582834e+01
1.965574913042363647e+01
2.291702566939780539e+01
2.143831356334202098e+01
2.785583306844711160e+01
2.645027266590899018e+01
2.097874039786725575e+01
2.443721282097687109e+01
2.177416413461975964e+01
2.602064310972061634e+01
2.172109249681444609e+01
2.590189458402135259e+01
1.759538054096817206e+01
2.726203394559696491e+01
2.797483020824132538e+01
2.187742984384407308e+01
2.743354140224316495e+01
2.627537960894815328e+01
2.397245865875569137e+01
2.046652483266890599e+01
2.757142766519498167e+01
2.522796573080840332e+01
2.438202477506535359e+01
2.710316462749656097e+01
2.588862860463748916e+01
2.073171713077023881e+01
2.410686019107110312e+01
2.655680059546117988e+01
2.620815798315559775e+01
2.254295518493410810e+01
2.518745618392386731e+01
2.282919758508436914e+01
2.439439590267209823e+01
2.308188485189104000e+01
2.088044262062877721e+01
2.428531302549550475e+01
2.500122896538287876e+01
2.092663542803109777e+01
1.976719013749054454e+01
1.965804566186165303e+01
2.340427444073032959e+01
2.611031892143638444e+01
1.935806220753266871e+01
2.428071483739341119e+01
2.876704343640470540e+01
2.705698987829934765e+01
2.807957809184419773e+01
2.462046093235685973e+01
1.893888688833380485e+01
2.559985757688919250e+01
2.244867116970345222e+01
2.706181050608025984e+01
3.015537185240942364e+01
2.466792602536831325e+01
2.389989991507146527e+01
1.982748935680997349e+01
2.543290041580956284e+01
1.988783169279133745e+01
2.895114969557009132e+01
2.648157989562783143e+01
2.383929308419991244e+01
1.898100288827911086e+01
2.203418034533894243e+01
2.428060203774781911e+01
2.633833088504446351e+01
2.808055825513541137e+01
2.926064215098000787e+01
2.758911399827721667e+01
2.880174106717948490e+01
2.949415899052175050e+01
3.055153509214032681e+01
2.417034144702738274e+01
2.007335034353311087e+01
2.411350643271110528e+01
2.459651066906395656e+01
1.868568303835687061e+01
2.520773524863012227e+01
2.750451724108895846e+01
1.993695655456254912e+01
2.268524571780593035e+01
2.115495412351075544e+01
2.511034630847985483e+01
2.216773624190659575e+01
1.972867936856103199e+01
2.920847869880505598e+01
2.511644902054878514e+01
2.313017579942236424e+01
2.005552375103925300e+01
2.346468499512942785e+01
2.240283692910165314e+01
1.735717937406428746e+01
2.814227895838403626e+01
2.566679359009752659e+01
3.055081070148388633e+01
2.565965975798550147e+01
2.113532732556582516e+01
2.710492261839678463e+01
2.483874179191033704e+01
2.481677739571219732e+01
2.385681502906730955e+01
1.866450532555609598e+01
2.606679742624305973e+01
2.527903972600776328e+01
2.585812919232479601e+01
2.637619353385741050e+01
1.715333546648369278e+01
2.489826190611232448e+01
2.834957759447173586e+01
2.663790293568058942e+01
2.213746127414803766e+01
1.965776514213494153e+01
2.911630864632902416e+01
1.844508649152134439e+01
2.374937569238613833e+01
2.588033383630411066e+01
2.415882580837319082e+01
2.037735782552352859e+01
2.288025970850446100e+01
2.492833825634516387e+01
2.490429246061070501e+01
2.338907237904696146e+01
2.723334055288858480e+01
2.324173860078527909e+01
2.164681832857485944e+01
2.484218039233745046e+01
2.513534594790376175e+01
2.636633731324708307e+01
2.486100266919340740e+01
2.156801679455107390e+01
2.510290148636206453e+01
2.581205862132445361e+01
2.695326818582816841e+01
2.226907374687906582e+01
2.065804459773071855e+01
2.446272174871951322e+01
2.348824652396762858e+01
3.152808044315382219e+01
2.806158311279574491e+01
2.594866116980433191e+01
2.989840994009027497e+01
2.658740955900513470e+01
2.094819795544573537e+01
2.319620455667081771e+01
2.704114304780733136e+01
2.128111274009480880e+01
2.529896063100788695e+01
2.610452920340493677e+01
2.190047106683126188e+01
2.972412342577603894e+01
2.616515807717692610e+01
2.750710091208772923e+01
2.668334353164662076e+01
2.255021836136173619e+01
2.417610010031966894e+01
2.753484825730974705e+01
1.988718203286351027e+01
2.444299956000358875e+01
2.345182477018473222e+01
2.325161508328657334e+01
2.526951823541757847e+01
2.555126433769880379e+01
2.761990984341829858e+01
2.596879042645270275e+01
2.578846070140764013e+01
2.285351389289418833e+01
2.281156988287096610e+01
2.078453152643063007e+01
2.710737721113508769e+01
2.431176270573347864e+01
2.291891806735968729e+01
2.157249721603484005e+01
2.299713245967513231e+01
2.666099603264643036e+01
2.280736042238424233e+01
2.582071527594780846e+01
1.870023046336973138e+01
1.957238932907567630e+01
2.338701365927277820e+01
1.960823227681132863e+01
2.703054256530088040e+01
1.999482484851773023e+01
2.576784670812205036e+01
2.814146797750033002e+01
2.103978924614003887e+01
1.873697159926763689e+01
2.085764090794175019e+01
2.506167086747752393e+01
2.757489750193684230e+01
2.496378112589917109e+01
2.776751276668815649e+01
2.097396586896281434e+01
2.798045336759642154e+01
2.310983124632602070e+01
2.885571751660145523e+01
2.336283705103505781e+01
2.290266071233547862e+01
2.529424110933921810e+01
2.715975639965391508e+01
2.194067559449118576e+01
1.964713642732355225e+01
2.779820773775627885e+01
2.809420409077955583e+01
2.664116573958363077e+01
1.679438329286432108e+01
2.160929038027676796e+01
2.163251469042966946e+01
2.521308392517145691e+01
2.798245868125135516e+01
2.409322582112881150e+01
2.576434222652466133e+01
2.432557463226582328e+01
2.333631052736924261e+01
2.566315298981908910e+01
2.359451046926530893e+01
2.270990616526358252e+01
2.961943393177497796e+01
2.463366988269851632e+01
2.147638133818475481e+01
2.556662114298777411e+01
1.964355592696546182e+01
2.460861516082695033e+01
2.509121299110879022e+01
2.146032868147224448e+01
2.291389644520951308e+01
2.774940080365907846e+01
2.642924819627506494e+01
1.920992092264696183e+01
2.373187136769038119e+01
2.080033230224970708e+01
2.496002082084130791e+01
2.286370870810493017e+01
2.232229314449928737e+01
2.541551610966201835e+01
2.809226702209006277e+01
2.829322381276685761e+01
2.591554110336002026e+01
2.647418162725841029e+01
2.324347112809824623e+01
2.720224343719687354e+01
2.427802223132708193e+01
2.853535941442909163e+01
1.823301741776965912e+01
2.460229526873270700e+01
2.221120386199222807e+01
2.299961136303523901e+01
2.545653463516331882e+01
2.720578067306419356e+01
2.353427821037849199e+01
2.852254755491334492e+01
2.115647449055726881e+01
2.684041659404441660e+01
2.261806548457220600e+01
2.356053527937876169e+01
2.194782504261526057e+01
2.109480849444327433e+01
2.447417226642526700e+01
