mass_ratio
6.703820575283575556e-01
7.512284219911057326e-01
5.148851456183473063e-01
8.213010832814346962e-01
6.479222458232586357e-01
8.224474866786399829e-01
7.177977785965452551e-01
6.419226661893061570e-01
9.539136361335865955e-01
9.219383308732085336e-01
5.580933352932032632e-01
8.955005378142841810e-01
5.470181876887847405e-01
7.247738437215680563e-01
8.677521848401417159e-01
8.975400128901790398e-01
9.052667735506498836e-01
7.261365554756525897e-01
9.761983721462821340e-01
4.681012652002270458e-01
9.910933730526725327e-01
6.243076755089224106e-01
5.703945384352245851e-01
6.910467029381515136e-01
5.270329567843011764e-01
6.733720197484737158e-01
5.910644035845360467e-01
5.571139494039855089e-01
8.276961550954742286e-01
6.089969832895919533e-01
5.272011495112439716e-01
4.942801835215278050e-01
5.143179277877264477e-01
5.293381411176850682e-01
7.808761218842474872e-01
7.797081784710360175e-01
6.521203051742197054e-01
5.784400250442189861e-01
6.486327641729888738e-01
6.640325612654186527e-01
8.786684795278134619e-01
4.142874382018544854e-01
5.553169679172508255e-01
8.167314351243977200e-01
8.612438233420254274e-01
7.704610926915540503e-01
9.761746701796644166e-01
9.631739213076259132e-01
8.812107728256930450e-01
4.987970827294104792e-01
6.173083913586335791e-01
6.656544045096326467e-01
6.425004319986551415e-01
9.756317456852953152e-01
7.325068126521862011e-01
9.576581458556316928e-01
6.185506181712173701e-01
7.164984199715254132e-01
8.772605882103295949e-01
7.639007113461252496e-01
8.830049409360084534e-01
9.966315955713943575e-01
6.992850528198125692e-01
7.845009887451400710e-01
4.677100211654512396e-01
9.958201957704263529e-01
8.418555761948466332e-01
4.466415036706508634e-01
4.943364022398963331e-01
5.646745767379373060e-01
7.749475304455247793e-01
7.040642501331414449e-01
7.739334775734896255e-01
8.463685080059837329e-01
8.471942333020316962e-01
6.570132451179421240e-01
4.310560602664219587e-01
8.579703913952464456e-01
6.242344344338585094e-01
8.949969863252981161e-01
8.971559936765608478e-01
7.218733605784659613e-01
9.198752576047207752e-01
6.558102322534827833e-01
6.597948191374171101e-01
5.144919365102046394e-01
9.815026405519802211e-01
7.102570791335847122e-01
9.151184617238757868e-01
7.693549570486571954e-01
7.669035312284461225e-01
5.978964701664333248e-01
6.295788824662672534e-01
5.482020999692314156e-01
7.862853804321989770e-01
8.021251924698535873e-01
9.293507309833380914e-01
7.019483261546868302e-01
9.041995124489582425e-01
7.189988019782838080e-01
7.597368222606979415e-01
7.114580376283938801e-01
6.056540109683022921e-01
4.108468274746545634e-01
8.898960107247176898e-01
5.885695341890292420e-01
9.628504999117293295e-01
9.959972671456779336e-01
5.407978365943459931e-01
7.610158359649767945e-01
6.810877096597559577e-01
9.517230673703689359e-01
7.997413816257736840e-01
7.814703145634368520e-01
6.964821668429036494e-01
8.050595048875148763e-01
9.013018305556296239e-01
9.008924841707711684e-01
9.314864811884114859e-01
9.228904139079677771e-01
6.922640689059186281e-01
8.131740891950743899e-01
9.181752856299362220e-01
4.430828433007045764e-01
8.613907243758436305e-01
8.346425954182489226e-01
8.028625042535881828e-01
9.293116374596392948e-01
5.044377564428994543e-01
7.805443163316742039e-01
8.375752885668940051e-01
6.000595538242656790e-01
7.890860127550611836e-01
7.473396671413218284e-01
7.781893234735913767e-01
8.856558438921926513e-01
7.184389103130998100e-01
7.358924712345670249e-01
8.462863159906032218e-01
6.402278292559925310e-01
5.202209123599627061e-01
7.362421618082242158e-01
9.634408623982732012e-01
4.243158575513324982e-01
4.017779179868767869e-01
5.848946626455954201e-01
8.590012032880333104e-01
6.904199082674299381e-01
9.237222926745901619e-01
6.700367579226570447e-01
5.949721042741559218e-01
9.310075521635970963e-01
7.586930986717170811e-01
7.677802654679696248e-01
6.467647263726937767e-01
8.865344201994153073e-01
5.531193801131309984e-01
7.516864126910675070e-01
6.029572029029960367e-01
9.532780203804547270e-01
8.198562275711456238e-01
8.290351633345992566e-01
8.779185402378758551e-01
4.509507230938960554e-01
7.159718254214719746e-01
6.440658813257068571e-01
9.416998460078680466e-01
8.595739953675741729e-01
9.044150528836686354e-01
8.507068467370455522e-01
4.603809103348744936e-01
6.825968155291367578e-01
7.639611915618702565e-01
7.612301757234293254e-01
8.042882795262578099e-01
9.255452758250822809e-01
9.861605095731226234e-01
4.840284486752685633e-01
9.894415594618120036e-01
4.355440580217577184e-01
7.394722303137055697e-01
6.905955338793153819e-01
5.217132031168124628e-01
8.283037468128695568e-01
9.000572010086692609e-01
5.541018240098936065e-01
5.903483120749327684e-01
9.620920378752082502e-01
9.152320349710065805e-01
9.918922781591341664e-01
8.527111018491654315e-01
8.555360252229025075e-01
7.654585818599621838e-01
7.676652245485370285e-01
5.824313780340579783e-01
9.625777278362198652e-01
7.793930697420907716e-01
9.251315410016636154e-01
7.684535545955569757e-01
6.599661094108705273e-01
6.250330326953698057e-01
4.988797093663264182e-01
9.326440572292743481e-01
7.027027866226844832e-01
4.958030165600472716e-01
8.656464702857112892e-01
9.712860803741830695e-01
9.215422092737319826e-01
5.199111667333543574e-01
8.061071467711760086e-01
5.694012314206827741e-01
5.640832205219521445e-01
5.357128313111239049e-01
7.857904119803985621e-01
7.431612129623489382e-01
5.184852755327884477e-01
7.166069415891397343e-01
9.865056678095047715e-01
8.598814125096163608e-01
5.556728616025414791e-01
8.900473831961521753e-01
7.495651114084938005e-01
9.115590761876014581e-01
7.689499244992454852e-01
8.914499310941683685e-01
6.143564331090317632e-01
7.232403610241465719e-01
4.886638625637034217e-01
4.749532711632956650e-01
9.462703878493083920e-01
5.368318882456628582e-01
7.211384243604519462e-01
7.269455138921741000e-01
8.643886413628728560e-01
4.455950771974632740e-01
9.830589882810316649e-01
6.920899727141425206e-01
7.861141580263037998e-01
5.824177334147048191e-01
6.144422035095102874e-01
9.827925186637719301e-01
8.841803123636068351e-01
8.736811678663459757e-01
6.678446417914978284e-01
6.540796704672239281e-01
6.344783118336709826e-01
6.331927657837421730e-01
9.808485521269698637e-01
6.295500668415165979e-01
6.226124475769529987e-01
8.546263181294317945e-01
8.915366231677274156e-01
7.557554073219532320e-01
8.243803796798313543e-01
9.098561051387237253e-01
5.954572703144646040e-01
6.646570053757185903e-01
6.403483218096428509e-01
9.433875091706348526e-01
9.573113963151417272e-01
8.824246071679854309e-01
7.244883297153572599e-01
8.438506635352811536e-01
6.421498472142872505e-01
9.744098771937317327e-01
9.656239428005432002e-01
8.800597796249038929e-01
6.427144844291581283e-01
9.563827466806125166e-01
6.200503879875616242e-01
4.501307682982952918e-01
6.112864986693917757e-01
5.465540810353655132e-01
9.804515592097233778e-01
7.526874914724184240e-01
5.085710830909023761e-01
5.763237622085991552e-01
7.962433325731088640e-01
9.873271356270972854e-01
6.249720937085566641e-01
9.353028159775604866e-01
6.523479804586678199e-01
7.114206368673188230e-01
6.017189146609839279e-01
8.929640811473394946e-01
7.641932264408783926e-01
8.271550559224635224e-01
8.692113708141635531e-01
6.355213537711189575e-01
5.501856768985071700e-01
8.036840138537421074e-01
4.882408808245928822e-01
6.794076805519559947e-01
7.896411345351391775e-01
6.788084733512292912e-01
5.971559091436268174e-01
6.292121025686755464e-01
5.300007034587003174e-01
7.521873796643052668e-01
9.970556834816177716e-01
9.722995211292123630e-01
9.132970286531766346e-01
9.850818930047050559e-01
6.134726624214320578e-01
8.080803718238547262e-01
6.499176975107149312e-01
8.864496331747684366e-01
7.953139429776190372e-01
8.051496689231312232e-01
9.383045531957392438e-01
8.811868040329122742e-01
8.057157211246170903e-01
3.408825420220199520e-01
6.076563473766635193e-01
8.345177763688973460e-01
8.461501879371577939e-01
5.509752556957321357e-01
4.642518319317729403e-01
6.127887201231063674e-01
8.604026102473429916e-01
9.990425230653344757e-01
6.169114693575359354e-01
6.305089405701689298e-01
8.554178217405128404e-01
6.058779437489337782e-01
9.090550120988699634e-01
9.686709498873191659e-01
9.539239151067647748e-01
9.403434565421497915e-01
7.281271581956348937e-01
9.294236629631468238e-01
4.849190247418220800e-01
5.958114034044024176e-01
5.981549129758126915e-01
4.133844622681751013e-01
4.944999728348777879e-01
9.774980862928281944e-01
3.667526165493529833e-01
6.685067877762836952e-01
9.458838637659077175e-01
5.020789747277863979e-01
9.615935139381728280e-01
7.702132454898268366e-01
9.778904888978569021e-01
6.813915318646216468e-01
8.728500459632284603e-01
8.012069781843609295e-01
5.926707137606455067e-01
9.249825085966509874e-01
5.977657145065569111e-01
7.139104699483647121e-01
6.852238391150269337e-01
8.221576489992286074e-01
7.333993836111544207e-01
7.251937887947567107e-01
5.145464716287371232e-01
8.772019592098887486e-01
6.453425479173814372e-01
7.982908546534510652e-01
6.529580715474824215e-01
8.384965332118419212e-01
5.732789057930579579e-01
7.755449803694700606e-01
8.075995525795420793e-01
7.005327116424016065e-01
7.908590739889520549e-01
4.857133957320860507e-01
4.249082689063490292e-01
9.012135587718811403e-01
6.708074649819872892e-01
9.220966021270412538e-01
6.920801007481384159e-01
6.384386625586911945e-01
6.757074241877906173e-01
8.592957190674863632e-01
8.818841677227645670e-01
7.399593709823963916e-01
8.726968728396056196e-01
7.290541061260885636e-01
7.125721392868121784e-01
7.468908882139881911e-01
7.101249312936702696e-01
8.737019787868273157e-01
8.986984345498038040e-01
9.463555874692993752e-01
6.409527000984235334e-01
7.442529016887432514e-01
5.906645241675630986e-01
5.041614436200442251e-01
8.186705526363148300e-01
6.773068070438592603e-01
7.207811998454703994e-01
7.621614602816829676e-01
6.208080842061899363e-01
6.983896617772648030e-01
8.124231816555876895e-01
5.167552810242054262e-01
7.040671102408007087e-01
5.041270049504669171e-01
7.789880678525510360e-01
9.350219084486947052e-01
8.340210012964422992e-01
5.862152773804868433e-01
7.311809973774108240e-01
4.401763039993654703e-01
6.655400400121564974e-01
9.643220742518477939e-01
4.596798126799854223e-01
9.271513048863825324e-01
7.387524697320341227e-01
4.279890023499275387e-01
8.607473476003986157e-01
9.587269578306752971e-01
8.585223538638202534e-01
7.536608726953445414e-01
5.458345745387565007e-01
8.407712801206148612e-01
6.456639176487148912e-01
6.016031738348575075e-01
6.550005274870569494e-01
5.781016250391308731e-01
8.970263589789809755e-01
5.106372957909308674e-01
8.030430671076723703e-01
9.068912919634458669e-01
6.925194682159815374e-01
6.433897505710988174e-01
6.459484145424251311e-01
6.950145713331309372e-01
6.462978511100038181e-01
6.974634773553596290e-01
7.243722629490696452e-01
7.864160954503323087e-01
7.005058691568646356e-01
6.827388896678212582e-01
7.408881803614491002e-01
5.686061086804042874e-01
6.577077427577862068e-01
7.530254112750586204e-01
9.681913486310527173e-01
4.405587842821990785e-01
7.882881671253778588e-01
6.005252509009472162e-01
5.337825015519326310e-01
6.262308342145345152e-01
5.615500514536999610e-01
5.439502254689426719e-01
7.578026429596478319e-01
8.504389239021796776e-01
8.015314900018095656e-01
6.804927136763306850e-01
8.047513252526102834e-01
7.706812707359772530e-01
8.160494273931437892e-01
6.991422663358778378e-01
8.187798284829347351e-01
9.590331034328093418e-01
9.113999759845867743e-01
6.158926844694067038e-01
7.772063969585912835e-01
4.936934647480874516e-01
7.646017673333392883e-01
5.950045555645134820e-01
8.638010522353781750e-01
6.768317155372155502e-01
7.393426270648155718e-01
6.381348520585683470e-01
8.170816400599931750e-01
8.649720020835639511e-01
4.462149303871188466e-01
8.512867503967760374e-01
8.688393960594247289e-01
8.030840317271288331e-01
7.286154370409964054e-01
8.293292666474634256e-01
8.513878903468534709e-01
7.952262384753964186e-01
8.355905073256610915e-01
6.497855477465407370e-01
6.694416604655596403e-01
5.531316047933413360e-01
4.442727970562522222e-01
9.388871069286665039e-01
9.477260955370411244e-01
7.627343053985544685e-01
5.715246273255830678e-01
7.422802432882540380e-01
6.089742984197523690e-01
9.299136455942820234e-01
7.898220456810916001e-01
6.821062856802815322e-01
6.538296151642468690e-01
5.676504821782921706e-01
7.556453681079058349e-01
7.032586571008747622e-01
6.716959667935173961e-01
9.229333152710387234e-01
7.357735192804578661e-01
7.543569889689175634e-01
5.452179336202532811e-01
7.195847249755756847e-01
6.268615521240606947e-01
4.678251481437801784e-01
5.095538007340281172e-01
6.297270559337236895e-01
9.718291626722899146e-01
7.065738930883942448e-01
9.891023988661002964e-01
7.873264025060162652e-01
5.965223915306936409e-01
6.654279212493804385e-01
5.181089021400834271e-01
9.117759689144054880e-01
6.875753126896900769e-01
7.266898276811006863e-01
7.196165582965772245e-01
6.965909929764777520e-01
4.244256150601979360e-01
8.608840891355595826e-01
4.906713513266269255e-01
4.938091249529429350e-01
7.719131216189774047e-01
5.012514591296755029e-01
7.385405812175721563e-01
4.988720344144929597e-01
5.722271777148753014e-01
7.924650618488200404e-01
9.527117027849584252e-01
9.696664293532111234e-01
7.191774378588111638e-01
8.230253989583923291e-01
7.417190894331068263e-01
4.264969816126500390e-01
5.725578919579047410e-01
5.578979498757591360e-01
7.148642296991952749e-01
8.449571557372839159e-01
9.804173295178705283e-01
9.094210887845003422e-01
7.160894107435228362e-01
6.213401315352562460e-01
5.192516826646719208e-01
6.494430171697238574e-01
8.131226090497799541e-01
6.889246374564630404e-01
7.864284985082203860e-01
6.404584441153995389e-01
8.273262629179453098e-01
7.171083979487210547e-01
6.440706479497401160e-01
9.898747847890424501e-01
6.094464409253018689e-01
9.751908059213828528e-01
6.101142010742336419e-01
5.291676633485891124e-01
8.800459474023860640e-01
9.461806831365663362e-01
7.790967108686026599e-01
7.151602374766771186e-01
9.917484909311932162e-01
7.330119037115458980e-01
8.877273054882027781e-01
8.779838506574791923e-01
7.482107123312236041e-01
8.382023735852016655e-01
6.902522589582887891e-01
5.187041420269012937e-01
3.316697038293934252e-01
4.389191489069320662e-01
6.665482623341578705e-01
6.840803889402925497e-01
6.904248366467080622e-01
8.711039345448126081e-01
4.990338637864320526e-01
9.604140883514480365e-01
4.807552201227238697e-01
6.691839378383240833e-01
8.602443256387245496e-01
8.307871899645474789e-01
6.112720006989497135e-01
9.812463189261899643e-01
8.036547592222249570e-01
8.609287731409713817e-01
6.733026351273492249e-01
5.962034172319090608e-01
4.447561191164791095e-01
9.818034434126334808e-01
5.661476845936307400e-01
9.900424629787744069e-01
5.470582765507384648e-01
9.839393479076637972e-01
8.455166354763106185e-01
8.148557065438148950e-01
5.442652013735725935e-01
7.102918887034268547e-01
6.508547902189931733e-01
8.508166129608177863e-01
7.272405193086327602e-01
7.500003988415731015e-01
3.854643653155082061e-01
7.638978694297614558e-01
6.927405159656179201e-01
5.783047081977377157e-01
9.169125135884986788e-01
8.767030372878993338e-01
9.593141796245681086e-01
5.234850457206963181e-01
7.438752159962499499e-01
8.551122715808487929e-01
7.112290963809131394e-01
9.913344719217120904e-01
4.536141622143664009e-01
6.658481980277678458e-01
7.915047440344757934e-01
5.119173602679275570e-01
9.391059952845471903e-01
7.486324427239162693e-01
6.490929449607439894e-01
6.809967864456704101e-01
5.278158161263706294e-01
9.161685350053926369e-01
8.147938089193306199e-01
9.859942621024565534e-01
9.264807599026548823e-01
6.995641967287695717e-01
5.331680749575400391e-01
4.963824311409610890e-01
9.901895441408852250e-01
7.119033296458896487e-01
5.164042191836515361e-01
5.101723050158716299e-01
9.213996796246471943e-01
6.552080231358040630e-01
5.880085802320699218e-01
9.987044321337880115e-01
8.165598283319035477e-01
8.288507090762408103e-01
8.889748397959640336e-01
9.761634241610834817e-01
5.876078643964854908e-01
6.705422445609231508e-01
9.402349862067863606e-01
6.936520147419459326e-01
5.757003011787911184e-01
9.677658545311665916e-01
9.865432410140331232e-01
7.601293282831093068e-01
7.262979841560520677e-01
6.077492776328533575e-01
5.849404267189565187e-01
7.327386537365316865e-01
5.459164872429099757e-01
5.117632299199964541e-01
8.300946193697714692e-01
6.844539072020284776e-01
9.053670494775254429e-01
6.932015174980281635e-01
7.207155412742147771e-01
7.845545437718678405e-01
9.021915405756678608e-01
7.871101930953045001e-01
4.839052191769207534e-01
9.630306917014812562e-01
8.755370268606904594e-01
9.852270263684537177e-01
4.613312411302143978e-01
5.119767174224576500e-01
9.853935471094944498e-01
4.939597303622201285e-01
7.053355838713050163e-01
6.366109635120857924e-01
9.752591180734898613e-01
9.876612357151365318e-01
4.381387146907195218e-01
4.307091012440726896e-01
7.144313649999706195e-01
7.399419350732728828e-01
7.620884554545501732e-01
7.372963040846933769e-01
7.058580175944593194e-01
8.781264680261519073e-01
6.957051599922237095e-01
4.260527050273660299e-01
8.434514725224294684e-01
6.494878789230073002e-01
9.444426175061518824e-01
8.338043497827944961e-01
6.329934941869630460e-01
8.084055671052903236e-01
6.158284900223693903e-01
5.898203250320867008e-01
6.324112989529447892e-01
8.706814759643914936e-01
8.439633062692718513e-01
8.833540622058958514e-01
6.113134270188087527e-01
7.165006962192457252e-01
6.863517548639888055e-01
5.686470662365827877e-01
5.536828663764949976e-01
6.287646734279767058e-01
7.687752898712735261e-01
5.898787804703818916e-01
8.132472910320087678e-01
9.625382287366059941e-01
8.892515114469311532e-01
6.592922140151323829e-01
6.494337451369538439e-01
6.725597751792502521e-01
9.720459843935260746e-01
4.206766270280771769e-01
7.763660594226539091e-01
9.296664977070715485e-01
7.185959430449310181e-01
9.172288236046821641e-01
5.701036934718388682e-01
9.018299883475534573e-01
9.023003568923786410e-01
8.044258688391799916e-01
9.944416017987972589e-01
7.062662527990094530e-01
4.418722631680782609e-01
6.063818536313100305e-01
8.175680736453695419e-01
5.454444182655328044e-01
4.287381548715359370e-01
7.625546203302664416e-01
8.756680956477611577e-01
6.559007646848799000e-01
5.864746696408016380e-01
5.561513404430362684e-01
8.569968187778819191e-01
5.585062603957630101e-01
9.520279265878920372e-01
4.755017569100772334e-01
9.514660217227213224e-01
7.841134065433419398e-01
7.069961678124839777e-01
9.827537720883143813e-01
8.882191790085729455e-01
8.565386705544503210e-01
4.842584041738794975e-01
6.190415691620870797e-01
6.421389487843680577e-01
8.738660027619301607e-01
4.898529711866520531e-01
7.595703450139714707e-01
9.779826717994286600e-01
8.340041136092112284e-01
9.855350422805443378e-01
8.847560166941084159e-01
4.744824490533581240e-01
9.950344268314867957e-01
5.594793846385034408e-01
6.549565593698147836e-01
9.743618593878236034e-01
8.057021839471568692e-01
6.982666392656946552e-01
4.488822365646589763e-01
4.190474549337723786e-01
5.291841855244380222e-01
7.472532512867341437e-01
5.601343768787545585e-01
7.090035794299586192e-01
8.493990473209342973e-01
4.502507951157259658e-01
4.711239056931028069e-01
7.700229463914743944e-01
4.953810766339119542e-01
7.163885872820927592e-01
9.013329907879942260e-01
6.364067002449349530e-01
6.348302543908663775e-01
5.270034800572540590e-01
6.471965541951892886e-01
9.848612385065736996e-01
5.609566844793865137e-01
9.783096280789067567e-01
5.963118113901656470e-01
9.631287079096190196e-01
9.381651134009879600e-01
8.635529737082163759e-01
7.376907373069534479e-01
5.784018642304662450e-01
8.315428454509823375e-01
9.594130940739311608e-01
8.620722398356800431e-01
9.145347586652377014e-01
9.003066408051534353e-01
9.860355554150060930e-01
5.010138257980893961e-01
7.663495800303868899e-01
6.823608925541039261e-01
7.259282923860581604e-01
9.938016328985099790e-01
7.256860943037657385e-01
8.252441914009324142e-01
6.464194251018077209e-01
7.829707198459152639e-01
9.430822096275609523e-01
8.921906901375720178e-01
7.935691670522641017e-01
5.881730194466247008e-01
8.690333111085660756e-01
7.175467746212521591e-01
6.782904306206579692e-01
5.205573173779500795e-01
9.894041075270211261e-01
6.454060685246205686e-01
7.353693849579391317e-01
7.297328892179932858e-01
6.582780222297482942e-01
6.169611798075931297e-01
4.480462563082672767e-01
8.983258041007334826e-01
9.274174651602902220e-01
8.293857292598884046e-01
9.049612316614948915e-01
6.018301960523138039e-01
8.212437826499742188e-01
5.426164740115204665e-01
8.290288514095525141e-01
7.437577147116577470e-01
4.664658438212609948e-01
5.863097839318801574e-01
7.829640179056089888e-01
9.896572618630177232e-01
7.750060480471622215e-01
8.790769709183444691e-01
8.431854934763145515e-01
5.140706274362037975e-01
8.501337301908293842e-01
8.847603304837019511e-01
6.102581994552721545e-01
4.461810425147386128e-01
6.469346448405919325e-01
7.350898088329895774e-01
5.167899957897160723e-01
8.315181325312378524e-01
7.886616305850895348e-01
8.271194612122901857e-01
7.158673549299174876e-01
9.102761351194663675e-01
5.092185258371166867e-01
8.884952058745553272e-01
9.679787361098007858e-01
8.662384943512850821e-01
4.333412218073213196e-01
4.719798106890151224e-01
6.074913011548146446e-01
5.526497647267152313e-01
6.585505599672983879e-01
7.048535830485268550e-01
8.808967698903542587e-01
5.459852297993280645e-01
6.409919240889604408e-01
8.619764266270629749e-01
4.320039489596316229e-01
7.577253152009213455e-01
7.727458575087533532e-01
6.149084957517528816e-01
9.663149431035704673e-01
8.069134329717267962e-01
9.085153709282746126e-01
6.960446834293304574e-01
4.646261943920960147e-01
5.206813249470215732e-01
7.221440056106597227e-01
7.518928631597464607e-01
7.304728556141182327e-01
6.172072628543113781e-01
5.908494938539515795e-01
4.116032986236287106e-01
6.677666723818097561e-01
9.189704476034991076e-01
7.619288867619014027e-01
8.969841295901651579e-01
7.130139985578862749e-01
9.545730376133847450e-01
6.334251130695597309e-01
8.149204148684744409e-01
7.801392286314635660e-01
7.764942587413875552e-01
6.871977590433786531e-01
6.862027228880229757e-01
7.507818242414272536e-01
4.339381629041749733e-01
7.225384501614128263e-01
7.987222672685452274e-01
8.228138343124539178e-01
8.275483216713525048e-01
6.683736318792387054e-01
8.486027493199397309e-01
7.382215196353555386e-01
7.154158716350436098e-01
3.706794613502796265e-01
7.233563559712746782e-01
7.866239626909261595e-01
4.354115330426026609e-01
6.979674962816568851e-01
9.644465745320125460e-01
3.691631975455171299e-01
9.767985338731501876e-01
7.662280899603852724e-01
6.041232478444736875e-01
9.306621028114623329e-01
6.066367048114892357e-01
9.177659601638815667e-01
9.682673973119902966e-01
7.731559082665718785e-01
4.758217378977996903e-01
8.662076351948750919e-01
8.205484047978600648e-01
6.207513307776987288e-01
8.375042473463583104e-01
7.008995327924351093e-01
8.326095264577537680e-01
6.158212018713336011e-01
6.464622904158828787e-01
6.183454730059201321e-01
7.457055022828390500e-01
9.213416154066873531e-01
9.141906463271006755e-01
7.936008989382081769e-01
9.341315268908135794e-01
7.099967663515232008e-01
8.500593400972843439e-01
8.552843922358740469e-01
8.912080933434946006e-01
6.834358726785847438e-01
7.597075861622237802e-01
8.156305802486635281e-01
4.650863254191029417e-01
7.260922065106224510e-01
8.168727889757974037e-01
5.948329229447106847e-01
7.296889210916411850e-01
5.316772177702563384e-01
5.224952824655486605e-01
7.323900320193311719e-01
7.541006111030053027e-01
7.667487465064957153e-01
6.726166373578399416e-01
7.283766994720544119e-01
7.510404100075730449e-01
9.256637586111272631e-01
4.338480845991212753e-01
5.283264310332320690e-01
9.913095030916917461e-01
8.047978066307345246e-01
8.200777656021548401e-01
7.717428297406050408e-01
7.219501362281356416e-01
7.692192642516326728e-01
6.151807059985709980e-01
6.009643389949244074e-01
5.483080934021761221e-01
8.424873547028948195e-01
8.306184114194042900e-01
8.748188923567676856e-01
9.696882487126236017e-01
8.624649506708655933e-01
4.126303669516074857e-01
8.859227024637668091e-01
5.102213117821704502e-01
6.061102051058777640e-01
6.157133821686507913e-01
7.890264352348795862e-01
9.702432323591511087e-01
7.550289664083236207e-01
5.862962636375691483e-01
4.933434876501047173e-01
7.162729583818207013e-01
5.170635454199158376e-01
5.882812419545011551e-01
6.642401438148575199e-01
9.397804807228675728e-01
9.070959672624044901e-01
6.683764140439946155e-01
6.152747757852284893e-01
6.923000759694921680e-01
8.159162380395679204e-01
6.266819604805173860e-01
7.279138858668532386e-01
4.600106474446145066e-01
9.938349943845401491e-01
5.160741463600191370e-01
9.380025118940256146e-01
9.560562077545244897e-01
6.432510788708980520e-01
5.115386042622567242e-01
5.369259497911762491e-01
5.297771979253552699e-01
6.274824482136853732e-01
6.046895824937937869e-01
6.555432725919915216e-01
6.848749507796438873e-01
6.917260860112841581e-01
9.027256682808338928e-01
5.674988818637919374e-01
9.049641118986203603e-01
6.757680410287285611e-01
7.864405417225664996e-01
9.054140430690308383e-01
7.903033588501465756e-01
9.471092413279283972e-01
7.864962570737035197e-01
6.757420993534167808e-01
8.157254459549370118e-01
5.715413334201790985e-01
5.725355040184000321e-01
9.439715229246544714e-01
9.432386359936179021e-01
6.215411864595511426e-01
6.932225807904277559e-01
9.304496339877741384e-01
6.565095517643301237e-01
9.747902405444360818e-01
7.468936620330469678e-01
7.209893148578088162e-01
6.398777611881796279e-01
6.174034625356902284e-01
7.142512510380931712e-01
6.892906882978476757e-01
7.970203555414270280e-01
6.481751235960486746e-01
6.813623389239960026e-01
7.006969352044365440e-01
6.661619085342761482e-01
4.711521869504560756e-01
7.992208610284496917e-01
9.117055744853332921e-01
6.381186056704112319e-01
5.524858517390567325e-01
8.761693088432656040e-01
7.702103852046617849e-01
6.991118436110453915e-01
8.726142892939385831e-01
6.514350480253366937e-01
6.425088145006526696e-01
4.970200893752705906e-01
8.137790839786490649e-01
8.131310899190558050e-01
7.067351347946343454e-01
7.173464525210806464e-01
9.255744876168899848e-01
8.276636017368624865e-01
9.534492026906912221e-01
6.592693230843469365e-01
5.374409279856109389e-01
7.525737589235699243e-01
8.876594674549731501e-01
7.205072932676837016e-01
6.665378189918341745e-01
4.713961224546721063e-01
7.046465650889680576e-01
4.126484644731563955e-01
6.588937634003443344e-01
7.555196157381243172e-01
7.409998302414763094e-01
6.918939962264114563e-01
6.292395180200909266e-01
9.610124356235451026e-01
7.376359128158671563e-01
7.923349369353563931e-01
8.981376232883307997e-01
7.946773729005719433e-01
6.084643821843953582e-01
8.427366613509601478e-01
6.501372876641530185e-01
7.292085652816563401e-01
6.792340292531469093e-01
7.500614036717228039e-01
4.562958773347622898e-01
4.704745166147061841e-01
7.617877423300660755e-01
9.091582096074872776e-01
7.313536969992742165e-01
8.192772749983254776e-01
5.902113525013432671e-01
9.739668252385529357e-01
9.546956072094806567e-01
6.635997194136117328e-01
5.569766018102999539e-01
6.298210275141800096e-01
4.613403428102810788e-01
8.446779479227499721e-01
7.724076399080787025e-01
7.346898850210960008e-01
5.512960669091120369e-01
5.466335112163669407e-01
7.943409110929795514e-01
9.682281207469329853e-01
6.970659998994768181e-01
9.374474280005777871e-01
6.959642509356432916e-01
7.723737804924600825e-01
9.717111830476262702e-01
9.066737415339044537e-01
6.814744937751482379e-01
7.290613974737104597e-01
7.042405940735145808e-01
4.874177962408247633e-01
9.897168854915511238e-01
6.719399939426803359e-01
8.482793878000520760e-01
5.695175531029454952e-01
7.122601345158301456e-01
7.936324691495788564e-01
5.838592902676342788e-01
4.636995895998118344e-01
5.945675721902892175e-01
3.866146295980792957e-01
5.625692757277356293e-01
6.987311823500903518e-01
7.609749967344442423e-01
3.957487632667828215e-01
8.152788139511049081e-01
5.596740649536848800e-01
8.065126062047854871e-01
7.163073517990957706e-01
7.285610685354372285e-01
6.044376421162395152e-01
6.129108190298491188e-01
6.703136848145274662e-01
7.551158850293547831e-01
8.548975428935478016e-01
9.686364629767291179e-01
7.232484812138095798e-01
7.369947575907326298e-01
8.187537338294063050e-01
6.751526773697184014e-01
9.553823783032908690e-01
5.542653326431415950e-01
6.524116929000473020e-01
6.146676892662535918e-01
6.115569348831525476e-01
4.733808102831916775e-01
7.207875018308855797e-01
7.783920848783871804e-01
8.051471343911266176e-01
8.878505464298387384e-01
8.155476741586835665e-01
5.976899000817802454e-01
6.883932980494931186e-01
7.600881210038161750e-01
5.206501104769514221e-01
5.890573970708367080e-01
9.280187137740445458e-01
7.642749070803178668e-01
8.981560472629800396e-01
7.220828288802748629e-01
9.590605264489050485e-01
7.854434061386977861e-01
9.527848140506723906e-01
6.658857847733460344e-01
9.762307216662540199e-01
6.230182415986801336e-01
8.566771568792996838e-01
9.938290838560246421e-01
5.681321306404703009e-01
7.051912804327435946e-01
4.963804744227079402e-01
7.086468466010871214e-01
6.360896384398946335e-01
7.977071626790873671e-01
5.568515110677082491e-01
9.043682090814147978e-01
5.490935086535038145e-01
8.117215672960278461e-01
5.065496769071422545e-01
7.715578787656656168e-01
7.065049180675869733e-01
8.035503050232281064e-01
5.274355465771135565e-01
9.469997460630292796e-01
6.757933470046304514e-01
7.850586847529339440e-01
6.021679575072858004e-01
5.818440315335238200e-01
9.128992026187124909e-01
5.510927973893847698e-01
8.646562880597709055e-01
5.576918363498755138e-01
8.223551075209862837e-01
5.947743952495927466e-01
7.469107322977873720e-01
7.535136550014402967e-01
8.276867266029156456e-01
9.593540229387894636e-01
9.210414208267365677e-01
6.519292790438189211e-01
6.563565143367879884e-01
8.306313225173765913e-01
5.547301945540281665e-01
7.335650732460675671e-01
9.172682689336747464e-01
8.406444060090517700e-01
5.781991245455202488e-01
7.996419013556641531e-01
6.685226378735947828e-01
7.015961086247595180e-01
6.121692467938584237e-01
9.196000314081508309e-01
6.406751993742372253e-01
7.584700375205046807e-01
8.617381196039768376e-01
6.486201674736938871e-01
5.898090684857191235e-01
8.521439055603632351e-01
8.369273751189285626e-01
5.436159490612024747e-01
5.544145500037681584e-01
7.142654231673025711e-01
9.390226196603526088e-01
4.692542847207499812e-01
5.942604052522079128e-01
6.200378901304258727e-01
5.036387249651486098e-01
8.618540808427473943e-01
7.138034056512656544e-01
5.750534151915125403e-01
5.373792628194198340e-01
8.949263836545330308e-01
7.003539309539775770e-01
5.447159579839327970e-01
6.314439891274359340e-01
6.585335321276418741e-01
7.251896044571131128e-01
9.148565970509351386e-01
5.115263352117408457e-01
3.573946069567046080e-01
9.057794390763691528e-01
8.728816757336697041e-01
5.880282491322538219e-01
6.099021833305463547e-01
9.704208256466626548e-01
9.479332114394912745e-01
9.247531838024203310e-01
9.605384570137959210e-01
9.795739798775106033e-01
5.218296022421495817e-01
7.912958514245215236e-01
7.503094795541790374e-01
4.113735842963879841e-01
6.763573573050429832e-01
9.376171870033787048e-01
4.791198138695655362e-01
9.512250041985057525e-01
5.707678048974779150e-01
7.921340336265431104e-01
7.998875571609627144e-01
9.019591010729873792e-01
7.748385867102556279e-01
3.644205628935337504e-01
7.952409955169886802e-01
7.092013553874302323e-01
4.956985150048261457e-01
9.429813576444029399e-01
8.828879956867027312e-01
5.497905093644095409e-01
5.512157780963921061e-01
8.805003695134758779e-01
7.750349949136444705e-01
7.544397588363018770e-01
7.753905296191467844e-01
5.117797493482179050e-01
5.017153560097415976e-01
8.279224156456150840e-01
6.033953621721726002e-01
9.984953945527559327e-01
6.744880186411119638e-01
5.584388900506365161e-01
7.566488200681639187e-01
5.345911188402402425e-01
7.289139425633230918e-01
9.213718415610419044e-01
7.479395229621625951e-01
8.796957428847586025e-01
8.995306811812323611e-01
9.704089212209960902e-01
9.374966356763669850e-01
4.810924677570669328e-01
6.472238442315505491e-01
7.647375644885934243e-01
5.246790740732539815e-01
6.549997584952775842e-01
4.940173913763434288e-01
7.597902457976603019e-01
5.671995779108994773e-01
5.033820033699405450e-01
7.967732085719246848e-01
5.641539268417063990e-01
8.836516802507543566e-01
7.272657077978464946e-01
7.718024627985174968e-01
9.353203594369932095e-01
7.323535808923625767e-01
4.356437509774970795e-01
6.581972962321133158e-01
5.766192370104240572e-01
7.589363745507013981e-01
6.065632248986961850e-01
6.402791943200577540e-01
7.001317688011112761e-01
7.328368535009365248e-01
5.608550133590209930e-01
9.808721127811036444e-01
6.813616294252059502e-01
8.446875157074813512e-01
8.541925510875393313e-01
7.699800026229841610e-01
6.413073338589063699e-01
9.812386067529971223e-01
9.903215835602384720e-01
5.516781716761466337e-01
5.802156610960422789e-01
5.561786982857492845e-01
9.297797530520811593e-01
8.432586034110357565e-01
5.738977107070138972e-01
7.063837187840890097e-01
7.351197195725195366e-01
7.759294975917125914e-01
9.820481838650481077e-01
5.112025395135324501e-01
7.865731788150318593e-01
7.597335190558118789e-01
8.284630449426660936e-01
8.429429022282806105e-01
8.076400486712730364e-01
7.898339675267058713e-01
6.652727767233423961e-01
7.140777990243727391e-01
6.165472530875196755e-01
9.888139057390346043e-01
3.522521511377337822e-01
8.764330154056019229e-01
8.855065373570640830e-01
6.759071417165609663e-01
5.746807432908722646e-01
6.816614481458519448e-01
5.536875217380424763e-01
7.392916541824787746e-01
4.847003200284246693e-01
6.120708007171993259e-01
5.314809687288652995e-01
5.071011484486125376e-01
5.456002447634854535e-01
9.944439520490125917e-01
6.300633401852654414e-01
7.162667937664716211e-01
6.320196222481327952e-01
7.689816689479754830e-01
9.253027236353239537e-01
9.702417348397952557e-01
9.493156838842484735e-01
9.121554697164372394e-01
7.892380385692331357e-01
9.189767504734713821e-01
7.896425519933002457e-01
8.664131745647357663e-01
4.999791646662347655e-01
4.905663997086249228e-01
8.079349102464272736e-01
7.552117067543957507e-01
7.210625125020990733e-01
9.619504378798188204e-01
8.254999042959834110e-01
6.625477345624892767e-01
7.550356424359100371e-01
6.792940201494774843e-01
7.666420234376611909e-01
7.859346808079046287e-01
8.566073902417239427e-01
8.001226687597375875e-01
9.148404548718405138e-01
9.872412586538908963e-01
7.414298793250331254e-01
5.652345316136111464e-01
7.949939755988117973e-01
5.790738986550776346e-01
8.913566137043421600e-01
9.792537069710939290e-01
6.141560935284750000e-01
9.493300867662792797e-01
7.108950520795624950e-01
9.060317848803147722e-01
8.560444798088280294e-01
8.159223866799248936e-01
9.223449483813417338e-01
5.050452140119016109e-01
5.366946692181276957e-01
6.005069658454106341e-01
9.136546359057944322e-01
6.431711851495511834e-01
9.293827548193240862e-01
5.935423779912915032e-01
9.933003227590941897e-01
7.721375779210201129e-01
8.580726156563961426e-01
5.403531531539730315e-01
7.336155212277394311e-01
7.862233358860796217e-01
9.612359785794085676e-01
9.060577857123388590e-01
6.216913696442096793e-01
8.550115574585878120e-01
5.181140293027269861e-01
5.727440195669643019e-01
5.149046981815930124e-01
9.259114088589605052e-01
6.637247032396654811e-01
5.532207017784060987e-01
7.505822214590047725e-01
5.637149335391018479e-01
4.969256014162321544e-01
8.506120108241964628e-01
9.902453658774056366e-01
7.509459406178652374e-01
8.734917556501038405e-01
9.878718956487910763e-01
6.810487767257068503e-01
9.602280788177954829e-01
9.592584198239554327e-01
8.070050206353210909e-01
7.522239418362199892e-01
7.144345850648986529e-01
6.530964965656550492e-01
5.368502351431128083e-01
4.526202471756026191e-01
6.443946271284315408e-01
9.071979206749206659e-01
7.474190102144481207e-01
9.561579053767416125e-01
4.980230779841209876e-01
7.274594893897782244e-01
6.876569786856220334e-01
6.726886704405872219e-01
9.445542928407102412e-01
5.774515941557156751e-01
4.997681216449610941e-01
8.455041872284542182e-01
7.428185097709220086e-01
5.128288063207239178e-01
9.244146643407308295e-01
9.615935006816036523e-01
6.298737073081386306e-01
7.924007002014591405e-01
8.005030637246576264e-01
7.943776099915602629e-01
9.427443217434118283e-01
8.256527193117110253e-01
6.038924723476024603e-01
6.802869007260542444e-01
9.496755442015386572e-01
4.155494359842668572e-01
7.888816867314757397e-01
6.462301402007873952e-01
7.433137443250638077e-01
7.751707988652327685e-01
6.746919875281928158e-01
7.774943418801574246e-01
3.712274967249301061e-01
8.649908823699234972e-01
9.229936535037009948e-01
8.260015644512962441e-01
8.541755543954471230e-01
7.437297090795350618e-01
8.052520036260069070e-01
6.320486811986523179e-01
7.152473090732206495e-01
7.779475585082292755e-01
7.089901376426618329e-01
8.548728082769733172e-01
7.394950767439634198e-01
8.037885841598694237e-01
9.845762525708021684e-01
8.531104195267953383e-01
6.784894612906506861e-01
8.826755708245475063e-01
7.134616454737818803e-01
6.826346158927075747e-01
5.714867017734750476e-01
5.672445039393656518e-01
8.954646125933783951e-01
7.090978040233218982e-01
5.202984628350906249e-01
9.565869991286266583e-01
5.170498249283971282e-01
7.827732562716740450e-01
7.006684331022019485e-01
9.439198381567514007e-01
4.979316476411406178e-01
5.407183447721352065e-01
8.208919864779451459e-01
5.300616567081148922e-01
5.066563737133817913e-01
7.263839454697956777e-01
8.016094523467243160e-01
9.770302124796326204e-01
7.044498511780370453e-01
6.020357899593964390e-01
9.251507620111378838e-01
6.948930390130354517e-01
9.526450825521729504e-01
5.708252099626860421e-01
9.055038923088982727e-01
4.685610098412048563e-01
8.769159020410328687e-01
5.098864780950599362e-01
5.473299793653637613e-01
9.179406233020728223e-01
8.179859334979543428e-01
6.193368119996863763e-01
5.084268175943542634e-01
6.411438473641271063e-01
5.184034723493062824e-01
6.018380162855235804e-01
7.744498475444165919e-01
7.176226047766145477e-01
5.506003048350514018e-01
8.815548748360279019e-01
8.314962421778644419e-01
8.794820146127170224e-01
8.200010116668918769e-01
9.820996976875020490e-01
6.197025020990142297e-01
8.993810266325948932e-01
8.763339960439300302e-01
9.133299401284966645e-01
6.129799260453716592e-01
4.703827847430540610e-01
8.410661990411100186e-01
7.706848208708618753e-01
6.517637368892762462e-01
3.812879357461007590e-01
8.100015823065758180e-01
8.646451190942597842e-01
9.224897312849190678e-01
9.588064104340680016e-01
6.335507699780466018e-01
8.090495067110796690e-01
9.815246104580602760e-01
9.773022032775771084e-01
6.279774184183303243e-01
5.886695862812328928e-01
6.836818965738994391e-01
8.423644204285650749e-01
6.134690150441868273e-01
6.572320828500636258e-01
9.839107492073654315e-01
8.313737615115472934e-01
9.489723779354153343e-01
6.368600292568643573e-01
6.459463465982324681e-01
7.956504371624443239e-01
8.722380405480606447e-01
9.809687545965596334e-01
6.862853827606486545e-01
9.132623278370313180e-01
6.176042070824878660e-01
8.624288221289204692e-01
9.989850164336944172e-01
8.258651226671168688e-01
8.722078423034119732e-01
9.048703211256363677e-01
5.959457141874270336e-01
8.016793935848962604e-01
5.013815447666034597e-01
5.750301026794816250e-01
7.659247339542261113e-01
7.407070778911886144e-01
4.252560081564014105e-01
6.286886138072251828e-01
7.445439480314788305e-01
4.529616969172748919e-01
7.318738892201196444e-01
5.283896349603046660e-01
6.201592156229304154e-01
4.666248116789655787e-01
4.949710510177888767e-01
8.715180570768675805e-01
4.666987938524639334e-01
7.351651255771413096e-01
3.882606137336003238e-01
6.567356358252094406e-01
7.836523357465929873e-01
6.532843129277494665e-01
6.424760341055759660e-01
4.280586221206336695e-01
9.062324999510156243e-01
7.167711391299128598e-01
6.138749079223879690e-01
9.858364580923353326e-01
5.945218750976206668e-01
7.766301374305092375e-01
6.938234539665917300e-01
8.373263530689090128e-01
5.641658762664923943e-01
5.727775513127939533e-01
8.688458730888556358e-01
8.170374948791879754e-01
9.196540471411006612e-01
6.607250837037434987e-01
7.208441559400902143e-01
9.804715439536758614e-01
8.898629598298641863e-01
7.671015443555355695e-01
6.094008696077737319e-01
9.625784739593394868e-01
5.896636065816425187e-01
6.388317866113309984e-01
5.503952981994071347e-01
4.491184265292718081e-01
9.595142945249107713e-01
5.429000396529408690e-01
7.653393361064628753e-01
7.642482759872856191e-01
5.710787297475866664e-01
6.375108640536947258e-01
7.942037318311654381e-01
6.428009071179855427e-01
6.107446041273087989e-01
5.956222225625533717e-01
8.580864844632295485e-01
6.181215673263215082e-01
6.497171854581988981e-01
5.205701385271294113e-01
4.177271749907861542e-01
5.325351755807677945e-01
9.499490851429654992e-01
6.522626400633934063e-01
6.635536808905554418e-01
9.984661697302925631e-01
6.324953482532713611e-01
7.148745001716237946e-01
8.370513460413611107e-01
8.166406307623929051e-01
5.485892078097277524e-01
8.264646324034237157e-01
5.905558930072630774e-01
6.134568072800099525e-01
6.019160488384330820e-01
6.589705980320961221e-01
5.598962268186514768e-01
6.001159819796280104e-01
7.365927239211991218e-01
7.709389030232060014e-01
9.239281917023727253e-01
6.354819858146447675e-01
8.374209678665810452e-01
9.917854372022391063e-01
9.275175809127205184e-01
4.447730832525098044e-01
5.451203311873352719e-01
4.462374323514701757e-01
6.283696305741870436e-01
9.668158917898083127e-01
4.824447917565461430e-01
6.066344631870085324e-01
7.280252860331289932e-01
8.938803403293311689e-01
9.173137771627744019e-01
7.808221928639104137e-01
4.752440480376336485e-01
6.776910771885192863e-01
6.512859792626078947e-01
8.093011025087234467e-01
7.341461030149484257e-01
6.833924845915176904e-01
6.993181880904154601e-01
6.715266883230899264e-01
7.511234493238789778e-01
9.113615762704631029e-01
7.675009339653569018e-01
4.887399445927633757e-01
5.294088808735391005e-01
4.398503590258092677e-01
6.341436856039255332e-01
7.330672458928865209e-01
8.110933084424342132e-01
9.235223664792834297e-01
7.495525395830821003e-01
9.695318361347396996e-01
8.602590501735269957e-01
5.035760184662536609e-01
8.695995481735732113e-01
8.216306705450052705e-01
9.565680402932513759e-01
8.590596818208893204e-01
9.922910746380414482e-01
4.799741233075774938e-01
7.840591085277184291e-01
8.302365894560924664e-01
5.122810183724763045e-01
4.154086953061255638e-01
6.542530469055601872e-01
7.600858276776005784e-01
6.406681708943652298e-01
4.865783799478881066e-01
4.777312124603451671e-01
6.681796994954959379e-01
4.919202106543282826e-01
7.636421556065983163e-01
6.964285249603383576e-01
5.999422422602035398e-01
7.803917445252548379e-01
5.491252657949924343e-01
8.418377899157067912e-01
6.290068105631656525e-01
9.399102905154284038e-01
5.584803201629922054e-01
5.226482338556028839e-01
6.061654024406524233e-01
7.378891107001539496e-01
5.620856859773396552e-01
9.006468067741096872e-01
9.768538433805115107e-01
7.016637712173541264e-01
8.041875863118158607e-01
7.284210854901902454e-01
9.214254567241749738e-01
9.335967257198872771e-01
7.553056016754302604e-01
9.426030149919806256e-01
6.637777500201225145e-01
7.756289683794100887e-01
6.968181012014071918e-01
5.832970499008948151e-01
6.677834405011802144e-01
7.054565104919024998e-01
8.530509143671183292e-01
9.874584352887236793e-01
9.894788878772518004e-01
6.006706760092033193e-01
8.712647648246280019e-01
6.962743485588692716e-01
6.103803517371437781e-01
8.328174612179590763e-01
9.614356150609634222e-01
7.271587610855055894e-01
7.448011606477056290e-01
6.586650975077934511e-01
8.986856662825856157e-01
9.930929178182050787e-01
5.457845752048854360e-01
7.194142456944340180e-01
9.878040148604548820e-01
5.602517579687527061e-01
5.228442853187785788e-01
6.747407652799346511e-01
5.557116677847424580e-01
7.676319365661591343e-01
4.311463078950553141e-01
8.495343601797901156e-01
8.186709854734349756e-01
8.186381573405013823e-01
9.725553904143502404e-01
9.968133649150775488e-01
5.546605238414284988e-01
8.929866445683024567e-01
7.579897003175639636e-01
7.921631517482687901e-01
3.811947057671059014e-01
6.167389098241207179e-01
9.641848832751402920e-01
7.273327071715058878e-01
6.826464986081967057e-01
6.593103851417034811e-01
5.743407665966087094e-01
7.114218735632046320e-01
8.555813790365043303e-01
7.602673564256866579e-01
9.685064306984813021e-01
7.679664395865795079e-01
4.748483816969108484e-01
4.693365311883738178e-01
7.914935536367685431e-01
8.628593962895567682e-01
4.958941369881834649e-01
6.030912403777602959e-01
7.850993572222401129e-01
9.939777996171571539e-01
8.841164786490864902e-01
7.933168573269564483e-01
8.797841024368164842e-01
6.481084691656205932e-01
5.773289608167857523e-01
4.690924638526596802e-01
8.512627880640047939e-01
8.968351961142171369e-01
3.598772394175026035e-01
9.541798368929460539e-01
7.608365222500718117e-01
5.130296330159012097e-01
8.961127607132276518e-01
7.983584229651196074e-01
8.319908120367599524e-01
7.980326363144728541e-01
6.835805810290838114e-01
8.675745671085957067e-01
4.860950053730835330e-01
5.839012073972705830e-01
4.848332934627400115e-01
4.598805955880549412e-01
9.157095112191460107e-01
6.328553622747803420e-01
7.951636997709569110e-01
9.745339189442592254e-01
7.391526362284998042e-01
6.540640721817837511e-01
8.400027590788705645e-01
8.466255908105680961e-01
6.886828922248370288e-01
6.420719384406387009e-01
5.830529890898079604e-01
9.575215881165829446e-01
5.303794486976487477e-01
6.333005381893999086e-01
6.960385811485337859e-01
8.876285475301713968e-01
6.163160384427098792e-01
9.183627622225623011e-01
8.568118783799266724e-01
9.516668913018121456e-01
6.032741953964074755e-01
7.653857738497272800e-01
5.329393838167449937e-01
6.076060766111565092e-01
8.366879958778199455e-01
7.894006496968438702e-01
7.581739441055416195e-01
8.077615921017949896e-01
4.603924207770434540e-01
4.851164412058047715e-01
6.623223574519763179e-01
9.073009463084531490e-01
8.851289291532393744e-01
5.990258522298834709e-01
5.836748804454066075e-01
8.936914053399691582e-01
8.137397616454226101e-01
9.179333302493720703e-01
8.182870661238663690e-01
8.475835171317754879e-01
8.760683854458899411e-01
8.311768287352487850e-01
7.409638189179525991e-01
8.133835664201144455e-01
7.730892012767249799e-01
7.247796363928029617e-01
8.207194329848185310e-01
9.217280231435651672e-01
7.803760827181099868e-01
9.650042265059157742e-01
7.178211043216224940e-01
8.275675628246426108e-01
7.023935200025831493e-01
6.594044940934692400e-01
7.315366456767020686e-01
4.861892301892957180e-01
5.930195844392858184e-01
5.271405830286627348e-01
6.137498196658178751e-01
6.819128248494924494e-01
7.805298212982892947e-01
6.039954213464222565e-01
9.573564775261365067e-01
7.141983206945240470e-01
3.651239832135830810e-01
6.527652597622985997e-01
7.010165828803663901e-01
7.861393976131625383e-01
4.506358555395000853e-01
9.218424969334741981e-01
5.451056606433796192e-01
4.665414074212561601e-01
6.370118583909122334e-01
5.988278258678958466e-01
5.392532643486315225e-01
9.244309138897398581e-01
6.415320275661748894e-01
5.707094188924605183e-01
6.112740186128687858e-01
9.316374961115491127e-01
8.404302338030129604e-01
9.091571113805955173e-01
5.291613174436229361e-01
7.678388484954238313e-01
7.391438136689109095e-01
5.499779472665209390e-01
9.135944803194320230e-01
5.781412984215732465e-01
7.612500852003382112e-01
6.052981621635789011e-01
8.249027113006469625e-01
9.524925096793270818e-01
4.985601147240052988e-01
5.949621555784186944e-01
6.897650846581169226e-01
9.413649286313590103e-01
4.017720079077664597e-01
9.074136774052424803e-01
4.972366930994949752e-01
7.722391815228116796e-01
9.423003656191080157e-01
6.971761170234890281e-01
9.716339074979930546e-01
9.318415061276718037e-01
5.294737565370727372e-01
7.725158703433320229e-01
5.915034770959767263e-01
7.079553515799057450e-01
6.371911502534145511e-01
8.028280499815547699e-01
9.115265206777157792e-01
5.930428903780168293e-01
6.283128109381020954e-01
8.498463852976039234e-01
4.527564402263312138e-01
9.299743130212216879e-01
7.397478807782386090e-01
8.950696650209641891e-01
6.829791844030936865e-01
6.573778119546423993e-01
7.753392082708158162e-01
6.550476773183222523e-01
7.550337420277276612e-01
6.642991891268682503e-01
8.799178537393005373e-01
6.352160691914844337e-01
8.911154578505339208e-01
5.398183526010104094e-01
6.458479698523333923e-01
7.107155030290814857e-01
7.889341217965162301e-01
9.771668067332682783e-01
6.465455953599912320e-01
6.524483848220560267e-01
7.455828803881380251e-01
6.392300391993521735e-01
7.583650414542311147e-01
8.156957860402317406e-01
9.728579690085118470e-01
9.282687001388538750e-01
7.936426663348926658e-01
9.161758833928443924e-01
9.372664880012522293e-01
8.031614562085618303e-01
6.543524518860848183e-01
8.483040621439259521e-01
9.748610045242729338e-01
7.816254970902787313e-01
4.596223071976414665e-01
8.160575892459026592e-01
7.575152974806386164e-01
9.903549759330680935e-01
4.827572122846827685e-01
5.167922666427297029e-01
6.645679471883454426e-01
9.360500653131171855e-01
9.093741830130077641e-01
6.184767455370703271e-01
8.048799153603700685e-01
7.648185543962028321e-01
7.450258174781778653e-01
9.291356126197451992e-01
8.418294298429507272e-01
4.805938382489753913e-01
6.571786090297617733e-01
9.657935238727952676e-01
5.233051790572519346e-01
6.953836928710049881e-01
9.150138217336550861e-01
4.768440311049486624e-01
9.312657189985095174e-01
6.972477263172610629e-01
7.914534137123998558e-01
9.051192772188707547e-01
5.629308903143175336e-01
6.675088764556611487e-01
6.740698268810871863e-01
4.999769158675754777e-01
9.361355474101431540e-01
7.714480125274452149e-01
5.104654986751129275e-01
6.323271176486835454e-01
5.879686636256020726e-01
6.603984282520791727e-01
7.066836499568276420e-01
7.547184354755617219e-01
5.889184867202713614e-01
4.105133947577768727e-01
8.427879997189999806e-01
9.937105086254111042e-01
7.598314636871712491e-01
8.299438146216540080e-01
5.114393815950426525e-01
7.896182601075067975e-01
6.117713489138594252e-01
8.063080007119761694e-01
8.610325829380574003e-01
7.184259184354845340e-01
9.764097107330942382e-01
8.321136186600399665e-01
7.012271218227210667e-01
7.328534791576165608e-01
5.984782228484639699e-01
4.503979433219562067e-01
7.445144498725670967e-01
7.234825969446979643e-01
5.827270986354974314e-01
8.667585432401482270e-01
8.584743783875704581e-01
6.266436586283976595e-01
5.372203333898329936e-01
5.348166563595088130e-01
8.676929980093163186e-01
7.833558407527018153e-01
7.715808900128812153e-01
3.589085212353989029e-01
4.951644553741919585e-01
8.978255103909642543e-01
5.456693419563033443e-01
5.997653712559832817e-01
9.886217347943038192e-01
9.626922356662100944e-01
9.626585249588796023e-01
6.852714683014806685e-01
8.965747402164533364e-01
9.454154719548731878e-01
9.627882987805427284e-01
3.813299409916368621e-01
7.221602677029965722e-01
5.958012453218383131e-01
7.066042620852084344e-01
9.736222998484345137e-01
8.731234408531940439e-01
6.787542244002467973e-01
7.129898259387464909e-01
5.113599911222829197e-01
7.934202472228543135e-01
8.543177029230825115e-01
7.638365028564815251e-01
7.814592254969587870e-01
5.022563728712415854e-01
6.588291598330756615e-01
7.938599792911864572e-01
9.326786674825944257e-01
7.359857618064030715e-01
4.881795851490560723e-01
9.223030493287994735e-01
9.839030351813625730e-01
4.216952063624876956e-01
8.485142380911433468e-01
6.235876502252670761e-01
6.486638901618104747e-01
7.742912136683484103e-01
9.142821648841165105e-01
8.364951344312061554e-01
9.328069194474184478e-01
6.601846666719769496e-01
7.867179993065822607e-01
7.294653043349844657e-01
8.878110171338734480e-01
9.584742601845498422e-01
4.537046173686003492e-01
8.115422804182393923e-01
7.209113595061318325e-01
7.867320505842354539e-01
8.903749061115888708e-01
9.347201472677214573e-01
5.709445051464827614e-01
6.743723709693608681e-01
4.394062221562675674e-01
7.939333788601586894e-01
7.538188446420990285e-01
9.147395079973630327e-01
8.871154169771365838e-01
5.746553138156461626e-01
8.408010712007903953e-01
5.139173627031763392e-01
9.331482618932794848e-01
8.648302060637909072e-01
8.363517578154882059e-01
9.659406391073058762e-01
7.820861265871311696e-01
9.296469634482500410e-01
6.934680236905337303e-01
8.094489898421978191e-01
9.796499566215864929e-01
6.401869472723549226e-01
9.788012276341009343e-01
5.657318850507775387e-01
7.164486845803761383e-01
7.190677965610068334e-01
6.085867241537706862e-01
6.856997374632169961e-01
6.880151821328083228e-01
7.078901889505980760e-01
5.478490289394666313e-01
4.546895274522057551e-01
8.351360989040350624e-01
5.564975510011659354e-01
8.817484806040564171e-01
3.342696328170843834e-01
5.809351698400583297e-01
8.008441658659462004e-01
7.377001143979841080e-01
9.113643024755380129e-01
7.945199420873644280e-01
8.038637104983784587e-01
7.752978678955088077e-01
5.823920560388529122e-01
5.896287371276853762e-01
8.310772130733053986e-01
6.455798199571385343e-01
9.513652459045505161e-01
8.836688751859789193e-01
8.932216417490193017e-01
9.515699117321361200e-01
7.767911322448765032e-01
6.609501584828409992e-01
9.962508745443908742e-01
5.233250225838487202e-01
9.674279669290801742e-01
7.819790702105213764e-01
8.073980749569351634e-01
9.755947347780207224e-01
9.138943312744707281e-01
7.437239568157559821e-01
7.982633621104677779e-01
6.370852425516421169e-01
6.087998577727988803e-01
9.356868083333447217e-01
7.592760514492084001e-01
8.694672284771550741e-01
6.259925825546411859e-01
4.550752598564424267e-01
4.764673108540508628e-01
5.881075119133462037e-01
6.263839273869088453e-01
9.839474084845031276e-01
5.962232613202027576e-01
8.934963917830334168e-01
5.327955821476930698e-01
7.822407240192492672e-01
8.735565993054180689e-01
6.532134478504560970e-01
6.673495797755319980e-01
7.759934911102692734e-01
7.754239461700355163e-01
6.972488387608641869e-01
6.317337926876186449e-01
5.537422089225746413e-01
6.726496681743835415e-01
7.524427305335508187e-01
8.748531038070319621e-01
9.022689065624998062e-01
7.940560423269956702e-01
7.711550967843713300e-01
3.394062635977949105e-01
8.980536372961662739e-01
7.422819992666198630e-01
8.408580418266092815e-01
6.216220945536412579e-01
6.360209054002803342e-01
6.510358433366146835e-01
5.811640975059799707e-01
3.944218252611976783e-01
5.263819417689394875e-01
7.960043294154875992e-01
7.501423136099222289e-01
6.033314111543848224e-01
5.657463241660745101e-01
5.119019133809804556e-01
5.544702423871921138e-01
6.108120584713890855e-01
9.716483356477523259e-01
9.542881800666693781e-01
8.104768129360541140e-01
9.761424837643734032e-01
8.721990773542808162e-01
8.460313912046190099e-01
9.257573987630171031e-01
8.721073412997171204e-01
7.110657358499485881e-01
9.703965033315486988e-01
9.179143357025023597e-01
7.763460473213582569e-01
8.601017347969578397e-01
8.544743908182551584e-01
7.422942012008594270e-01
9.287224906582772777e-01
3.943307411016512276e-01
7.004621429916234598e-01
7.664699438266033837e-01
5.634780198903935888e-01
6.440032299007820704e-01
8.072004407599926434e-01
6.398036831863502805e-01
7.030315398357342982e-01
7.731681345579695108e-01
6.902860279706658497e-01
9.583463791436395152e-01
8.768709051907901397e-01
7.545125210655014847e-01
9.564682438920905083e-01
9.273667427966170163e-01
8.126691263825475131e-01
5.438792840941675255e-01
4.671594377019538391e-01
4.616567014609419539e-01
9.462370215404704021e-01
6.591378704171373393e-01
7.309715752008612011e-01
7.876814701934615748e-01
7.322724865066734257e-01
6.807620284923396881e-01
4.642396772373000302e-01
9.125237925726586985e-01
4.146590028331307853e-01
6.920691796209064162e-01
6.696402275382028479e-01
5.903881253540391727e-01
8.959043955415811888e-01
5.657520094565314794e-01
6.207219861126560545e-01
6.343494175335234742e-01
7.866103903754277926e-01
5.334280868606326997e-01
8.279640462901236564e-01
6.863995919019603154e-01
8.610254011768926352e-01
7.057869482115036730e-01
9.474148362023402381e-01
7.757465943299075573e-01
9.575013870904609536e-01
4.487955085850882653e-01
7.352999733843105234e-01
3.796740583069171393e-01
5.525089331117691849e-01
7.352291565749375923e-01
9.112659402444635015e-01
7.440124138326736913e-01
7.947217894591120935e-01
7.443318514398183927e-01
7.208948358892023345e-01
7.236170952543324875e-01
7.950748171286076138e-01
9.260316809357720391e-01
7.925059116172051832e-01
5.783874656715047857e-01
7.735680739051188359e-01
6.690197165121881673e-01
8.036746145015196685e-01
6.809710793464361922e-01
7.718167599904028897e-01
5.299474502928765984e-01
9.152574982321812769e-01
6.463533848342435384e-01
7.217923958721536026e-01
6.343143598236278269e-01
8.757118740249506539e-01
5.792383416394759621e-01
6.801726703680833763e-01
9.196577306039277477e-01
9.109326371987818138e-01
6.728724095177590625e-01
6.907054097078888510e-01
4.548466345936142963e-01
8.929179853127319211e-01
8.585072107165491184e-01
8.309657401388546027e-01
8.362400445656299475e-01
7.139385868618525199e-01
5.134833508465469487e-01
4.886850573077660687e-01
8.534500895814147725e-01
7.217457836084508749e-01
7.907569575277594298e-01
5.045380104257934928e-01
7.014123228722074499e-01
6.183399031858127781e-01
7.808090068379632820e-01
7.344732017560682280e-01
5.803400013854275175e-01
8.456140741743617406e-01
7.238807791913393075e-01
9.068378696886501000e-01
5.975476047531175228e-01
7.983472505386357554e-01
8.698390785291794103e-01
8.986218782986795661e-01
8.065275572562120576e-01
6.420383672459398783e-01
5.947685100458470764e-01
6.528141330143711896e-01
9.428196786477210933e-01
8.181024718202184465e-01
7.475101331699351981e-01
9.943148231720061458e-01
6.960442419439420991e-01
7.832829577495110662e-01
7.648354624932419688e-01
7.643100851075160795e-01
6.626980245278405457e-01
6.777777967483944455e-01
8.307676202827821710e-01
9.044594783012298578e-01
8.605249595597056489e-01
9.339326148860629395e-01
7.715615456062996369e-01
7.837044162049214835e-01
6.856283748730300776e-01
7.921316400302601535e-01
7.076155354623850924e-01
5.552931023068674588e-01
8.888274657045819316e-01
7.049256621931366817e-01
4.510332246656518218e-01
9.227364542298459593e-01
7.844411202336329936e-01
7.566047332519890700e-01
8.347644054659941748e-01
4.934824018954978020e-01
5.146885417723326972e-01
5.392216808619025858e-01
8.456644497289659279e-01
9.446674940305258561e-01
4.850434817099357199e-01
8.298908875818520325e-01
8.656682075887314198e-01
9.609098537454879851e-01
8.787198256594855872e-01
6.857454101725858342e-01
7.120463703047652526e-01
5.398685847599870025e-01
7.273476145050624675e-01
9.967761363242323425e-01
6.142728941292003864e-01
7.033981058994533964e-01
8.827904870193851172e-01
7.248806406546518533e-01
9.809369940333623195e-01
6.425337713679514229e-01
4.201766968920982448e-01
9.571133317623427006e-01
7.718309054629950428e-01
7.637365705935938998e-01
5.780077343639999921e-01
8.511481739639870092e-01
8.727405077020149449e-01
6.540867882442459313e-01
5.502767810984737773e-01
5.936072349058911790e-01
6.992846613790402177e-01
5.617974797953867450e-01
4.964147552790122986e-01
7.107097672837339175e-01
6.540972631465663545e-01
6.404462706756111068e-01
9.291944177309231501e-01
7.469778429782042428e-01
4.542450452897739410e-01
9.951114571051147273e-01
4.737106423021665846e-01
6.223049529483554165e-01
5.654453696676270402e-01
6.900512070663319397e-01
9.753445259975805914e-01
5.491012033922634261e-01
6.916390071089605351e-01
8.527946971672956122e-01
6.405518811427203252e-01
9.127450702957474737e-01
6.800784833692750109e-01
6.028761290211513968e-01
6.541369925919908734e-01
9.676671274588254379e-01
6.322183799583265262e-01
6.034675925391135287e-01
6.355141714261189900e-01
8.812058293876620096e-01
9.351520481155618514e-01
8.182249933320451252e-01
6.111245256628350386e-01
7.090865195043603020e-01
6.046513481667411538e-01
7.814925706993810506e-01
5.396375948447489357e-01
9.046360967174171819e-01
7.279167099647172456e-01
3.927647295541680794e-01
7.874895525623720749e-01
9.625939762664489363e-01
9.527685018775648995e-01
6.823675705063664276e-01
7.038841186017381624e-01
9.953015539892564600e-01
9.100257601683645614e-01
7.225114218322296056e-01
9.187418460455647473e-01
6.772339311610824364e-01
5.567471627644053900e-01
5.685461921161774068e-01
6.654879195060288133e-01
9.732041177846638691e-01
9.594765554881581338e-01
8.449141901704223523e-01
6.720577543878243354e-01
8.201256534400287457e-01
5.639167430086530208e-01
5.904861084702724972e-01
8.564066624798529759e-01
9.205572107094437406e-01
4.331723502078404509e-01
8.148049404344333002e-01
9.796253280257737339e-01
5.412398946519922927e-01
4.220420550931007209e-01
6.594134395682851313e-01
9.778540429982707227e-01
5.574595939154919355e-01
7.019252996522065136e-01
9.115314971531788268e-01
8.390640354734021367e-01
6.610062594432051242e-01
7.315997326987110361e-01
6.745016320942694987e-01
9.816059610845291328e-01
9.362514383587305922e-01
5.663270750842022139e-01
5.795439228389714925e-01
7.130434969475217821e-01
8.392806168162765257e-01
7.341224905657548483e-01
8.533291521197673424e-01
7.617321050789845893e-01
6.289719961534478987e-01
7.663752299726525052e-01
8.657404456151602812e-01
6.934902093492831820e-01
9.303375824200026400e-01
5.037851350791096028e-01
8.490286170586917036e-01
5.072217603079914872e-01
7.439404789431628418e-01
8.951304305001217543e-01
9.316939267354903409e-01
5.696216990511830947e-01
7.747233861972792068e-01
7.470310700436106899e-01
7.105418848818398914e-01
8.372244821235144130e-01
5.557669906467800347e-01
9.662028450497178733e-01
7.870449121475372456e-01
5.022665678289847113e-01
9.730988045255299923e-01
7.168508929467617419e-01
7.441992346518273571e-01
6.219770186732807016e-01
8.259567578095469154e-01
6.268127994587556762e-01
9.672570370778118543e-01
6.873344480309447890e-01
9.291695595672943009e-01
8.042262835836637702e-01
4.133530508454904551e-01
8.094825330313409895e-01
6.580668752688574319e-01
7.216751881606863206e-01
5.529309283832533062e-01
7.720047906412716987e-01
5.492972698405577114e-01
7.852082270551872245e-01
9.036408637315471726e-01
6.152022213360334169e-01
8.658476834841548619e-01
8.956370793249193163e-01
7.279629266481012495e-01
4.671987223076771167e-01
6.485988301632702457e-01
7.822570535834812988e-01
6.843612808284667004e-01
8.894385585325453869e-01
7.136105302554917040e-01
6.521251075058619451e-01
6.583437275375605413e-01
7.896064150380741609e-01
9.707082462461034122e-01
4.389575624583514357e-01
4.005040140584479880e-01
5.065128020048593749e-01
6.046644185462413112e-01
5.149782689245857581e-01
5.783505001622151198e-01
9.144040407760926081e-01
5.665023994902552706e-01
8.322670344718430258e-01
9.938350276378075110e-01
8.813433664262967371e-01
6.283622820263399245e-01
8.337446154057143177e-01
8.382902845373593204e-01
6.368332640122528199e-01
7.665366310110808268e-01
5.484142831406279006e-01
5.738811125832726789e-01
8.212741548639120870e-01
5.139009325246721716e-01
7.609047506456945165e-01
4.764321486611083900e-01
7.629450014239920197e-01
4.872085676873501581e-01
8.447557995204310055e-01
7.609270444490147112e-01
6.901514132184878303e-01
8.326919180920049346e-01
6.220913326743972016e-01
6.536959166292353185e-01
7.436750518957467859e-01
7.321745785815106933e-01
6.648185361849523467e-01
6.304153729581201127e-01
9.034796443810985123e-01
5.574263424498528963e-01
9.684426291411001309e-01
9.131763536527955916e-01
6.684372692272928518e-01
9.311903427480078266e-01
8.987189234186082620e-01
6.159680282787328709e-01
5.554376881930743748e-01
9.459473473699951951e-01
9.042023657366885514e-01
4.068236597146662747e-01
7.614440271880305033e-01
7.480249494806279209e-01
5.945762056615673252e-01
4.261590239829166626e-01
8.791191979042564109e-01
7.569063360325426482e-01
5.583140429160531326e-01
6.655708313296562206e-01
8.388205562181666464e-01
9.629957281029051241e-01
7.511259529479918928e-01
8.375823808168806339e-01
8.343555520586805052e-01
8.001474493409230782e-01
5.704609121729470322e-01
4.394184373076933103e-01
8.177626637432640067e-01
6.834679749747580857e-01
8.573160089128158967e-01
9.668936634262887964e-01
4.194220974572007155e-01
8.448053531977669506e-01
7.342967562144121496e-01
9.656337203050945339e-01
6.483530811024256213e-01
6.452529356147383988e-01
7.215206807349408002e-01
6.392180454121160205e-01
6.935022011373277451e-01
7.512139096909535851e-01
5.209555785819879326e-01
9.477949575242445857e-01
4.458778979241899698e-01
4.183509929663046245e-01
5.601003608885535279e-01
5.519432566596500500e-01
6.830555542047219708e-01
8.049102469854010344e-01
8.349650888407421645e-01
9.664111447992984605e-01
5.561953890605801920e-01
8.437363457662382382e-01
9.712303007317532044e-01
6.834873445697676742e-01
4.844854774637565864e-01
5.979761535327580146e-01
8.735814847295215735e-01
9.961309315782209683e-01
6.477402965071383800e-01
5.739444247494962514e-01
7.369020580613236948e-01
6.311712744861289748e-01
4.684570290199666642e-01
9.885506944892165082e-01
6.338040440820819077e-01
4.714313170667239206e-01
8.776574970493867811e-01
5.269415288935839214e-01
4.658615359003705492e-01
5.322307796401394286e-01
8.986260070141428580e-01
5.423313603032575703e-01
8.538907603694572135e-01
5.004593696383669021e-01
7.455353267411558571e-01
8.216814266771051978e-01
9.615889363951640734e-01
5.352532100873079735e-01
6.129989228466996565e-01
7.090278496929902641e-01
5.417985967643099698e-01
8.311745808997468288e-01
4.612849082565118608e-01
9.728690204141816622e-01
6.845472482689145544e-01
8.144587200741154609e-01
6.072543336176302597e-01
6.926166017052397539e-01
5.710452309353010181e-01
4.971275344339022850e-01
8.078247445389049597e-01
6.214699959239723404e-01
6.529683590791152126e-01
4.505415165925792942e-01
6.817120123442051982e-01
9.005675167918624213e-01
9.063501658596573307e-01
9.735963734005430581e-01
6.773247408116630508e-01
9.853633063735999231e-01
6.809893914758898825e-01
9.195248395374977513e-01
8.336760330342605219e-01
5.395163896851079555e-01
7.221620793093569413e-01
4.407730057966203208e-01
6.432929562319290584e-01
5.688923910185299526e-01
9.597013751625238509e-01
8.511740281444426515e-01
5.172345760222014643e-01
7.182410045147064048e-01
6.655283796556215048e-01
8.639748918279706036e-01
6.940028252965615430e-01
6.933654373340715216e-01
4.422702277329806364e-01
7.332044127825241286e-01
9.288813299375398014e-01
5.411422824500469186e-01
9.110346505303632547e-01
6.495645009312380758e-01
7.091776663551320192e-01
5.433539781611628205e-01
9.075363801922902152e-01
7.308966196525024106e-01
6.742605031369323099e-01
7.841419464377961113e-01
8.520763076763759880e-01
5.544135850534895882e-01
6.301246906305205675e-01
7.808631884910748333e-01
7.841497529656392684e-01
6.533449209283673786e-01
8.158561246061409866e-01
6.360204970019565085e-01
6.583482135599099117e-01
6.126094046810870442e-01
5.090610778784898649e-01
7.313681913143924573e-01
7.744676419041075510e-01
5.767887895427130651e-01
5.125760519418741668e-01
4.816983495569013840e-01
7.121960484042745287e-01
7.962605943353686655e-01
4.789361632564108073e-01
6.839185977736756961e-01
8.252986295309753251e-01
9.372187485549687835e-01
7.864322954221101281e-01
6.782332141288811567e-01
4.796810126577718547e-01
7.205626992290103949e-01
6.414776654999806427e-01
8.593884949387596839e-01
9.290048209391149614e-01
7.239989767729446690e-01
7.035389686380306706e-01
4.908762152345509944e-01
8.109246777056562383e-01
4.940420875104843401e-01
9.874666652823256285e-01
9.555611723443226957e-01
6.853883086195894370e-01
4.808783284665700264e-01
5.683288881316810315e-01
6.698894462641860059e-01
8.184365028703848299e-01
7.440187251662853107e-01
9.166943613797797763e-01
9.266422171902604088e-01
9.804320670108016555e-01
9.908295653810295089e-01
8.907882644691107465e-01
6.935018990646916182e-01
4.753404067625952578e-01
7.380580096957289893e-01
6.535184862291103514e-01
4.538523138055536865e-01
7.091331073508472249e-01
8.769802119513366856e-01
5.419300951871297567e-01
6.366132222592590928e-01
5.343998846315147766e-01
8.339947374738574393e-01
6.263338175607566782e-01
5.246993445164348513e-01
9.551651821820184018e-01
7.912272155673876206e-01
6.329219660264262526e-01
4.791542163328520454e-01
5.775550107293274671e-01
6.904852745217882060e-01
3.701119460127655914e-01
9.338255753347163290e-01
8.095048268424501758e-01
9.506652632049634732e-01
7.010330509414079980e-01
6.190354489316034492e-01
8.965100330163574549e-01
7.798028461332472405e-01
7.055352203524253296e-01
6.842470317287518977e-01
4.871208510591527596e-01
8.406867772610352452e-01
7.898370322235089835e-01
7.831243501108623439e-01
8.312251091573049644e-01
3.514854727501283693e-01
6.907546552925474259e-01
9.807041442766158967e-01
7.906544068235894507e-01
5.614860265679811890e-01
5.399773725385589307e-01
9.558534571025034676e-01
4.619237123534945533e-01
6.928905886228132749e-01
8.983264831218332747e-01
6.760975954499549578e-01
5.199532390421482964e-01
5.958536409476470341e-01
7.562691861480864697e-01
7.218751952717283871e-01
6.539696659099566434e-01
9.624128656204864463e-01
6.586540123292725646e-01
5.830750155273732860e-01
8.269423800104909184e-01
7.817578879707948181e-01
7.810981780848703648e-01
6.987487844642920054e-01
5.172313366682744773e-01
7.535938774625891012e-01
9.180619429755546568e-01
9.035879586678756681e-01
5.393972985574781998e-01
5.515810769459659202e-01
7.404552669125937792e-01
6.985292241908160893e-01
9.662864330851805850e-01
7.995657461638369101e-01
9.783711235711154419e-01
9.782899146450487748e-01
9.215117818593504539e-01
5.492084585507375216e-01
6.726397108857214979e-01
9.266302387202015600e-01
5.893074464273547752e-01
8.001394248472678550e-01
8.126631434881419480e-01
6.399305751072112969e-01
9.308013232536630488e-01
8.938791263849120705e-01
8.101714320045386719e-01
9.354067877140235243e-01
6.909002040441988290e-01
6.641061746469268945e-01
9.403418251270125872e-01
5.429976717981621626e-01
7.026524392040326417e-01
6.815228107233594068e-01
6.531445555652672930e-01
8.367114910373256720e-01
7.872183841936666315e-01
9.884609037222091832e-01
7.671317201751071124e-01
8.708153309385500140e-01
6.080221176605593580e-01
5.165978961730143260e-01
5.320885586076615770e-01
8.289635171168410199e-01
6.911419243723085915e-01
7.010280053684081469e-01
6.015238318844893239e-01
6.922415251027405070e-01
7.718108633458337087e-01
6.798477134299150126e-01
9.305150336923351251e-01
4.660854751963896536e-01
4.290754361019531449e-01
6.924289244744323835e-01
4.441926520977372284e-01
8.658712398747255845e-01
4.605327397503081732e-01
8.662120835678255304e-01
9.344681393010866310e-01
5.525947442913905494e-01
4.457300798856849156e-01
5.847888598957260431e-01
7.496405052950559922e-01
9.901363584640878734e-01
8.208401369711613160e-01
9.112361296362705421e-01
5.623579550256685433e-01
9.455105736501608904e-01
6.857318808174022173e-01
9.959914899161896873e-01
6.360310345655308950e-01
6.823291804415327899e-01
8.403094559781435491e-01
9.393435430390976171e-01
5.489807391186950492e-01
5.316774480127094415e-01
8.286030856955508561e-01
9.249525444555565246e-01
8.990803834704871322e-01
4.228474572134216514e-01
5.430366759426811241e-01
5.985956732507881073e-01
8.702737877697456215e-01
9.501777024853841347e-01
7.267291963399105104e-01
8.559502411512867059e-01
7.232369097870910979e-01
6.826291012324043894e-01
7.465533411302941458e-01
6.622485800570189207e-01
6.585924205669163589e-01
9.503301774961711024e-01
7.119214002537536112e-01
6.598583838567898541e-01
9.213482547705726944e-01
4.800396767663082653e-01
7.163334633512907779e-01
6.728211285038248057e-01
6.514022401642876048e-01
7.420828842956772586e-01
8.570169429301363051e-01
8.088846927290544997e-01
4.352013278134258534e-01
7.258951722227805492e-01
4.153177541227638936e-01
6.685339296935975950e-01
6.462325450426389395e-01
6.325698855358455885e-01
6.980308759295295040e-01
9.290915485670095952e-01
9.790788476804614948e-01
7.378191949599919308e-01
9.134930935361470494e-01
6.743697262807633042e-01
7.323538754860032807e-01
7.371212246017923020e-01
7.717657592581973480e-01
4.261693508438420541e-01
6.069155334831705106e-01
6.019014363205139606e-01
6.820741766056673816e-01
7.680085330586250425e-01
9.247300848077306679e-01
7.035622618680240636e-01
9.817531505185489449e-01
6.021635179361692902e-01
7.983547497271196169e-01
6.314022475461509298e-01
6.011351986038920847e-01
6.400837823053769915e-01
3.919932190455204801e-01
7.482049875165043273e-01
