cos_theta_jn
-9.500960797658973833e-01
-8.833532507649872745e-01
-7.442351500590351776e-01
-6.203000511313730425e-02
-9.309134716559154255e-01
-9.640577135752779192e-01
-9.217756803601244719e-01
-2.886646956489428706e-01
-8.627539018530440140e-01
-5.776928074314007233e-01
-9.715788236109820231e-01
-2.867714740669330409e-01
-7.571824507034027318e-01
-5.478176393588678472e-01
-7.064862319151961056e-01
-7.198568672052192419e-01
-9.968518890963384838e-01
-5.631920561390082458e-01
-9.698624060658995738e-01
-9.594202768289041838e-01
-7.676565317141244016e-01
-9.824916767482002600e-01
-8.175818084561805588e-01
-9.622790804875869242e-01
-9.245545257923429849e-01
-7.188446793495237852e-01
-8.244181534429390057e-01
-8.870120611370231334e-01
-8.090222449759406631e-01
-9.885826970686145687e-01
-8.776347371914945406e-01
-6.211836709471574292e-01
-8.282720411935975413e-01
-1.490509872289728643e-01
-7.374468993932238314e-01
-9.478968308359660977e-01
-8.467204030613494359e-01
-9.605014952267046935e-01
-7.358179832336922965e-01
-9.064393762366427243e-01
-7.913330334572984404e-01
-8.970821425775072910e-01
-9.302463554029554160e-01
-9.699356575774209510e-01
-9.646684476740187142e-01
-9.208092047950856562e-01
-9.914249073416533387e-01
-8.977960406900662438e-01
-9.838569751780923411e-01
-9.347294307642149969e-01
-5.038578851463593189e-01
-7.395782822739760398e-01
-9.309975365286965454e-01
-8.053409830743363251e-01
-9.800353898109478434e-01
-8.851755482274453746e-01
-8.325582849457245915e-01
-6.088714865630243667e-01
-6.759376239011336551e-01
-9.079274892002938691e-01
-9.773904232034460460e-01
-8.240327750895317660e-01
-9.649834279627824696e-01
-4.326103462826269008e-01
-2.503952963672203547e-01
-9.094274394323740296e-01
-9.009040004658661616e-01
-5.475369051208128779e-01
-7.147568613206114474e-01
-8.815242126398956657e-01
-8.865855268150808488e-01
-9.018307842444610589e-01
2.478849017328530746e-01
-7.930425098038478282e-01
-9.412521108575443440e-01
-3.376226748871764549e-01
-3.610380006885967608e-01
-8.358065473416423918e-01
-6.757085734863653714e-01
-7.755496839083172445e-01
-8.966051570728132969e-01
-9.658622940587477945e-01
-6.808275379591564036e-01
-9.126655923753350663e-01
-9.890506589798722104e-01
-9.125527835908062713e-01
-9.838573614273229406e-01
-6.156162613472389022e-01
-5.863296230521459762e-01
-7.329274506787168963e-01
-5.964788218366655626e-01
-4.031366638508295241e-01
-9.936447158565573368e-01
-6.282719500925281197e-01
-9.734107845893426036e-01
-8.683188646596374793e-01
-7.725718955310088010e-01
-8.303680033350770984e-01
-3.071906861287697632e-01
-8.215728667754472747e-01
-2.455806916777736326e-01
-5.252012117294851956e-01
-9.630055602423898131e-01
1.737691555514054020e-01
-9.576098082706128167e-01
-7.552222334322010733e-01
-4.276181294095607321e-01
-8.804760503875337374e-01
-8.522461551188893480e-01
-3.630217425148788424e-01
-9.302742011690937618e-01
-6.105735331805673960e-01
-8.437106530285838346e-01
-9.995174674375459922e-01
-9.563739127141572816e-01
-9.190523978350203516e-01
-7.686561545111080251e-01
-7.075997971588667834e-01
-9.026401159538592900e-01
-7.875248506927748915e-01
-9.500258131386238869e-01
-1.862145097941823590e-01
-7.550909434174712942e-01
-9.699093477864114687e-01
-7.694638922643554091e-01
-5.286157572057846865e-01
-9.815382203426541441e-01
-8.813220523511574589e-01
-6.676672431606597291e-01
-8.095068314065162474e-01
-9.940802618665089962e-01
-8.778849366312059255e-01
-8.545713537426518069e-01
-7.587026333956411461e-01
-9.565094836664419509e-01
-6.221217111643574382e-01
-9.065026529125772559e-01
-8.401616865060789197e-01
-6.190349154914395191e-01
-9.300067611471827256e-01
-6.866743025190910066e-01
-5.571232551931267762e-01
-6.104487336369088801e-01
-8.116301145475158796e-01
-6.298794844075750188e-01
-7.899522268458301077e-01
-7.901184304939591341e-01
-3.560226390182740230e-01
-8.124096389140142982e-01
-9.093822621283272900e-01
-9.038919011838372208e-01
-9.901913357987305320e-01
-9.634069734342495250e-01
-1.516428804218389326e-01
-6.057327899014425254e-01
-9.404310275105647321e-01
-7.511473118901685897e-01
-6.409391421458497939e-01
-4.378746289365387234e-01
-8.053075053655480708e-01
-9.690755668945764123e-01
-7.128343230603091385e-01
-8.701099910219598499e-01
-9.291637419948384213e-01
-5.764995258787753984e-01
-8.356858719455554363e-01
-8.818540203145821543e-01
-8.933545902877774170e-01
-8.138707486849563466e-01
-8.720338256312022418e-01
-8.607940249639752794e-01
-8.452026445401197297e-01
-8.667062301623265075e-01
-7.982140388388485608e-01
-7.497255316279701765e-01
-8.520135682226708251e-01
-8.710514530640711683e-01
-8.970875769224792018e-01
-7.735514743561282547e-01
-8.873011978995802851e-01
-7.102007458832165776e-01
-2.762594743073714110e-01
-7.504881431802494784e-01
-5.152000794420004415e-02
-4.100554813387948666e-02
-4.008563307205548210e-01
-2.878285226968255173e-01
-9.300759689676560971e-01
-4.295412639070094185e-01
-8.931117366171633654e-01
-8.305978345399137597e-01
-7.844355214723467418e-01
-9.070696464204768272e-01
-9.421705503168410489e-01
-9.310088858796157218e-01
-8.025669025052929451e-01
-4.915877644091867782e-01
-9.214731050837589033e-01
-9.747905715943712135e-01
-5.983139531108399023e-01
-4.376871107022310414e-01
-7.543247173472440448e-01
-6.164577700244971981e-01
-4.645535203419697279e-01
-7.578451974068940444e-01
-3.689069316575355750e-01
-9.722859084212380765e-01
-6.596884615146457742e-01
-8.597798767633879624e-01
-9.184778235251969125e-01
-8.443747818651932135e-01
-9.786587654199456754e-01
-4.006422465199865890e-01
-9.647247766215449882e-02
-6.898924871528966385e-01
-9.398342403618051843e-01
-7.067362861566353072e-01
-1.973875362528358657e-01
-8.901595998567746193e-01
-9.523966915088180052e-01
-9.611946198227915295e-01
-8.168909476182998342e-01
-8.829799031006307919e-01
-9.977432108355056561e-01
-9.516367388002265892e-01
-6.532044256936063720e-01
-5.878398597883996990e-01
-5.306391156980412305e-01
-7.233173387055500392e-01
-4.090100913703846319e-01
-9.486382655699431288e-01
-8.481766931714201929e-01
-4.731877359005515760e-01
-9.311142698756218472e-01
-8.143711132465538682e-01
-9.143473591770178155e-01
-9.969137057779050570e-01
-9.337443768300243141e-01
-6.215702718455530240e-01
-6.685832941875444746e-01
-7.886694360557028327e-01
9.738736278429398485e-01
-9.824507148234655762e-01
-3.775497544426070773e-01
-7.718624321614568906e-01
-6.735391613271902722e-01
2.639871954853535430e-01
-9.827362123004593775e-01
-8.412527734125999634e-01
-9.892366306404818399e-01
-6.977949229238593620e-01
-9.510000045780632183e-01
-9.073171805863737838e-01
-3.732357460424174378e-01
-8.327786303801227863e-01
-5.288839061464397640e-01
-1.068589402107999325e-01
-8.520538084922568700e-01
-8.571918718479838439e-01
-6.702963881213555020e-01
-9.360572602086612015e-01
-8.326684095271545960e-01
-9.569856329379887727e-01
-8.107000494191369810e-01
-2.927297435765814915e-01
-6.335279656451799912e-01
-8.945136401160523887e-01
-5.815032933136136117e-01
-9.818867691680911447e-01
-9.987006070576256445e-01
-4.254560167937822546e-01
-7.009121523849356494e-01
-5.441089227878476153e-01
-7.383913049811244855e-01
-6.273504158777554185e-01
-8.906407028725266128e-01
-9.238100703973093353e-01
-8.772689090874351558e-01
-8.606402880010987078e-01
-9.461595544743311992e-01
-8.855182331028343956e-01
-8.637145308054900994e-01
-5.996975600067123713e-01
-8.752727626985418174e-01
-7.292860627594637268e-01
-3.252771834679545893e-01
-8.662218179034848475e-01
-7.547266197313042824e-01
-5.741514626102421914e-01
-7.170925962415426458e-01
-8.103524034330256143e-01
-9.785438026706939629e-01
-8.050247134239553182e-01
-6.042021758862772263e-01
-7.870205728364915165e-01
-6.535539904175310388e-01
-8.135764191935337397e-01
-3.589979170963836785e-01
-9.575703576190351951e-01
-8.135781470914986713e-01
-9.751512542436506781e-01
-8.475003533714897674e-01
-8.741888598895249940e-01
-9.712772386040205985e-01
-4.993696881077874794e-01
-8.171547091106072802e-01
-3.846973105087016509e-01
-8.372738207979972813e-01
-3.413299296653763970e-01
-7.320505254511491255e-01
-9.353748125576035743e-01
-6.975379113309758683e-01
-8.202237090744735060e-01
-6.997119607826538523e-01
-6.970126281876612984e-01
-8.982600410804540969e-01
-7.709782744338626870e-01
-9.543950079504077699e-01
-1.753105955931615612e-01
9.031474535994978847e-01
-7.508617170515932138e-01
-3.004799475468685754e-01
-8.117775857557615327e-01
-9.394954813516012138e-01
-6.075283113774582189e-01
-9.030282208607882666e-01
-9.277790755547710155e-01
-8.500075504269837268e-01
-9.057971402318093501e-01
-9.573083495141146981e-01
-5.086244060744796736e-01
-9.231528460053355367e-01
-8.343295331510809376e-01
-9.479995011979437392e-01
-6.978932909532863382e-01
-5.669272487418133277e-01
-5.940698249869594827e-01
-1.318785569788314960e-01
-6.923375826311032322e-01
-6.007122297821499979e-01
-6.978745984733581986e-01
-9.633797199623710394e-01
-8.240172590907260397e-02
-6.746109857424837930e-01
-9.713339450017622889e-01
3.480634824408851968e-01
-9.096187155320411000e-01
-9.176421864649739746e-01
-8.465101179937091214e-01
-4.355916186417223002e-01
-9.834479044316697394e-01
-9.678064138795504645e-01
-7.090799783386158017e-01
-9.555551204263338372e-01
-8.869611464799374012e-01
-9.164801238280756435e-01
-8.920505554249734681e-01
-6.623196517275069528e-01
-9.813449513651765210e-01
-6.809954820158056199e-01
-2.896258154703255649e-01
-3.573036432276267549e-01
7.773554581736026592e-02
-9.246850578295090495e-01
-5.525235241266833741e-01
-9.502113946201389272e-01
-8.192897432400051416e-01
-2.202741344248314859e-01
-5.336883726684387153e-01
-6.820115023515485042e-01
-6.929571194659535083e-01
-9.241748491345247452e-01
-5.521967461105687924e-01
-7.554639519844081885e-01
-9.577231254645548475e-01
-7.091542311015033295e-01
-8.944461282749165409e-01
-8.163072958278776436e-01
-8.574551876936017392e-01
-8.956144347847454501e-01
-8.152343713744119036e-01
-6.600729698030192161e-01
-8.649782504533427563e-01
-6.728717557354434442e-01
-9.378372956707858865e-01
-8.219078916379051192e-01
-7.408758363145556691e-01
-8.282359799265792688e-01
-3.976414466129059022e-01
-7.182149386867974217e-01
-9.556124912649061054e-01
-9.758754332093267925e-01
-9.578281214293264956e-01
-8.244710988026570098e-01
-2.078943406635870017e-01
-9.862532269142774144e-01
-8.936290448072401471e-01
-3.087809703250026239e-01
-4.494940049307222241e-01
-8.208995723654041177e-01
-9.357754217825802190e-01
-8.846634805736399709e-01
-9.536734280563202715e-01
-9.484182642205123415e-01
-5.490419211817489931e-01
-8.424898919562687771e-01
-5.323790756349933151e-01
-8.970183260544374315e-01
-6.930290708598836336e-01
-5.616450053534737252e-01
-6.150747089500255838e-01
-9.830265877341558545e-01
-5.894608074891570793e-01
-9.685221829386618797e-01
-7.433411134502491135e-01
-8.761297599093842425e-01
-4.941305204405539997e-01
-7.110623947262598721e-01
-7.081168464591172107e-01
-5.271902354840103389e-01
-7.227662804140339015e-01
-9.127748098172966396e-01
-8.804939735705128445e-01
-7.969972227034048951e-01
-8.625059331131947893e-01
-3.803179105499866486e-01
-8.451045898513809274e-01
-3.443636939723460771e-02
-5.207689349217937691e-01
-9.048739171863918740e-01
-2.922605837045562649e-01
-5.178114223880010414e-01
-4.992413296482877683e-01
-3.343043447578805671e-01
-9.937088645439726697e-01
-6.469249553413194409e-01
-7.364428428742351151e-01
-4.059964872137513114e-01
-8.726689389849815459e-01
-8.721042075310997399e-01
-9.269819099521693362e-01
-8.912865084996662857e-01
-9.888396630591655967e-01
-9.824384348260358779e-01
-7.948009205150180501e-01
-8.943456131101329420e-01
-9.797244529399351531e-01
-6.459061204599139128e-01
-5.787017888116261499e-01
-8.964752260665683758e-01
-7.110705471633144148e-01
-9.096799615371021774e-01
-9.917174199782243793e-01
-9.507134232772882498e-01
-8.337136267096096898e-01
-8.760950457595650942e-01
-6.865614281705189059e-01
-4.722097269852049140e-02
-2.512076669088307845e-01
-5.448503938112402023e-02
-8.934447413533024296e-01
-2.440890740809529003e-01
-4.831758755580152775e-01
-8.653874924698603532e-01
-6.408672578064337211e-01
-8.647808738807193363e-01
-9.985077069889107815e-01
-8.602326400489297420e-01
-8.811146613863285459e-01
-7.848143104787062008e-01
-9.787737713103714654e-01
-7.208249029641838890e-01
-8.159367941781950906e-01
-9.187863699238441040e-01
-5.975934203744837081e-01
-9.386152374479194149e-01
-9.483666268994395132e-01
-8.723378062921001153e-01
-8.583575744470693936e-01
-7.759699516369786831e-01
-9.365095879167864013e-01
-7.805276006962129642e-01
-8.060618742313264695e-01
-8.772316970072444597e-01
-3.427796577516771803e-01
-5.379804972213058090e-01
-8.014398768972528231e-01
-6.235283902850696780e-01
-6.227043697613201534e-01
-9.596799168832638172e-01
-7.082954694210386037e-01
-9.554543522381113707e-01
-7.311372857977246342e-01
-9.745831754849488826e-01
-9.398369018238910133e-01
-9.041887064164549903e-01
-9.540048253257182864e-01
-7.523987297323607715e-01
-5.646580246442736151e-01
-5.944739572589318177e-01
-5.584381668755751260e-01
-2.736794109500880201e-01
-3.074500244849401320e-01
-6.888910737457495381e-01
-9.444624994325763190e-01
-1.457653961609540472e-01
-8.696054609367562804e-01
-3.617629418327824031e-01
-8.943576949007651100e-01
-8.192652470005737930e-01
-7.846780502205016328e-01
-5.054824280724266039e-01
-6.894665481157368214e-01
-8.423980303991197571e-01
-8.293764242946503051e-01
-4.957371603258812209e-01
-9.745516529689279839e-01
-6.528055125583479557e-01
-9.909991391466725918e-01
-9.658011729693541936e-01
-7.197932239675378652e-01
-8.419760041167202447e-01
-6.368835891746342792e-01
-8.304570288510882969e-01
-7.463142841524725846e-01
-6.328322339586435197e-01
-8.990621302402616033e-01
-8.347281451118246931e-01
-8.323126857865542627e-01
-8.001714022083913358e-01
-9.499073160463584742e-01
-9.227571925877363634e-01
-9.561269041962562332e-01
-6.140019279491810700e-01
-9.788761028486443472e-01
-9.900066093743223883e-01
-8.635792150489369767e-01
-7.055763515586271906e-01
-8.887634198778902039e-01
-3.609895962413505743e-01
-8.734903537853108135e-01
-7.262284329767360047e-01
-1.306445498616835288e-01
-7.360649746437369911e-01
-5.567770631567019457e-01
-8.356906485254521622e-01
-7.762390246699379937e-01
-9.888074517279740183e-01
-7.076757808648458381e-01
-3.844916470497315442e-01
-9.353288503042689328e-01
-6.983071818484523074e-01
-9.185169137620124991e-01
-8.423268002942612132e-01
-8.711159291079476619e-01
-8.595149685919704075e-01
-8.274983662811344898e-01
-8.042130206111338664e-01
-2.000494372624173900e-01
-8.299895027722240526e-01
-9.830915910860352769e-01
-4.767785072736269725e-01
-6.770264463883813866e-01
-6.016171604018627495e-01
-8.922455383519263261e-01
-8.299135615597511562e-01
-6.765798691584868907e-01
-8.976347515931228926e-01
-9.442149133760643354e-01
-5.162741075761134724e-01
-9.588452356452368264e-01
-9.102857101658100580e-01
-5.130121307287281995e-01
-8.507100207910512912e-01
-8.830348110211839741e-01
-8.588319235631572957e-01
-9.608846531767694099e-01
-6.546015902544083387e-01
-7.000568368276621767e-01
-9.349055683394938976e-01
-8.670913324187586868e-01
-9.701625951911617696e-01
-9.994184034862312327e-01
-8.040249471222052913e-01
-6.247521299414086071e-01
-4.845121328084847634e-01
-1.697039273277727578e-01
-5.962291244064269469e-01
-8.571949998248389324e-01
-8.248830441040431172e-01
-8.729531709671404238e-01
-8.490375589107403975e-01
-8.005726418724263826e-01
-6.953531564784564134e-01
-6.955647947313032819e-01
-9.988913939563882627e-01
-8.918514134888588796e-01
-9.336128742843828876e-01
-8.625417911726419584e-01
-9.814846292828061092e-01
-7.835438602262460028e-01
-9.677539556100506202e-01
-8.964353400977479458e-01
-2.708150921503446051e-01
-9.169470533821773017e-01
-9.429135811739656203e-01
-5.505174046696312828e-01
-9.244249203148682259e-01
-4.547052631881488560e-01
-9.575587531282637732e-01
-9.950939446286100054e-01
-9.981268995352512441e-01
-8.625220318735307146e-01
-8.075617173598883536e-01
-9.810321413550783243e-01
-9.600306229840500638e-01
-6.917280811215469338e-01
-7.925730261114872777e-01
-8.869902508650345796e-01
-6.856033918454650378e-01
-5.621162180226823013e-01
-7.529792032810190827e-01
-9.668146300325179965e-01
-7.897112919078418392e-01
-8.032005924129889118e-01
-1.201244132995867020e-02
-7.741171781883936509e-01
-9.864524764438626914e-01
-6.502750115307887047e-01
-8.461656872410356911e-01
-2.083358563319062107e-01
-4.623706604173589696e-01
-8.029391306869098077e-01
-3.245616834879199164e-01
-9.370027550540427352e-01
-5.739947332207175901e-01
-9.328743693841443640e-01
-7.362958027420678508e-01
-6.008692037700769095e-01
-9.281924012356725928e-01
-7.030048371768596871e-01
-9.246963443235952651e-01
-5.048612632704938541e-01
-4.704345961160348311e-01
-9.811768419599852242e-01
-9.885577332473631795e-01
-8.111578504168440729e-01
-5.619196577310674456e-01
-8.512130904819442678e-01
-8.109418959310831232e-01
-4.878476002843262216e-01
-7.955255013019114640e-01
-9.776652364887817859e-01
-7.953799472319185160e-01
-9.116943536927297753e-01
-9.593301488979749658e-01
-8.287137129253895340e-01
-3.191113611544014184e-01
-4.957297092786153159e-01
-9.567252348468537893e-01
-8.754068034335845683e-01
-3.969453500872487939e-01
-9.407067807029925177e-01
-7.104286095466549877e-01
-9.503830316987047500e-01
-9.831296507127278428e-01
-9.030377468864996260e-01
-9.401261792563930797e-01
-9.694993090750253506e-01
-2.360942069312179856e-02
-7.543483719474315397e-01
-9.866261446343667085e-01
-8.162824017745046179e-01
-6.553854920221754421e-01
-7.980311777143880292e-01
-8.891278856015629728e-01
-8.946351244322525709e-01
-8.834984602376779739e-01
-8.429456608693185471e-01
-1.243047755722491293e-01
-5.092926626137064261e-01
-7.117607049699375965e-01
-7.670745962372966797e-01
-7.522673455031645418e-01
-7.153283284459996949e-01
-6.898072798438478204e-01
-9.413609655945895938e-01
-9.223972885995459503e-01
-9.078000251797663234e-01
-9.331309656290784904e-01
-9.223244994493597915e-01
-3.113579176886598909e-01
-6.157552357285399625e-01
-7.759630288086790673e-01
4.653968408356223274e-01
-9.345609716454023053e-01
-6.319025084313509844e-01
-6.062772426000849757e-01
-4.191775015223787593e-01
-5.071349024071035716e-01
-7.459242049938035191e-01
-8.826714592168304341e-01
-9.067950652826610725e-01
-9.706669001535508379e-01
-7.403594978188301479e-01
-8.562372155363630055e-01
-9.967209566521526565e-01
-8.637746469882008338e-01
-2.891688172131547385e-01
-9.256105412546196121e-01
-8.911862758591468925e-01
-7.373205917079124205e-01
-8.169768109129971201e-01
-9.450227156653491223e-01
-7.437821434863653991e-01
-9.917743722788019411e-01
-5.311221234725013174e-01
-4.369422643744643731e-01
-8.644020679902629511e-02
-8.961025142190311987e-01
-5.370253778820242019e-01
-7.484161791773316086e-01
-5.362667540948385936e-01
-6.082484399172176648e-01
-9.160538314489123923e-01
-9.411010255716597550e-01
-7.793740423751157609e-01
-6.703582082806431863e-01
-4.202338105603681262e-01
-9.452228676516948314e-01
-4.449160166772906377e-01
-9.342978711202216680e-01
-5.907582314836732351e-01
-9.240495186473690614e-01
-8.548951933298616357e-01
-9.722428017596049798e-01
-6.536079676972639252e-01
-4.806142392237180427e-01
-8.902709246120011910e-01
-6.682888131342971105e-01
2.510707405865020281e-02
-9.420279381252724127e-01
-5.542266460500514524e-01
7.171645685662725311e-01
-7.396957004797107826e-01
-7.667627034563958555e-01
-8.934697640061082247e-01
-6.823071013031133392e-01
-5.113123553732488169e-01
-7.823919401739241053e-01
-5.993779026827816825e-01
-6.063279541129747985e-01
-6.906288149512054275e-01
-8.699361693738110191e-01
-7.600627133493511600e-01
-6.662587103932298138e-01
-9.998932852620339151e-01
-2.621525913702932309e-01
-8.620209875454264425e-01
-5.244686964450737676e-01
-4.691492052582848515e-01
-9.647943503907577822e-01
-9.607130039912045172e-01
1.622900673383938508e-01
-3.918763641616176407e-01
-2.156470384236146842e-01
-9.946286160029574885e-01
-9.871459794805940158e-01
-9.098676917219659099e-01
-7.623724435384576781e-01
1.304365407497487250e-01
-9.537971259737171303e-01
-9.960470246660626525e-01
-9.342117609959253999e-01
-6.130938344886039948e-01
-8.323852002765633751e-01
-9.055936596185497622e-01
-5.633967690988057608e-01
-6.333615581984811671e-01
-5.384069138960931866e-01
-6.333221499881352967e-01
-1.950905104053772821e-01
-9.994168709223877345e-01
-7.725588702258429086e-01
-9.488680132493404473e-01
-7.274770190903856459e-01
-8.063866295921561234e-01
-9.753922696293126915e-01
-5.413465721093656258e-03
-7.478235434933601100e-01
-9.575231650642567205e-01
-5.098322168727168480e-01
-7.984650524179851550e-01
-8.884273726506582980e-01
-9.472910932963745090e-01
-9.446849648781898701e-01
-1.810083526241445251e-01
-8.712432918969852391e-01
-3.828514997106717277e-01
-9.080798890046039018e-01
-8.907124700864977873e-01
-9.116014511165324574e-01
-8.702923532900722625e-01
-8.962754728518333991e-01
-7.305208639264231252e-01
-9.898750774156015453e-01
-7.164173680117608134e-01
-6.190443716727402901e-01
-9.904236041631099274e-01
-8.195613412389551877e-01
-7.516225781789295235e-01
9.649423847050573322e-01
-8.388810782042369629e-01
-4.893716228628042231e-01
-9.801796562246701816e-01
-9.976518490852679388e-01
-8.194626625561058919e-01
-9.625641685988891583e-01
-8.844415900932710572e-01
-9.333877996551689371e-01
-4.589407717624640060e-01
-4.432916197742202136e-01
-7.702879548805149357e-01
-9.190108209498442093e-01
-7.700525412164227479e-01
-5.560644015934035345e-01
-7.672513845849143754e-01
-7.927408052473433608e-01
-7.997905296675842379e-01
-6.681029004164510399e-01
-5.715070232469013911e-01
-6.854070639033983392e-01
-9.296252635920918550e-01
-9.788570703031812537e-01
-9.505268364815526727e-01
-9.369127250006854535e-01
-9.966273964085535786e-01
-5.205455647900991689e-01
-8.308844766113214764e-01
-8.640975412183431459e-01
-9.561546085857568489e-01
-4.466123125441018860e-01
-8.779968911399596010e-01
-8.270509239998555806e-01
-7.767880441398246072e-01
-6.568430848050778037e-01
-9.706282381513091639e-01
-8.287796693746215526e-01
-2.384469090333736496e-01
-9.933658073629469953e-01
-9.834955367629034662e-01
-9.240222047367200320e-01
-7.675753012743500303e-01
-8.361478575610393760e-01
-9.702493494566969412e-01
-7.381495258922510239e-01
-8.785794391790829883e-01
-8.866386940435311281e-01
-9.279725725534312408e-01
-1.826667111558318290e-01
-3.530447258449718739e-01
-8.278374511193219432e-01
-5.590775168682315943e-01
-9.484807328756446054e-01
-7.892106950139530230e-01
-9.674346038064693953e-01
-6.567368989479820396e-01
-8.188462959611247927e-01
-7.329779636313149549e-01
-9.761776120911567212e-01
-9.617506659913839240e-01
-8.083674113670044070e-01
-9.239112117284555836e-01
-8.677037331908558082e-01
-9.491361845821852938e-01
-9.828999207297355323e-01
-8.838978708823738151e-01
-2.321986789407036178e-01
-6.871443909771890457e-01
-9.123365868567576698e-01
-6.218290757005501268e-01
-4.297955402709209283e-01
-7.915103629584796519e-01
-9.147114972206010775e-01
-9.162786446937772888e-01
-9.492727356894765656e-01
-7.827804335952953663e-01
-8.696722705467863079e-01
-9.670645637443947562e-01
-2.921060028841373502e-01
-9.096366921614034151e-01
-9.117298152131281253e-01
-7.375430292102360674e-01
-8.736003678947987794e-01
-7.144618909720058531e-01
-9.570439676833109033e-01
-9.741022530003206059e-01
-8.920621080948697434e-01
-9.720004908896497930e-01
-5.972449545768887536e-01
-9.585236975865497611e-01
-9.960643844131442659e-01
-9.130023686008129635e-01
-7.376398024185168989e-01
-4.223524468508774166e-01
-9.936620637919773014e-01
-4.198732453449494084e-01
-9.545080349077073034e-01
-8.181356483331114759e-01
-8.430359868329788675e-01
-9.879164121396502019e-01
-7.323525438699096668e-01
-8.264900394260050742e-01
-9.023081259213471261e-01
-9.250794649716982399e-01
-9.073398337958950011e-01
-7.306551675625794218e-02
-9.886600990118488141e-01
-9.576606794532088740e-01
-5.029567331111927109e-01
-9.788056594068563765e-01
-8.836322684598015842e-01
-8.426317371425562364e-01
-6.373600925006341900e-01
-6.533226312721496232e-01
-7.071053104528572941e-01
-7.466743824268001761e-01
-7.331413556546781951e-01
-9.679389721374699329e-01
-9.790812033670860393e-01
-9.661695774208602927e-01
-9.605104728444969764e-01
-9.435929704074126345e-01
-7.966056457317514106e-01
-7.607141385038859172e-01
-9.615903871297170058e-01
-8.634205874357807620e-01
-9.354659423709851263e-01
-7.552675568072521051e-01
-8.066847924142822590e-01
-9.068120190204498332e-01
-9.349111240536004397e-01
-5.889686091609738217e-01
-9.616566893038154262e-01
-8.743839316810554374e-01
-7.601244043313458709e-01
-9.798541508084858132e-01
-6.056201625954149570e-01
-4.486472676028472814e-03
-8.816724513938666297e-01
-5.941090823936107101e-01
9.945536510257101392e-01
-9.639942411087127905e-01
-9.823491553915494334e-01
-5.899213757381390755e-01
-8.056848835145479226e-01
-5.915793380507132770e-01
-2.974163227204882354e-01
-9.400285177170395468e-01
-9.471903539732837718e-01
-8.905734278426543638e-01
-9.691582872128466919e-01
-6.345284403866305878e-01
-8.708075072594961830e-01
-9.718936734587739767e-01
-4.635541067983093844e-01
-5.296999998580743663e-01
-3.942055973522426982e-01
-9.555291682804181175e-01
-8.343456728068090467e-01
-8.647680639857953100e-01
-8.784993557796461072e-01
-5.777590899254818613e-01
-8.802662487156646121e-01
-9.278874222203464806e-01
-9.412233198695946212e-01
-4.867287105425162630e-01
-5.098698952337958890e-01
-7.346876338688687058e-01
-7.363944034634958280e-01
-8.930758648786352172e-01
-9.871737671892697463e-01
-7.770806598165574952e-01
-5.856080335761216782e-01
-8.991869967328803837e-01
-9.241946877727414966e-01
-9.194296803116858152e-01
-9.571208094381429277e-01
-6.684193382111649484e-01
-7.219592727878587635e-01
-5.794799819582691081e-01
-7.074435567882214615e-01
-9.844609906324054416e-01
-4.674644383682582949e-01
-9.313277852260668510e-01
-6.135644760886734828e-01
-8.842638636752713222e-01
-8.241119323882616365e-01
-6.403751772124827157e-01
-7.020034275751686481e-01
-9.591936741133608724e-01
-2.614873629627639251e-01
-1.941339423657900687e-01
-7.774428242301082426e-01
-4.561536864339402753e-01
-9.223946473944852897e-01
-6.593787398330108740e-01
-7.990435556832050645e-01
-4.262501289390638881e-01
-5.040404196448470264e-01
-8.776886553391959334e-01
-6.784582430980204970e-01
-7.644342080053274646e-01
-5.199063208768870403e-01
-6.417494313072406031e-01
-8.917332080234063874e-01
-9.868305834520156861e-01
-7.519753631782719605e-01
-8.760106807038454679e-01
-8.499328277312347968e-01
-4.340821504068552716e-01
-9.449111026243601774e-01
-5.465823061843816388e-01
-9.028266215270249750e-01
-6.332006874145464925e-01
-5.684730006858728091e-01
-9.429370518438829896e-01
-7.274394518001209287e-01
-7.457319516178800844e-01
-5.297419188573374571e-01
-6.717218215067052300e-01
-8.649279556812390357e-01
-2.721339497787144679e-01
-9.772037099896776491e-01
-2.810761317364686707e-01
-9.034786466837281260e-01
-9.464060235112052855e-01
-8.897077570557679893e-01
-2.338949532132752751e-01
-5.005072732470013941e-01
-8.998480478061758880e-01
-3.328357520936536251e-01
-9.250128670314703427e-01
-8.995654610385566130e-01
-8.034675139709490654e-01
-9.935078859883171853e-01
-3.242649214746842201e-01
-7.536450665148365369e-01
-9.980218473531619061e-01
-8.347942372670438260e-01
-3.699295960310697851e-01
-7.514707757745452410e-01
-6.889196865763003164e-01
-7.326375222242103025e-01
-6.225905416538632942e-01
-9.881768903142562621e-01
-8.820997240636311298e-01
-6.843060455338305648e-01
-7.313010045836404460e-01
-5.545317202644256538e-01
-7.455033100298782411e-01
-8.466958634414378793e-01
-9.646760235528913929e-01
-7.710522095842718970e-01
-7.346224037423583209e-01
-9.930702620834773731e-01
-8.716165084113789430e-01
-9.989124350134452879e-01
-9.677231526599801015e-01
-6.916666089157385011e-01
-1.903033282935780446e-01
-8.779301678667651432e-01
1.169350627367248853e-02
-8.907019936652028624e-01
-8.998472462247818493e-01
-9.992806029939411694e-01
-8.887852519971949361e-01
-6.605961446493336942e-01
-8.798503876926342393e-01
-8.183357873510820335e-01
-4.033489825068383161e-01
-9.857021121968609911e-01
-6.982907131219856511e-01
-9.369134032306895010e-01
-8.747518135761658264e-01
-8.266213731654712404e-01
-8.849560188020494378e-01
-4.156967554464822134e-01
-8.420114290395581680e-01
-7.337300495950807022e-01
-6.761781045990805650e-01
-4.944780042424449795e-01
-2.649908205048326915e-01
-5.277749680740629890e-01
-2.425392998352928209e-01
-9.227875536345211405e-01
-5.040648623835568554e-01
-7.025502557798662950e-01
-6.877963869938796826e-01
-8.402191842274373546e-01
-6.742474797505570994e-01
-5.047373265616951210e-01
-7.436210161816846076e-02
-8.468522652042154153e-01
-6.658334952338005319e-01
-9.826506998955412131e-01
-9.336092005373118896e-01
-6.677660951629600383e-01
-8.459450682373514940e-01
-8.432720335470884621e-01
-9.423101740549413297e-01
-8.763651693657226183e-01
-8.273092292887328503e-01
-1.961355685669187721e-01
-7.018974664535622132e-01
-9.763824571208361558e-01
-6.359351471462810768e-01
-9.117699414978738259e-01
-7.168975734878072492e-01
-9.350734443759014525e-01
-8.175439622665144901e-01
-9.446690631826861750e-01
-5.461183178373097968e-01
-7.534522020930474184e-01
-8.739973438693261487e-01
-6.712096397989190111e-01
-7.698145263909611513e-01
-6.908422401364939791e-01
-9.262518777011274906e-01
-7.432649997365754491e-01
-9.723412462199509942e-01
-9.371328295160070709e-01
-4.358863072173665421e-01
-9.304820533727289344e-01
-8.599627596251184780e-01
-6.332809742567863109e-01
-8.228423661426461644e-01
-8.105584205674378762e-01
-8.227962956208045853e-01
-8.389360593607551042e-01
-3.565209018520076878e-01
-4.535220188544455411e-01
-4.769435744795513243e-01
-1.684819497488307394e-02
-9.419412098108834730e-01
-8.398871692261880018e-01
-9.415405656271370605e-01
-9.577203225932867658e-01
-8.186547874320765361e-01
-8.060430012160875179e-01
-9.981500188463466872e-01
-7.402382718979436671e-01
-9.092564953904785918e-01
-9.990666979409692505e-01
-9.132906887313524402e-01
-9.690794090655776571e-01
-9.522133791406642844e-01
-7.703782341447558135e-01
-7.291877828031315678e-01
-7.527968356628985669e-01
-9.353508699925386916e-01
-5.620159829693691655e-01
-5.343891110137525269e-01
-9.116880058673944021e-01
-6.757051254086248182e-01
-7.148973991481275547e-01
-9.786077669980607352e-01
-9.725114256083641218e-01
-8.879552335097682381e-01
-7.270539653607059893e-01
-3.027770537305989884e-01
-5.792735492276390730e-01
-6.500032191251741143e-01
-6.130931230881215416e-02
-8.093235678453140070e-01
-2.983350398251684299e-02
-7.879967738399823451e-01
-7.826260156506255061e-01
-8.146457591343113647e-01
-2.844834443174987237e-01
-7.028092506208138968e-01
-9.386567349620261735e-01
-8.823965866947743875e-01
-9.165110442307087268e-01
-9.858036430804522077e-01
-5.282438778310893923e-01
-5.727342984997577657e-01
-9.922961231126633530e-01
-5.768013795118924758e-01
-9.627051060823708095e-01
-5.748031780274538427e-01
-9.773276764173560727e-01
-7.913034015845941127e-01
-7.119933452337622315e-01
-9.065427440539334247e-01
-9.314040832262587832e-01
-9.698101659175599742e-01
-8.717162248304479721e-01
-8.540425187146742925e-01
-9.360564131890040107e-01
-9.230284822628547214e-01
-8.685768429476790065e-01
-6.061954154878015366e-01
-9.767822850847033278e-01
-6.620837184966745781e-01
-4.499349847607156394e-01
-9.684394368290862865e-01
-7.297961094323823783e-01
-9.720240296832743931e-01
-9.602203283080783525e-01
-7.273493711721908950e-01
-5.372562149782283969e-01
-9.032993650813958553e-01
-9.818751289843624663e-01
-4.468394574490210380e-01
-9.146553165101276583e-01
-9.774771911922384149e-01
-9.426752094941631688e-01
-4.393467727274598111e-01
-9.805568156543537084e-01
-9.873798740726174028e-01
-2.520661503578366935e-01
-9.071491944614901159e-01
-7.713049000963413393e-01
-3.861084080043561406e-01
-8.327689062311380841e-01
-8.266193372592651745e-01
-9.319203472464832050e-01
-7.808897075987888403e-01
-9.654510321194399447e-01
-6.468356144686622233e-01
-4.589418233619161902e-01
-8.660282992246848277e-01
-4.491624724854476614e-01
-9.597295412610058474e-01
-7.279650422588622716e-01
-9.470270560267994853e-01
-8.696027251921095713e-01
-9.871474484692612794e-01
-6.933300708418460578e-01
-7.855438970705751478e-01
-6.201649016120819313e-01
-8.332028194513469987e-01
-9.598488952590918943e-01
-7.182860168454020533e-01
-5.806077793451990265e-01
-7.545339055099903325e-01
-7.765951479037999095e-01
-7.217387900686169644e-01
-4.439493475190005034e-01
-6.153614566665297492e-01
-7.270361361366105557e-01
-8.976598407220348630e-01
-9.054997553597111670e-01
-6.717193571059131285e-01
-9.851338166559522325e-01
-8.402111256998835431e-01
-9.400300192519692732e-01
-9.303621569175735129e-01
-9.630553934592424037e-01
-9.491499793924318418e-01
-5.887050353600830066e-01
-7.113996367275779997e-01
-9.788412468605209860e-01
-8.343988756520812622e-01
-9.175090431223253962e-01
-6.013913291195973621e-01
-2.365745899660567642e-01
-9.679680945829702843e-01
-2.837560686001768251e-01
-8.775647841570098917e-01
-7.309625647454475184e-01
-9.319827573456563874e-01
-7.466448838025273593e-01
-7.455674530069783534e-01
-7.934838647523743127e-01
-8.844481547342841754e-01
-6.913084219452265700e-01
-9.896469223312209795e-01
-7.853077603540205009e-01
-9.826604280752943010e-01
-9.545270483383506699e-01
-1.659807802084644346e-01
-5.338414169750147487e-01
-6.526337477413830523e-01
-8.211819492596817982e-01
-8.390875550151952744e-01
-8.630929548808581320e-01
-6.556174979935919245e-01
-6.632596621951545313e-01
-9.539720849429517147e-01
-8.786263558039266730e-01
-8.659567936730930837e-01
-8.610311197092449520e-01
-6.489095970413966130e-01
-9.290022607823049672e-01
-7.146331437384885188e-01
-7.599952976364942048e-01
-2.728362151066441102e-02
-9.414116036603402682e-01
-9.184001379915139873e-01
-8.676958407072850044e-01
-6.724292147102004513e-01
-8.952374431126950416e-01
-2.114221618113492351e-01
-5.224639212988319015e-01
-9.593784130407266852e-01
-9.300497471227737734e-01
-7.180834625347201072e-01
-7.484721783461847355e-01
-7.070453841034961551e-01
-8.087641235775587800e-01
-9.485500361558349969e-01
-7.708837492977437256e-01
-6.479926210009897547e-01
-8.983016919457029736e-01
-6.216450845103071998e-01
-5.016527362768403719e-01
-9.829291045156042239e-01
-8.784017375110635406e-01
-9.685197395014526478e-01
-5.110780937440737581e-01
-9.647149575165548940e-01
-9.316921474431352213e-01
-9.389419668245800876e-01
-9.559952704116491118e-01
-5.134246520992317153e-01
-4.943908263915099410e-01
-9.495864943414779047e-01
-9.745932751207810885e-01
-7.474091105485587416e-01
-7.135797142161550699e-01
-7.465689447745175178e-01
-8.963167057311511865e-01
-8.402562058007738699e-01
-9.578023043703579598e-01
-8.099371274947122501e-01
-9.950914762473809239e-01
-5.797601727380996550e-01
-9.916583611684803845e-01
-6.477834400084874211e-01
-9.849007221319998617e-01
-7.758594813719539296e-01
-4.772169569268021605e-01
-8.755637162889335912e-01
-9.352689542289470692e-01
-7.430086068620859185e-01
-5.297325249568054506e-01
-4.903954912484164153e-01
-8.434600745792458776e-01
-8.386566384494946735e-01
-4.496386055672356719e-01
-7.580696453021593673e-01
-6.594438599056613448e-01
-6.406649539312833097e-01
-8.564415576058170831e-01
-7.663043630935206796e-01
-7.267563442166641297e-01
-4.873875919552548286e-01
-9.368183301927694995e-01
-9.907305564373443119e-01
-9.337800692389836010e-01
-6.729987323815140865e-01
-2.365891396868751440e-01
-8.584519741934433235e-01
-8.511062297403544363e-01
-6.097392537791063161e-01
-8.984796680083698694e-01
-9.150478271648242456e-01
-6.639971498786028103e-01
-6.532847269741289820e-01
-4.146933373693373892e-01
-9.646626448806029375e-01
-5.962604515017289053e-01
-5.119118810520910390e-02
-8.692482959599622250e-01
-8.557247815278649083e-01
-8.198114930506164022e-01
-8.578529197915426563e-01
-6.536878338390121890e-01
-6.768101015101392059e-01
-8.218533785338010267e-01
-8.489212204450962140e-01
-9.894450655868225475e-01
-9.234958995046453900e-01
-5.191920532543421452e-01
-8.487887814204719827e-01
-9.168418369154514025e-01
-6.804298633358806248e-01
-6.960043876778244654e-01
-3.843535345897279298e-01
-9.289255039856877394e-01
-4.434292961810724076e-01
-5.999094958340154271e-01
-9.591860396338702799e-01
-7.469288283871018397e-01
-9.316022641128186565e-01
-3.984765295486034642e-01
-8.069442257131451690e-01
-8.407165774327443053e-01
-8.898185033342774775e-01
-8.831485338040371280e-01
-9.883855524765045031e-01
-9.341623803528589232e-01
-9.680634696270018491e-01
-8.381096265074569063e-01
-7.653292219178711164e-01
-7.110571808842334196e-01
-8.859545567472358885e-01
-8.097624236845243351e-01
-8.949773684901494164e-01
-7.446837878115670772e-01
-9.508768346104500280e-01
-5.701204876267415012e-01
-8.788593677774316770e-01
-1.994784781578890775e-01
-9.140113739830557638e-01
-4.018023819678953057e-01
-9.928977725167016377e-01
-8.574617576777495698e-01
-9.232685756468732574e-01
-8.905521077825889753e-01
-8.713448615994870972e-01
-9.229082483880197696e-01
-9.815454351340386907e-01
-9.741052657498724399e-01
-6.225251762879403516e-01
-8.281634771889168078e-01
-9.960906959065615185e-01
-8.871795956087864532e-01
-9.918884702258700115e-01
-9.500987342476602260e-01
-9.406433072950816099e-01
-8.862896412260089507e-01
-9.499603963772276227e-01
-7.078608879900517570e-01
-5.532569827191615719e-01
-9.930187379368743406e-01
-9.902437301833910688e-01
-7.931253518025020988e-01
-7.665957093677783218e-01
-7.844475619711468450e-01
-9.016538670663235555e-01
-9.046303059082418940e-01
-6.623846045323020792e-01
-9.701206526130949914e-01
-6.625786469726845374e-01
-6.603678367340469757e-01
-7.587254714206157491e-01
-8.647226815585787874e-01
-8.754835807933319947e-01
-6.832746924178109138e-01
-6.185625693151557414e-01
-8.006279106141279689e-01
-7.256772911015790806e-01
-9.943265090429312947e-01
-5.811978725191196959e-01
-9.544613563833920233e-01
-8.476498454472957134e-01
-8.513692335925806542e-01
-8.427396033857870172e-01
-7.175374533954159695e-01
-9.419075614459452295e-01
-7.104706766202015800e-01
-4.766921450944479610e-01
-7.316972111833029979e-01
-6.984583365485828033e-01
-8.284441577712782223e-01
-8.772033932210344664e-01
-8.965659695715780808e-01
-7.263040760774538418e-01
-8.654770634316012456e-01
-8.396303355356813380e-01
-9.615434127182602708e-01
-6.113640553262116306e-01
-9.709180596230557736e-01
-7.058138553508644941e-01
-8.734391367922341720e-01
-8.584960141419772928e-01
-8.328073565301127301e-01
-9.795834823171665207e-01
-8.673711706734212878e-01
-7.614606447222153074e-01
-9.411731986445205367e-01
3.494763121182753451e-01
-8.024842714856494919e-01
-9.013323798426468025e-01
-6.629110482136311155e-01
-7.746540520547566810e-01
-5.623230088247151981e-01
-7.691849948765309142e-01
-9.501377640279566883e-01
-6.826621990228777526e-02
-9.123683129564407190e-01
-9.741550687843806289e-01
-7.128723401663676906e-01
-9.625701086088790381e-01
-8.109081447564858713e-01
-8.435486336535014118e-01
-8.526910136287029207e-01
-9.937807570891912246e-01
-9.762180078877114031e-01
-8.509168781837149753e-01
-9.361546468072140526e-01
-6.700203956484679368e-01
-9.820617803069187080e-01
-8.930226245220660442e-01
-8.514857964863072892e-01
-8.085507194543231080e-01
-5.880638711517846007e-01
-5.954673693895123909e-01
-8.345458216316616884e-01
-1.100609920452692292e-01
-7.660161665998878044e-01
-7.320076290066482860e-01
-5.967354268790707739e-01
-8.406278674750929936e-01
-7.834506936801819421e-01
-5.700058370147488285e-01
-8.795750002553679447e-01
-7.803390250273489759e-01
-9.363553150897874211e-01
-9.604221610516429086e-01
-8.493919462281434019e-01
-4.386475859165617219e-01
3.376564344961485026e-02
-9.401978135162254446e-01
-9.561455514531833622e-01
-8.226735714451415271e-01
-8.389670654514259640e-01
-9.841398012529730677e-01
-8.438942556656895411e-01
-7.355170400535445685e-01
-9.744786252762953627e-01
-2.934966471907322072e-01
-4.343103205761034702e-01
-8.079210291459848481e-01
-7.441539091989144428e-01
-8.442481771485969011e-01
-4.490525573327655562e-01
-7.034246472084296764e-01
-6.128339069884892742e-01
-9.105942582860784285e-01
-5.321821823940845464e-01
-8.938785863989511249e-01
-4.400525316477411075e-01
-7.790446337548836420e-01
-6.580488927689730483e-01
-9.505067718067153892e-01
-8.380317716563966401e-01
-3.837194852181047833e-01
-8.958846044576225243e-01
-9.435679502777633010e-01
-4.035231784619687789e-01
-9.964575647340758735e-01
-5.687844711181796464e-01
-9.251121750653358289e-01
-8.420865872373740624e-01
-9.792578811171052111e-01
-9.558714364177717249e-01
-1.880528187856106148e-01
-1.704098524925467817e-01
-7.934909330168404828e-01
-9.049628029900667059e-01
-8.267391124861672713e-01
-8.826974343996312200e-01
-8.662178880664792580e-01
-8.872113014403462117e-01
-8.107584341325009269e-01
-5.392491617681982596e-01
-5.900948932429027627e-01
-7.595627877904143066e-01
-4.519957195774902403e-01
-8.808643563048846881e-01
-9.804762177773015397e-01
-7.427629331402483270e-01
-9.276493296275770684e-01
-8.136322536055846655e-01
-7.057911860807037918e-01
-9.795749385270353660e-01
-9.550141131949977380e-01
-7.793505778846824272e-01
-7.669088193708198942e-01
-9.934983729511545070e-01
-9.190221304441406058e-01
-9.475083945235701632e-01
-9.126541669863394990e-01
-6.237994317199029304e-01
-9.385358699208004030e-01
-9.984391753362890087e-01
-8.817136795932487559e-01
-9.877864970969627567e-01
-9.167948183535191697e-01
-8.464244003209138167e-01
-9.619613769479059551e-01
-9.893464525958139966e-01
-9.936591054927044198e-01
-9.686037355904247859e-01
-8.684305090990721565e-01
-7.219356871947959498e-01
-9.268373001590095583e-01
-8.407862689209067986e-01
-6.838152957292467637e-02
-7.004249810207694438e-01
-1.369584625950990842e-01
-9.405902403831931657e-01
-6.291511810894891976e-01
-5.274229328366147884e-01
-9.626894262193645968e-01
-7.217872021447211406e-01
-7.133815893904408290e-01
-8.238897485267141496e-01
-8.241749410596100889e-01
-9.418163501865149945e-01
-8.878262288228845334e-01
-8.500279984888086116e-01
-9.166996682794781304e-01
-8.844541879034472087e-01
-7.031947688378730188e-01
-9.776218705529508002e-01
-5.900250950409615669e-01
-9.816651592940043303e-01
-5.674276496773652534e-01
-8.125288575494551413e-01
-7.901245504107410333e-01
-7.843724847150623791e-01
-8.639801212605491276e-01
-7.901503196158017328e-01
7.579408378233294663e-02
-7.978120548522411593e-01
-7.418779865541466068e-01
-8.792832516106793284e-01
-1.690690004026360882e-01
-7.291853383052236959e-01
-6.788527716863472783e-01
-3.526029156727261693e-01
-7.673405468609938440e-01
-7.380750310436687833e-01
-9.481273677343746709e-01
-9.041296000335237171e-01
-3.606605084114805626e-01
-8.499400233140765870e-01
-9.453800879565926740e-01
-9.713228586330643344e-01
-8.566240172621545357e-01
-8.193409078400110124e-01
-9.632938852164391053e-01
-8.964283714209096976e-01
-9.336497370149915431e-01
-4.378642422321664118e-01
-8.588255447854117319e-01
-7.759744479365904279e-01
-8.478097155296324683e-01
-4.942964521252174448e-01
-6.765735480981093231e-01
-6.769775694876882799e-01
2.352238792934506495e-01
-8.448480096175986498e-01
-5.601771922620347732e-01
-5.930280036702694213e-01
-1.576113381856226181e-01
-4.065708687206129879e-01
-9.661809801757254013e-01
-9.568084162560303030e-01
-9.558391754971257148e-01
-9.991555940273983971e-01
-8.205206030823967156e-01
-6.275970263985019004e-01
-9.377935645686432675e-01
-7.625682616389041213e-01
-3.816069539562456647e-01
-7.836520471696981627e-01
-5.351185225151113833e-01
-8.436915033506057204e-01
-5.939269193880973852e-01
-8.833371117879802725e-02
-8.615245150772934402e-01
-3.287623233318582305e-01
-5.290840735947736073e-01
-8.531666078924597940e-01
-9.561663933422678285e-01
-7.379915620907431251e-01
-5.948719258734047610e-01
-9.617013569683405816e-01
3.861601585591757924e-01
-8.408000823187478101e-01
-8.683404378843507798e-01
-9.520041976577892084e-01
-9.539641930362171562e-01
-7.205790176545604497e-01
-9.300708409612801209e-01
-7.715516745748116634e-01
-8.331234061087682274e-01
-4.643473805572089774e-01
-9.672773327010927291e-01
-9.548794596681162705e-01
-3.091373456046339618e-01
-5.954948616753423796e-01
-8.568751054201458883e-01
-6.759602597013210090e-01
-8.497230689129952053e-01
-6.926976578976445920e-01
-7.617269929795038585e-01
-8.867180256310688291e-01
-6.862996383954433899e-01
-7.186913101230499867e-01
-9.902309397274701164e-01
-6.790674046784780371e-01
-6.614416432946320645e-01
-8.178840756266506640e-01
-8.989749233756090252e-01
-8.063917940314893062e-01
-8.183062214046568084e-01
-6.272634821265304916e-01
-9.974906824627161051e-01
-4.718295000296829911e-01
-8.124876928154218803e-01
-5.506933118568143604e-01
-8.503514437730923525e-01
-6.770644766927613745e-01
-7.827258252821089890e-01
-8.924441139413394342e-02
-5.409211417945558598e-01
-6.260165463735983815e-01
-5.475635370851702488e-01
-8.927162163678682427e-01
-9.447111258945006806e-01
-8.923165054578436894e-01
-5.970771009553258457e-01
-7.185157432197402105e-01
-5.790432493194973551e-01
-6.207649816824146738e-01
-6.491687806286184914e-01
-8.268781165753498197e-01
-9.180002925964823035e-01
-6.805763253245024069e-01
-5.322611715452888470e-01
-4.629923238712248534e-01
5.977561124256111080e-01
-9.132441737393025560e-01
-9.615637113133294056e-01
-8.538458214770988652e-01
-8.870650065475419455e-01
-9.399727378959286117e-01
-6.609222322488428336e-01
-7.938991172025495757e-01
-9.912736705966789241e-01
-9.952610450855217117e-01
-7.900926280006913549e-01
-3.800138522208736935e-01
-7.851122705728710294e-01
-7.574071321973764315e-01
-8.032772127292380215e-01
-6.624041677741490108e-01
-7.231094618726093826e-01
-7.261770940650014161e-01
-4.471608589895517682e-01
-9.027248330782905450e-01
-7.091677875851164492e-01
-9.756666640708880900e-01
-8.859504611787167860e-01
-6.261861922539899705e-01
-7.697676608049958125e-01
-8.588753204931344198e-01
-9.796253559104164399e-01
-8.616576863111268247e-01
-7.827281534038587063e-01
-8.479161269978453541e-01
-7.971494835211712093e-01
-8.457943586304752515e-01
-8.140127681405043836e-01
-8.653468780049169418e-01
-9.568622001105748787e-01
-8.847200054422149629e-01
-5.865209744342650966e-01
-9.307924820944085686e-01
-4.861232235545464575e-01
-3.753005518561483012e-01
-8.807593048468000951e-01
-9.331032980827153045e-01
-8.114457860189137062e-01
-7.672782498044163901e-01
-8.982572713812270182e-01
-7.785432326950247894e-01
-3.289698093176411375e-01
-9.280645406814410636e-01
-8.490804290961586620e-01
-7.135802867074561018e-01
-8.025888394800876346e-01
-8.480890707343672341e-01
-8.842202580501746789e-01
-8.814730627115864303e-01
-4.780612871694576160e-01
-7.348670586900960533e-01
-9.718993056657534435e-01
-7.053455655824135695e-01
-9.820631280433680388e-01
-6.697209084757971276e-01
-9.755008256905398634e-01
-6.460166186560326596e-01
-8.814960594481183742e-01
-9.691073109294898735e-01
-8.738309283003200534e-01
-6.855361872240909316e-01
-6.492112139463744880e-01
-3.093579338280981750e-01
-9.338473744445396907e-01
-4.428672622734797226e-01
-7.737847799192424381e-01
-9.636218619388356998e-01
-8.582147542355703651e-01
-7.470224299801934142e-01
-7.312355445263361009e-01
-7.993520642712276247e-01
-7.720846845109909928e-01
-8.722583728335371323e-01
-6.440173906460607833e-01
-6.137738567864352568e-01
-8.691969672399690872e-01
-3.372512245489369120e-01
-9.605680258828099838e-01
-9.904363943188301267e-01
-9.050978062450446560e-01
-9.087810103555479246e-01
-9.695833228647753321e-01
-9.164859171141236382e-01
-8.741057904850731974e-01
-8.513123354639620111e-01
-5.655448759778823886e-01
-9.496192931329924258e-01
-7.987536922054440103e-01
-7.101611569436840909e-01
-9.482901805778430893e-01
-6.880350210597043770e-01
-4.606321569828903950e-01
-5.407700912467169330e-01
-9.935537538982982531e-01
-9.071246461512515458e-01
-9.095091946599178634e-01
-1.141804977089959788e-01
-8.377142926797900291e-01
6.082630614755389908e-01
-7.877359235879226596e-01
-9.322537878166524683e-01
-3.362255379425495017e-01
-6.485120741529163402e-01
-7.945015682820905090e-01
-9.022719453341153661e-01
-8.784115252674543628e-01
-9.420126062046687565e-01
-7.681120393395940438e-01
-9.518988074150275258e-01
-4.337518232100028848e-01
-9.586998365351984130e-01
-9.980921912371060190e-01
-7.277699097763981051e-01
-8.762063894188005797e-01
-5.939959380708693670e-01
-7.689206160490489328e-01
-9.441065109907119668e-01
-8.205046255463195326e-01
-7.436336989236187467e-01
-5.958988299458095605e-01
3.879007742394960934e-01
-9.475203705959827083e-01
-9.696874214118631485e-01
-9.486725983063415413e-01
-5.540494215540666678e-01
-7.755079056204965404e-01
-5.418787459406537721e-01
-9.875999799722176009e-01
-5.553663571402571719e-01
-8.263500014863692789e-01
-4.252912568995910192e-01
-4.350544741911739344e-01
-5.914965746186685858e-02
-3.897720887083324648e-01
-6.360709069720109632e-01
-9.065691777353932501e-01
-9.550481449424390590e-01
-7.631289726780202676e-01
-8.098411595726745515e-01
-6.369642626095114446e-01
-9.688919728945648568e-01
-3.369770082909976372e-01
-3.854058872793102442e-01
-7.940489086143620590e-01
-9.381667091591250340e-01
-3.924391646370190556e-01
-5.708612876058117847e-01
-2.850624935264538529e-01
-9.062983927541643503e-01
-8.640041022605832177e-01
-6.831868764229207525e-01
-7.516345073769329366e-01
-6.572187162125656679e-01
-9.324842894315873432e-01
-8.684920252454005896e-01
-7.507506760169370130e-01
-9.509677974981838311e-01
-8.013555920963446599e-01
-4.384360109593822830e-01
-5.638503603095772199e-02
-7.903281961301900083e-01
-9.351574707507697148e-01
-9.574739635737243848e-01
-8.484264434504557029e-01
-7.719057304554414189e-01
-9.983759970472108058e-01
-6.927523999282236833e-01
-4.833256868991724908e-01
-3.862844527678771511e-01
-7.251174542912114385e-01
-8.588220674672096822e-01
-9.312867830964038918e-01
-9.341015350317566357e-01
-1.211245964960625809e-01
-7.517334331762651756e-01
-9.617131520092762065e-01
-9.533003645732929243e-01
-9.485682917403662762e-01
-9.756699015312311207e-01
-5.910465459912539465e-01
-9.941365239500412621e-01
-9.682730564420528596e-01
-9.622589704525517096e-01
-8.153548488654159820e-01
-7.787868108204512030e-01
-9.687744933594890639e-01
-9.946801496354668037e-01
-9.149679123433527295e-01
-8.602218601458611058e-01
-9.625538185335524854e-01
-8.769916004463746972e-01
-9.157229294036410838e-01
-5.023370751178649618e-01
-7.768034028283810066e-01
-8.617107528464413857e-01
-9.082797380774823015e-01
-4.168122021804929744e-01
-5.015583170819639669e-01
-8.629039591470978321e-01
-5.150198786106464643e-01
-6.678675294188888278e-01
-7.475458273090185290e-01
-7.127615004882369432e-01
-7.556622485460291472e-01
-6.134788001299908977e-01
-8.210847426189286091e-01
-4.387077999036260723e-01
-9.852490129599027480e-01
-8.808308606100287985e-01
-7.774598577768743191e-01
-3.794613352089324931e-01
-8.884508042855883136e-01
-2.336699115826769146e-01
-7.812064610864711822e-01
-9.868322312288776432e-01
-6.556153175213347284e-01
-9.072038523528835885e-01
-5.070738134636746386e-01
-5.552007676253274404e-01
-4.433052508204736730e-01
-5.730413586652197688e-01
-9.882578836056746807e-01
-9.407191473850075036e-01
-8.658083182787165155e-01
-5.879384635682336491e-01
-9.123639470519858685e-01
-9.665692003753089123e-01
-9.141417741294456389e-01
-9.643031003382348532e-01
-8.626911634450462607e-01
-9.474599270714552102e-01
-9.244395460313710178e-01
-9.221321441883103542e-01
-7.037242402742417413e-01
-8.868680849346224360e-01
-6.619197417690332319e-01
-9.096887980741029667e-01
-9.109238034234131698e-01
-9.813163233846190492e-01
-7.760617106787045527e-01
-8.627379517243684015e-01
-4.372938990283899985e-01
-9.921934069205823326e-01
-5.331830381755282566e-01
-9.003686509408469485e-01
-9.631688196685719294e-01
-9.769444973932774889e-01
-7.729977621271785226e-01
-9.988908338237774132e-01
-7.359946432203126054e-01
-9.645913042316860420e-01
-5.047695890144761055e-01
-9.496098939624461055e-01
-5.863233090937141068e-01
-5.753412026026331061e-01
-9.832907288936070245e-01
-4.678724334616785607e-01
-6.561850483240221354e-01
-9.791512305652260162e-01
-9.045398352273253950e-01
-6.282234481056608866e-01
-9.816934209100243169e-01
-8.963642038320929206e-01
-9.460650702680130086e-01
-5.708036864016109435e-01
-8.893628573249094948e-01
-8.911315129044466987e-01
-9.180144812012520639e-01
-8.333927507833835957e-01
-3.457639365927369646e-01
-8.011850616908654521e-01
-4.532738536124465978e-01
-9.992877384319457379e-01
-6.858099712747217636e-01
-7.244510307571594421e-01
-4.940581376419699855e-01
-6.486278174890542925e-01
-5.803103961492419582e-01
-9.558241325762539820e-01
-8.172885040898760778e-01
-8.475818506505737870e-01
-9.919666649201647202e-01
-9.899188127998073128e-01
-9.930396502821259297e-01
-9.678796885673998096e-01
-5.477058715555194190e-01
-9.869219210981851065e-01
-8.653811325722533532e-01
-9.036740840457764268e-01
-9.645052303250031267e-01
-4.173547235920466725e-01
-8.594647622833728740e-01
-8.067220511867302379e-01
-8.651191684023936679e-01
-5.293342572682808722e-01
-8.013629583845005566e-01
-8.006527265100150670e-01
-9.545225152182753581e-01
-1.514608834115258595e-01
-9.855767458256674551e-01
-8.625807398428469996e-01
-8.686174033974540798e-01
-8.613417850622351324e-01
-5.247897541448279801e-01
-8.854454156100819429e-01
-6.413705538745568813e-01
-6.580048369611540826e-01
-7.555694396687810954e-01
-6.838682109919043128e-01
-3.918970966979834492e-01
-7.855862280531050734e-01
-7.569654589594408955e-01
-3.722535608580646582e-01
-7.607457494502669615e-01
3.182366341648087266e-02
-8.796645426422345926e-01
-5.729503364036802049e-01
-4.803569643924859300e-01
-9.090885108338698783e-01
-8.786175074068307556e-01
-9.330538410988549192e-01
-7.126719231882060468e-01
-9.408936825466276410e-01
-5.406175529049912498e-01
-8.200012194198446069e-01
-5.751223908559844888e-01
-6.550998960524792025e-01
-8.921300030906229583e-01
-9.140158075795016268e-01
-2.024402422410070124e-01
-9.499380314456087326e-01
-7.507034529704921244e-01
-8.104940881013251719e-01
-9.962506648954279065e-01
-8.974560259789733374e-01
-5.601009923901673071e-01
-3.500809626581317113e-01
-4.350906634146423091e-01
-5.020067621740718078e-01
-6.008421146311021532e-01
-9.246674649746913222e-01
-8.494949890224690048e-01
-9.736021977137462313e-01
-8.565207546762076962e-01
-7.384230236187138141e-01
-9.763364463496224666e-01
-9.656846746241121160e-01
-7.602169858514800094e-01
-7.567241854223321074e-01
-7.607445797433715073e-01
-9.937360753322859175e-01
-9.159128913969907249e-01
-7.642466156814550216e-01
-8.933932726763401666e-01
-8.280649471516616789e-01
-9.653079216554613096e-01
-7.873662506950116491e-01
-4.013515799197574507e-01
-7.301879810044891173e-01
-9.724000197042265148e-01
-6.710329387882223440e-01
-6.983520680646693179e-01
-9.491548527409003899e-01
-7.877338349191832512e-01
-6.494462944531788073e-01
-9.891005841794497933e-01
-3.098664044952691432e-01
-8.041684669857194212e-01
-9.201539294153013859e-01
-5.424418099336951737e-01
-8.789202480370018611e-01
-8.602233135299011124e-01
-7.073036930782080622e-01
-1.229373771125668036e-01
-5.054865205014610341e-01
-8.093791318453612549e-01
-8.566343868576313803e-01
-5.044359167481640149e-01
-6.497063036487303878e-01
-9.450527813757439999e-01
-8.839547301929242540e-01
-8.682709121154015275e-01
-6.476873579465283193e-01
-9.181880425394317591e-01
-7.281732891151965203e-01
-6.484056629873191646e-01
-8.542530208897154420e-01
-7.163506804009418527e-01
-1.881712489313686620e-01
-8.922416028271347166e-01
-7.829072268689400982e-01
-9.648237613338825902e-01
-7.541792810784915257e-01
-7.887944322741453629e-01
-9.272567969597219628e-01
-6.407300219396432350e-01
-9.990512989151500989e-01
-9.067124148446856768e-01
-6.579326621095671346e-01
-6.605659893821272943e-01
-8.388110932073645776e-01
-9.032719863029987639e-01
-7.955326969132792136e-01
-8.956850889537701921e-01
-1.498083080583596238e-01
-8.967285400768759684e-01
-6.187590633889895608e-01
-7.710356555334003659e-01
-8.964706457516639082e-01
-6.176736135104258230e-01
-8.744369084024206096e-01
-5.597800628920337473e-01
-8.612342035895658166e-01
-8.399031947962876110e-01
-8.370046731789100303e-01
-8.211322347239427555e-02
-6.230294030369781799e-01
-9.553742473255829593e-01
-6.794030682500709073e-01
-9.884922889431458914e-01
-9.425483009277669799e-01
-9.554031929063040440e-01
-5.055047754968261531e-01
-7.409682716080761011e-01
-6.309106731335272222e-01
-4.135704156955289923e-01
-7.092179966451163109e-01
-7.725050990038418997e-01
-9.704131533041502333e-01
-6.374179071594638923e-01
-5.632425809421144347e-01
-9.266068077886497889e-01
-5.042141453494016767e-01
-6.872486875338796875e-01
-8.203744308358511539e-01
-7.423753571298377096e-01
-8.636320384008552287e-01
-9.405270392091177323e-01
-9.083653113067022833e-01
-2.440498890240688223e-01
-8.880236885389698465e-01
-8.207818943121650834e-01
-7.294346028267869597e-01
-8.877013324162050800e-01
-9.550740387899316897e-01
-6.476925860324933559e-01
-4.957001261443259033e-01
9.144177916264540906e-01
-8.146140887612821624e-01
-9.782694688555676477e-01
-9.331832322970163851e-01
-7.902111312671007415e-01
-8.888277351369489043e-01
-7.439683916851019818e-01
-8.144966807461221370e-01
-8.128312255920739915e-01
-7.716014170843994435e-01
-8.696233163540402211e-01
-9.582034301992834457e-01
-3.563454450491322367e-01
-6.027777350913091636e-01
-8.865594282186194386e-01
-9.865303435701312518e-01
-6.005713804945722600e-01
-9.843864592660550583e-01
-5.642861916912745857e-01
-8.197662954494238097e-01
-9.027792213570486890e-01
-9.899870947011008004e-01
-8.552195092538773524e-01
-1.551044641331378870e-01
-8.637461062836944148e-01
-7.435533712553331620e-01
-8.170256800247244211e-01
-9.607518542139683593e-01
-9.564034400751122433e-01
-7.427971160111557225e-01
-9.979390916719025340e-01
-6.002581246817859650e-01
-6.727252344142141682e-01
-8.101458744913082599e-01
-2.394810890040822149e-01
-7.980240157214094632e-01
-7.469862732306241648e-01
-8.002721989406977876e-01
-6.141139183363043541e-01
-7.153006249921171067e-01
-8.877461119226411901e-01
-8.503931061808956970e-01
-6.773818959411723739e-01
-6.649842743192669881e-01
-5.083552466100219602e-01
-9.349653803304680544e-01
-5.963910405692078864e-01
-3.785084424428868943e-01
-9.776849267086394901e-01
-9.533615991206535467e-01
-8.767227116720484048e-01
-9.008087347992532745e-01
-7.268562225180141834e-01
-5.032730921647612377e-01
-5.449555309396106884e-01
-9.888308268449809146e-01
-9.261032496970426076e-01
-9.869411565547993037e-01
-4.125355426947780457e-01
-6.528470991157129255e-01
6.061180048952364424e-02
-2.572868460972104754e-01
-9.534047496744938455e-01
-8.903712084124272286e-01
-7.554931346269837533e-01
-8.838784682741102072e-01
-8.312630791957982268e-01
-8.639970438257150720e-01
-7.752458599029273811e-01
-9.750723303280480758e-01
-5.441559581200611229e-01
-5.865694704183499475e-01
-5.939439151463266064e-01
-3.364891142232592225e-01
-8.867677685319587111e-01
-6.354884780485136053e-01
-7.905949283794638793e-01
-3.445707177538948618e-01
-8.231010098262194763e-01
-9.664924475623852818e-01
-8.956514156353823086e-01
-6.805640097783191012e-01
-8.009115447370594998e-01
-8.785267905920914888e-01
-7.376429489941552786e-01
-5.775812769716878181e-01
-7.587144478109181245e-01
-8.705633346737253753e-01
-9.398745128168872753e-01
-8.369740714631057621e-01
-7.892752080449317864e-01
-9.286073316244282116e-01
-8.346259413510984659e-01
-7.916614015732287291e-01
-9.419817849143113930e-01
-4.659094683994152164e-01
-4.313799792597012295e-01
2.444561978603053687e-01
-7.973204601429826344e-01
-8.143738287354179706e-01
-6.940674974076418424e-01
-4.655389233995492204e-01
-9.449057704389755008e-01
-7.602360794387507115e-01
-7.871120531680115828e-01
-6.212286262868027542e-01
-8.844509939198790249e-01
-9.917443912717631704e-01
-5.761048696588124685e-01
-7.933232008504621513e-01
-7.355778046522757352e-01
-4.109659293214786846e-01
-7.687609060279132489e-01
-9.463097448218485974e-01
-8.721446706013822325e-01
-8.940472433045341116e-01
-8.359113178573930325e-01
-8.451933356695899846e-01
-8.685060197099190304e-01
-2.388182536881711671e-01
-7.093199576282720464e-01
-2.279394147302108709e-01
-5.863480422918112556e-01
9.562476265304488132e-01
-5.898292633922691541e-01
-9.830175743547204803e-01
-9.746445074101433015e-01
-8.590071127703711173e-01
-8.632738648959750183e-01
-7.504262567508619419e-01
-9.553398344496150107e-01
-2.795074146688137917e-01
-8.865554858449549158e-01
-8.881700775645919865e-01
-9.722547704666451018e-01
-4.023011138446710988e-01
-9.298425603719682186e-01
-7.949781983849074640e-01
-7.228334335020371038e-01
-7.740213228171100024e-01
-9.952132476664006244e-01
-4.723117158799657322e-01
-6.150147183095379111e-01
-9.250261646299814400e-01
-4.307777346940879770e-01
-9.284978199726580117e-01
-2.601968833881919685e-01
-9.185343445872975465e-01
-5.916191210099996933e-01
-6.749338447343066205e-01
-9.139053434978045010e-01
-5.331562076817493168e-01
-4.382604547610324808e-01
-2.619475920577018502e-01
-9.279275118126322219e-01
-9.274210531677415936e-01
-9.456150712423695426e-01
-7.648110899673516982e-01
-9.741938118646968903e-01
-9.524889550901236568e-01
-5.013290641888997756e-01
-9.764806246192949679e-01
8.277216094700994287e-01
-6.653446554648740907e-01
-4.287922349838067526e-01
-4.894946807362868801e-01
-6.300725025965941972e-01
-5.232973450068879595e-01
-8.944661735527918989e-01
-9.716766143043299442e-01
-8.137789627695442007e-01
-8.261830008620589805e-01
-9.600461756279592418e-01
-8.598913110308963326e-01
-7.751525897513549257e-01
-7.086704993003785091e-01
-8.854344426766266318e-01
-9.047884128074478172e-01
-6.776699122517135798e-01
-6.106182361785783552e-01
-8.746417180070344966e-01
-6.010869024359336565e-01
-9.455463761983695647e-01
-8.847769497871377231e-01
-8.353574635286313832e-01
-7.124420905703076068e-01
-7.992868998272564252e-01
-9.369127953789835317e-01
-7.775406575813282872e-01
-6.314584025117478960e-01
-8.084825378960581732e-01
-6.440592544235036465e-01
-9.334975738405691947e-01
-9.828495432124886300e-01
-4.916856098643294648e-01
-8.527328871834248813e-01
-6.478387195148932465e-01
-6.900739186745397102e-01
-8.843091361329508127e-01
-3.137073293499578197e-01
-8.724166347234563190e-01
-9.035876702477009248e-01
-8.619282842732175487e-01
-9.485829913982046779e-01
-9.092639018258737993e-01
-9.500067347976840493e-01
-6.974682742843640870e-01
-7.527127825155458529e-01
-8.066205033125012358e-01
-9.485072132576755077e-01
-9.204533497120996888e-01
-7.658488018574141076e-01
-9.973215014598841854e-01
-3.867200016723984501e-01
-9.489463888524461987e-01
-9.841256059048207883e-01
-7.460871088509235527e-01
-7.242640845867416299e-01
-5.345032409792128680e-01
-9.382304365437657001e-01
-8.135413170696048635e-01
-8.436142001748334618e-01
-6.167928907504880431e-01
-7.886998592439979916e-01
-7.035143611068583880e-01
-3.596434176554691442e-01
-2.447200329857737444e-01
-7.755862282936618612e-01
-7.042659636269351653e-01
-5.983893684774990174e-01
-9.754079728161970664e-01
-7.053513059476085312e-01
-6.553590211830754297e-01
-5.925781118680127912e-01
-9.754288089311907717e-01
-6.791582769372142003e-01
-4.753742195952272431e-01
-3.412393382317884805e-01
5.322151878831880012e-01
-2.794129222843104721e-01
-9.577105513576609219e-01
-3.226683018559561855e-01
-4.892648810352449029e-01
-9.827763008179094539e-01
-8.348444500108225252e-01
-9.302006357733452191e-01
-9.552059530102771090e-01
-9.987680468182691396e-01
-9.862138712601310475e-01
-6.847356520713376860e-01
-6.996763300919168760e-01
-6.768610647271708913e-01
-9.716683846649584178e-01
-8.096114248887129605e-01
-9.567799167728460175e-01
-4.879691310862523113e-02
-9.803087708180693305e-01
-5.716186573917207969e-01
-3.901313638579547161e-01
-9.487521668746580206e-01
-8.093416829037810567e-01
-6.261854164497347996e-01
-8.915365936664664259e-01
-7.363774247608340096e-01
-6.639883403781116078e-01
-8.664756553039749676e-01
-3.652373090775398734e-01
-7.796305088831088081e-01
-6.930457588246785594e-01
-9.298339812218544553e-01
-9.717333760376850593e-01
-4.693203798326318621e-01
-5.060773526361128649e-01
-9.213114822422221462e-01
-6.469832988951947916e-01
-8.925270017756743446e-01
-2.042760578978580210e-01
-7.041313720855282288e-01
-3.135153381917055726e-01
-9.947058456998920661e-01
-9.731832587582842642e-01
-9.444733173109391977e-01
-1.197254177041862933e-01
-9.492949479011953962e-01
-5.899383659057165774e-01
-8.294836877301843270e-01
-9.804292753395882354e-01
-9.750106853590227995e-01
-6.392849828568692994e-01
-8.986227634468884062e-01
-9.780864532715211057e-01
-8.581477553780619827e-01
-2.661981904125029774e-01
-8.776024804617348352e-01
-7.191685628200975566e-01
-6.845012833828655330e-01
-9.249037758390526998e-01
-7.704049382214174235e-01
-5.832578391471776591e-01
-9.604323385291221316e-01
-6.991290643003191807e-01
-6.817681949369522876e-01
-6.961045942008176057e-01
-9.097122799506026647e-01
-7.293844233413596667e-01
-8.026098202848529484e-01
-8.256216835686417399e-01
-6.952336543996416873e-01
-8.669564805407579122e-01
-9.004072367622266704e-01
-9.843069255376448723e-01
-9.124442722524830351e-01
-8.843270529264741775e-01
-7.491632162380285065e-01
-8.470431119772243722e-01
-8.594719501220302593e-01
-8.044977696989741300e-01
-8.573280744897454619e-01
-8.854368555500303772e-01
-4.694812020145716080e-01
-6.306837645071277088e-01
-7.833746767637600472e-01
-9.341657978511159754e-01
-8.850793670262627755e-01
-9.163007224958970021e-01
-5.174394016188981205e-01
-9.606277650836130277e-01
-6.135578931994661867e-01
1.927605443766941540e-01
-9.589477902543489529e-01
-8.501036522994593891e-01
-9.601516223734077871e-01
-6.746011527000564945e-01
-8.676250357687588233e-01
-8.313436448888344987e-01
-6.218298674950486493e-01
-8.897213690397400843e-01
-7.293813958608980075e-01
-8.691341764706110862e-01
-9.796707425899057187e-01
-7.849630665159753606e-01
-8.512864882726778326e-01
-9.527751078175955568e-01
-8.538238714199202217e-01
-9.957945941661877631e-01
-6.680366685901464319e-01
-8.443447742978489323e-01
-3.995709201618850570e-01
-9.882438963913366958e-01
-6.973101193187301039e-01
-3.888722894750084591e-01
-9.729155188444924551e-01
-9.387979876813226099e-01
-5.576082211533663902e-01
-9.825328140556611745e-01
-3.534736609057237411e-01
-9.369330093100275425e-01
-3.282329270756297879e-01
-4.062273120305106011e-01
-9.076617591868995083e-01
-9.473474457932206105e-01
-9.773304594764731235e-01
-6.847674378137550422e-01
1.204786338288504066e-01
-6.345153687631641670e-01
-9.691538205822741725e-01
-9.995464543072029029e-01
-6.224571071331551630e-01
-6.093120692813547290e-01
-8.576816213761279117e-01
-2.923370330320222976e-01
-9.988751758041656270e-01
-5.534635427727944146e-01
-9.270949369433544307e-01
-4.998062317770141649e-01
-6.595970171125156156e-01
-6.980873062438597287e-01
-9.782146391593972146e-01
-6.179987462995846226e-01
-8.134448394237349111e-01
-5.244793719360729689e-01
-6.143494562594928876e-01
-7.389522076776920967e-01
-6.581811240565674792e-01
-8.726384253689807302e-01
-9.174468737117793538e-01
-8.462422230907697962e-01
-6.470412645816946418e-01
-8.619714267013163234e-01
-6.740843607993174391e-01
-3.943493824987516772e-01
-9.360233631753173134e-01
-7.181422982906288111e-01
-8.719176880069978708e-01
-9.348211345103938363e-01
-9.434370385910496593e-01
-9.089507491124620975e-01
-7.327283592721104410e-01
-7.712177503186499194e-01
-6.930184353172996747e-01
-8.943010342795594259e-01
-7.169228792235733394e-01
-9.844207951498087361e-01
-8.039633894665622060e-01
-9.371695273315685526e-01
-7.132626704374535054e-01
-9.292898646669444096e-01
-7.184980994479150951e-01
-9.573615377787411118e-01
-4.987417473993533967e-01
-9.612297613396204587e-01
-9.706201276250555621e-01
-7.143296785777896174e-01
-5.293335791720145123e-01
-8.481686532850963856e-01
-6.145679250389907144e-01
-7.098086024377524561e-01
-8.189491112416639185e-01
2.077904776479114479e-01
-9.664240389604972226e-01
-6.794285254668842589e-01
-9.392895868779902457e-01
-3.771152872380983956e-01
-8.131462127866302403e-01
-5.544892382704953437e-01
-7.749635286685964131e-01
-9.704574679362159007e-01
-8.701363334409959460e-01
-8.712414071763897594e-01
-7.052661530809097856e-01
-7.272960569707171974e-01
-7.952883014478985546e-02
-7.668508244935680063e-01
-5.802314530484266042e-01
-7.397338510009926482e-01
-7.790026557222532455e-01
-7.172489279071289081e-01
-8.862702853531490010e-01
-9.697194035834975079e-01
-9.199606598987311035e-01
-6.311362994927313119e-01
-8.043394422540406374e-01
-4.246127866520219007e-01
-8.163300036233817059e-01
-6.650257548046581979e-01
-8.680141718519419625e-01
-9.522281915777938144e-01
-9.751164656228827887e-01
-9.671220934909257050e-01
-1.353222929421948884e-01
-7.897541057747194948e-01
-9.459572963574376381e-01
-1.900186222322657326e-01
-9.617806118324842002e-01
-6.896359695073256413e-01
-9.824243505588441394e-01
-3.875333809019163023e-01
-8.451839082075162102e-01
-9.229749621378062763e-01
-7.131120080417352458e-01
-4.145055206930326475e-01
-9.758556604605705953e-01
-6.669940816307515785e-01
-7.442090813694779428e-01
-6.674646083099122773e-01
-6.096103967507446875e-01
-3.664401590045130996e-01
-8.375428313847724793e-01
-9.459984708225761540e-01
-1.063787058265588253e-01
-3.900807503667650389e-01
-5.551203976198734180e-01
-8.875900842396873269e-01
-8.792135665939562195e-01
-8.324178056129089009e-01
-8.060291753320225627e-02
-4.361574475866427658e-01
-8.080445994622021955e-01
-7.289177628792790076e-01
-8.417081136995361312e-01
-7.264633769307915490e-01
-3.111615639354317064e-01
-9.413616382588219089e-01
-9.257637869140016296e-01
-7.859039694765603823e-01
-7.564051258329569372e-01
-5.031450681477653841e-01
-2.716611306057561959e-01
-8.813806452959981330e-01
-3.693450079880092884e-01
-5.938500588506264721e-01
-7.791511928780362473e-01
-3.358776082831208543e-01
-9.309494334661428949e-01
-7.903129441598502058e-01
-5.937212725740341757e-01
-8.625030188767208728e-01
-7.429674177394123280e-01
-8.154212439991391781e-01
-7.672705167982857288e-01
-8.804133668597295959e-01
-5.129063255408266020e-01
-9.745616160176272524e-01
-8.908494997081604083e-01
-8.925110621893365126e-01
-5.098180391402818978e-01
-6.617346400743638890e-01
-8.687074864348863779e-01
-2.971083418368381523e-01
-8.678818004667724351e-01
-5.767487875113757045e-01
-8.810979309749151778e-01
-6.027908904858252370e-01
-4.585623220408135414e-01
-8.738370947836866520e-01
-8.774510068613048386e-01
-9.473971479059766221e-01
-6.170636153988627859e-01
-9.790457920453069507e-01
-4.433963292112544363e-01
-6.621569861282230463e-01
-8.017426990221049321e-01
-9.494458251332615895e-01
-8.734440757024299895e-01
-9.696398100477330306e-01
-9.639681838129355862e-01
-9.680920129261634255e-01
-6.799828498448176051e-01
-9.876991683306851622e-01
-6.584104123153701194e-01
-6.312521761475782256e-01
-3.165050926102419004e-01
-9.976467653114645673e-01
-9.450233051039309551e-01
-9.126987770631908026e-01
-8.421829386910670845e-01
-5.494206511033215001e-01
-6.089637967840670907e-01
-9.224044589916450265e-01
-6.330325597010363348e-01
-8.180610662423533075e-01
-6.443978038090301119e-01
-8.005948271517834280e-01
-7.056379043036294929e-01
-8.618057795374651775e-01
-7.968764667163482640e-01
-4.779966369635413881e-01
-9.862358958425387900e-01
-2.526576081575600541e-01
-5.992898237976038850e-02
-8.751065730920767338e-01
-7.974807259728080577e-01
-7.760708756501025762e-01
-9.876976832582896604e-01
-4.864587743511762929e-01
-9.634427151946616252e-01
-8.833835770324899306e-01
-7.494748975114812195e-01
-7.479346040703306331e-01
-8.547895848165246724e-01
-6.868740380127222878e-01
-7.456148235044641748e-01
-4.345075479081569325e-01
-7.337835467133880796e-01
-8.439104826851742125e-01
-9.799051620419396702e-01
-9.320599921870457161e-01
-9.640521736341944870e-01
-8.615324764546922198e-01
-9.769970966868153361e-01
-7.517694583636038708e-01
-4.884848287794865684e-01
-7.516042808833834910e-01
-9.687548510651704525e-01
-9.914768477905557820e-01
-6.566704905084437272e-01
-9.054443873719315583e-01
-9.667257236777830887e-01
-9.591518663205629291e-01
-5.126644659433461371e-01
-6.758925611035105918e-01
-9.701450643970798149e-01
-6.472699258042710069e-01
-9.807310434445288827e-01
-9.689479134900280677e-01
-8.387727361810988214e-01
-9.444975839871170287e-01
-9.293135787340697229e-01
-9.916648084529204876e-01
-8.769568887513229383e-01
-9.394675902646296706e-01
-5.526589460697862721e-01
-8.983893068399476656e-01
-7.717491006348939919e-01
-9.555546066572484509e-01
-8.536614282505757823e-01
-9.100280806800028488e-01
-6.214864156925986594e-01
-8.092635132505274775e-01
-8.425646434611788749e-01
-9.300863798987407671e-01
-6.694299108488522831e-01
-8.870951535001175836e-01
-8.302155972174167786e-01
-8.441548176619936283e-01
-5.625349440850082594e-01
-9.990836794446309455e-01
-8.138956991137592523e-01
-2.049099615192191970e-01
-8.001219340667626856e-01
-7.980851365221641736e-01
-6.327732974628887952e-01
-9.742145561770745310e-01
-7.847939902937166590e-01
-8.093010413594572405e-01
-4.735427351822105724e-01
-7.941234592290141725e-01
-8.248787838437026121e-01
-7.313043839280485292e-01
-4.452496335888887491e-01
-9.987958504156294604e-01
-7.726391730901224220e-01
-8.401687410225971986e-01
-2.592159224776683923e-01
-9.735230551515388076e-01
-5.523461467150158066e-01
-8.407619867981738215e-01
-8.672486838549006150e-01
-9.993356758820277630e-01
-9.014186409986848503e-01
-9.603379628152947101e-01
-9.445156140834778391e-01
-9.322598253299206883e-01
-7.823608384810528671e-01
1.544333026553470212e-01
-8.606824858305648362e-01
-9.895370193905841383e-01
-6.594071454895175100e-01
-9.242121509521560307e-01
-5.340803202152488716e-01
-9.382744335309046724e-01
-2.832156322215972216e-02
-8.599655293851643512e-01
-4.732295202874858830e-01
6.504615159972951810e-01
-9.971710363350827500e-01
-9.699022185826096099e-01
-7.243139005324903401e-01
-8.384031827288298544e-01
-8.707843362191853842e-01
-9.619291617474117206e-01
-8.892327900763503656e-01
-9.325688508331648752e-01
-7.708568634195664959e-01
-8.006652200029638067e-01
-8.837470956979037728e-01
5.849213386520107916e-01
-9.028866177334665677e-01
-4.580838405290864057e-01
-9.279385308501467700e-01
-9.361137421455619778e-01
-9.153163332739813196e-01
-7.949601509568710034e-01
-8.486327143270213647e-01
-8.154260462208668958e-01
-9.734735537840338848e-01
-9.665708364713909706e-01
-5.466388903746753902e-01
1.008026733035253045e-02
-4.756148352956080516e-01
-9.143506991232914771e-01
-5.245700682194838205e-01
-4.363199518275301392e-01
-7.047402447566774031e-01
-9.014069623031938372e-01
-5.001605458701109397e-01
-7.573866472001274941e-01
-8.935553249948162691e-01
-2.058083856778602783e-01
-9.097492986055165654e-01
-8.239704393700598706e-01
-3.327118598220202283e-01
-6.519045260007036990e-01
-2.799037518505834710e-01
-9.613767813584875865e-01
-4.684405446970110742e-01
-6.711825228926698861e-01
-7.168629151477962091e-01
-5.829702245118711934e-01
-9.496298738935302630e-01
-9.090923635046254114e-01
-8.946183929875420882e-01
-8.951733575546927391e-01
-5.755445134424825859e-01
-8.476561113282450322e-01
-3.714587255075607053e-01
-9.351381890966421473e-01
-2.993155384344010628e-01
-8.013503696091018869e-01
